[290, 290, 290, 290, 290] [310, 290, 270, 250, 230] [439, 384] 5 0
[290, 290, 290, 290, 290] [330, 310, 290, 270, 250] [439, 384] 5 0
[290, 290, 290, 290, 290] [350, 330, 310, 290, 270] [439, 384] 5 0
[310, 290, 290, 290, 290] [350, 350, 330, 310, 290] [439, 384] 5 1
[310, 310, 290, 290, 290] [370, 350, 350, 330, 310] [439, 384] 5 0
[330, 310, 310, 290, 290] [370, 370, 350, 350, 330] [439, 384] 5 1
[350, 330, 310, 310, 290] [370, 370, 370, 350, 350] [439, 384] 5 1
[370, 350, 330, 310, 310] [370, 370, 370, 370, 350] [439, 384] 5 1
[390, 370, 350, 330, 310] [370, 370, 370, 370, 370] [439, 384] 5 1
[410, 390, 370, 350, 330] [370, 370, 370, 370, 370] [439, 384] 5 1
[430, 410, 390, 370, 350] [370, 370, 370, 370, 370] [439, 384] 5 1
[450, 430, 410, 390, 370, 350] [370, 370, 370, 370, 370, 370] [416, 522] 6 1
[450, 450, 430, 410, 390, 370] [350, 370, 370, 370, 370, 370] [416, 522] 6 2
[450, 450, 450, 430, 410, 390] [330, 350, 370, 370, 370, 370] [416, 522] 6 2
[430, 450, 450, 450, 430, 410] [330, 330, 350, 370, 370, 370] [416, 522] 6 3
[410, 430, 450, 450, 450, 430] [330, 330, 330, 350, 370, 370] [416, 522] 6 3
[390, 410, 430, 450, 450, 450] [330, 330, 330, 330, 350, 370] [416, 522] 6 3
[390, 390, 410, 430, 450, 450] [350, 330, 330, 330, 330, 350] [416, 522] 6 0
[390, 390, 390, 410, 430, 450] [370, 350, 330, 330, 330, 330] [416, 522] 6 0
[390, 390, 390, 390, 410, 430] [390, 370, 350, 330, 330, 330] [416, 522] 6 0
[390, 390, 390, 390, 390, 410] [410, 390, 370, 350, 330, 330] [416, 522] 6 0
[390, 390, 390, 390, 390, 390] [430, 410, 390, 370, 350, 330] [416, 522] 6 0
[390, 390, 390, 390, 390, 390] [450, 430, 410, 390, 370, 350] [416, 522] 6 0
[390, 390, 390, 390, 390, 390] [470, 450, 430, 410, 390, 370] [416, 522] 6 0
[390, 390, 390, 390, 390, 390] [490, 470, 450, 430, 410, 390] [416, 522] 6 0
[390, 390, 390, 390, 390, 390] [510, 490, 470, 450, 430, 410] [416, 522] 6 0
[410, 390, 390, 390, 390, 390] [510, 510, 490, 470, 450, 430] [416, 522] 6 1
[430, 410, 390, 390, 390, 390, 390] [510, 510, 510, 490, 470, 450, 430] [162, 212] 7 1
[430, 430, 410, 390, 390, 390, 390] [490, 510, 510, 510, 490, 470, 450] [162, 212] 7 2
[430, 430, 430, 410, 390, 390, 390] [470, 490, 510, 510, 510, 490, 470] [162, 212] 7 2
[430, 430, 430, 430, 410, 390, 390] [450, 470, 490, 510, 510, 510, 490] [162, 212] 7 2
[430, 430, 430, 430, 430, 410, 390] [430, 450, 470, 490, 510, 510, 510] [162, 212] 7 2
[430, 430, 430, 430, 430, 430, 410] [410, 430, 450, 470, 490, 510, 510] [162, 212] 7 2
[430, 430, 430, 430, 430, 430, 430] [390, 410, 430, 450, 470, 490, 510] [162, 212] 7 2
[430, 430, 430, 430, 430, 430, 430] [370, 390, 410, 430, 450, 470, 490] [162, 212] 7 2
[430, 430, 430, 430, 430, 430, 430] [350, 370, 390, 410, 430, 450, 470] [162, 212] 7 2
[430, 430, 430, 430, 430, 430, 430] [330, 350, 370, 390, 410, 430, 450] [162, 212] 7 2
[430, 430, 430, 430, 430, 430, 430] [310, 330, 350, 370, 390, 410, 430] [162, 212] 7 2
[430, 430, 430, 430, 430, 430, 430] [290, 310, 330, 350, 370, 390, 410] [162, 212] 7 2
[430, 430, 430, 430, 430, 430, 430] [270, 290, 310, 330, 350, 370, 390] [162, 212] 7 2
[430, 430, 430, 430, 430, 430, 430] [250, 270, 290, 310, 330, 350, 370] [162, 212] 7 2
[430, 430, 430, 430, 430, 430, 430] [230, 250, 270, 290, 310, 330, 350] [162, 212] 7 2
[430, 430, 430, 430, 430, 430, 430] [210, 230, 250, 270, 290, 310, 330] [162, 212] 7 2
[410, 430, 430, 430, 430, 430, 430] [210, 210, 230, 250, 270, 290, 310] [162, 212] 7 3
[390, 410, 430, 430, 430, 430, 430] [210, 210, 210, 230, 250, 270, 290] [162, 212] 7 3
[370, 390, 410, 430, 430, 430, 430] [210, 210, 210, 210, 230, 250, 270] [162, 212] 7 3
[350, 370, 390, 410, 430, 430, 430] [210, 210, 210, 210, 210, 230, 250] [162, 212] 7 3
[330, 350, 370, 390, 410, 430, 430] [210, 210, 210, 210, 210, 210, 230] [162, 212] 7 3
[310, 330, 350, 370, 390, 410, 430] [210, 210, 210, 210, 210, 210, 210] [162, 212] 7 3
[290, 310, 330, 350, 370, 390, 410] [210, 210, 210, 210, 210, 210, 210] [162, 212] 7 3
[270, 290, 310, 330, 350, 370, 390] [210, 210, 210, 210, 210, 210, 210] [162, 212] 7 3
[250, 270, 290, 310, 330, 350, 370] [210, 210, 210, 210, 210, 210, 210] [162, 212] 7 3
[230, 250, 270, 290, 310, 330, 350] [210, 210, 210, 210, 210, 210, 210] [162, 212] 7 3
[210, 230, 250, 270, 290, 310, 330] [210, 210, 210, 210, 210, 210, 210] [162, 212] 7 3
[190, 210, 230, 250, 270, 290, 310] [210, 210, 210, 210, 210, 210, 210] [162, 212] 7 3
[170, 190, 210, 230, 250, 270, 290] [210, 210, 210, 210, 210, 210, 210] [162, 212] 7 3
[150, 170, 190, 210, 230, 250, 270, 290] [210, 210, 210, 210, 210, 210, 210, 210] [103, 522] 8 3
[150, 150, 170, 190, 210, 230, 250, 270] [230, 210, 210, 210, 210, 210, 210, 210] [103, 522] 8 0
[130, 150, 150, 170, 190, 210, 230, 250] [230, 230, 210, 210, 210, 210, 210, 210] [103, 522] 8 3
[110, 130, 150, 150, 170, 190, 210, 230] [230, 230, 230, 210, 210, 210, 210, 210] [103, 522] 8 3
[110, 110, 130, 150, 150, 170, 190, 210] [250, 230, 230, 230, 210, 210, 210, 210] [103, 522] 8 0
[90, 110, 110, 130, 150, 150, 170, 190] [250, 250, 230, 230, 230, 210, 210, 210] [103, 522] 8 3
[90, 90, 110, 110, 130, 150, 150, 170] [270, 250, 250, 230, 230, 230, 210, 210] [103, 522] 8 0
[90, 90, 90, 110, 110, 130, 150, 150] [290, 270, 250, 250, 230, 230, 230, 210] [103, 522] 8 0
[90, 90, 90, 90, 110, 110, 130, 150] [310, 290, 270, 250, 250, 230, 230, 230] [103, 522] 8 0
[90, 90, 90, 90, 90, 110, 110, 130] [330, 310, 290, 270, 250, 250, 230, 230] [103, 522] 8 0
[90, 90, 90, 90, 90, 90, 110, 110] [350, 330, 310, 290, 270, 250, 250, 230] [103, 522] 8 0
[90, 90, 90, 90, 90, 90, 90, 110] [370, 350, 330, 310, 290, 270, 250, 250] [103, 522] 8 0
[90, 90, 90, 90, 90, 90, 90, 90] [390, 370, 350, 330, 310, 290, 270, 250] [103, 522] 8 0
[90, 90, 90, 90, 90, 90, 90, 90] [410, 390, 370, 350, 330, 310, 290, 270] [103, 522] 8 0
[90, 90, 90, 90, 90, 90, 90, 90] [430, 410, 390, 370, 350, 330, 310, 290] [103, 522] 8 0
[90, 90, 90, 90, 90, 90, 90, 90] [450, 430, 410, 390, 370, 350, 330, 310] [103, 522] 8 0
[90, 90, 90, 90, 90, 90, 90, 90] [470, 450, 430, 410, 390, 370, 350, 330] [103, 522] 8 0
[90, 90, 90, 90, 90, 90, 90, 90] [490, 470, 450, 430, 410, 390, 370, 350] [103, 522] 8 0
[90, 90, 90, 90, 90, 90, 90, 90] [510, 490, 470, 450, 430, 410, 390, 370] [103, 522] 8 0
[90, 90, 90, 90, 90, 90, 90, 90, 90] [530, 510, 490, 470, 450, 430, 410, 390, 370] [456, 496] 9 0
[110, 90, 90, 90, 90, 90, 90, 90, 90] [530, 530, 510, 490, 470, 450, 430, 410, 390] [456, 496] 9 1
[130, 110, 90, 90, 90, 90, 90, 90, 90] [530, 530, 530, 510, 490, 470, 450, 430, 410] [456, 496] 9 1
[150, 130, 110, 90, 90, 90, 90, 90, 90] [530, 530, 530, 530, 510, 490, 470, 450, 430] [456, 496] 9 1
[170, 150, 130, 110, 90, 90, 90, 90, 90] [530, 530, 530, 530, 530, 510, 490, 470, 450] [456, 496] 9 1
[190, 170, 150, 130, 110, 90, 90, 90, 90] [530, 530, 530, 530, 530, 530, 510, 490, 470] [456, 496] 9 1
[210, 190, 170, 150, 130, 110, 90, 90, 90] [530, 530, 530, 530, 530, 530, 530, 510, 490] [456, 496] 9 1
[230, 210, 190, 170, 150, 130, 110, 90, 90] [530, 530, 530, 530, 530, 530, 530, 530, 510] [456, 496] 9 1
[250, 230, 210, 190, 170, 150, 130, 110, 90] [530, 530, 530, 530, 530, 530, 530, 530, 530] [456, 496] 9 1
[270, 250, 230, 210, 190, 170, 150, 130, 110] [530, 530, 530, 530, 530, 530, 530, 530, 530] [456, 496] 9 1
[290, 270, 250, 230, 210, 190, 170, 150, 130] [530, 530, 530, 530, 530, 530, 530, 530, 530] [456, 496] 9 1
[310, 290, 270, 250, 230, 210, 190, 170, 150] [530, 530, 530, 530, 530, 530, 530, 530, 530] [456, 496] 9 1
[330, 310, 290, 270, 250, 230, 210, 190, 170] [530, 530, 530, 530, 530, 530, 530, 530, 530] [456, 496] 9 1
[350, 330, 310, 290, 270, 250, 230, 210, 190] [530, 530, 530, 530, 530, 530, 530, 530, 530] [456, 496] 9 1
[370, 350, 330, 310, 290, 270, 250, 230, 210] [530, 530, 530, 530, 530, 530, 530, 530, 530] [456, 496] 9 1
[390, 370, 350, 330, 310, 290, 270, 250, 230] [530, 530, 530, 530, 530, 530, 530, 530, 530] [456, 496] 9 1
[410, 390, 370, 350, 330, 310, 290, 270, 250] [530, 530, 530, 530, 530, 530, 530, 530, 530] [456, 496] 9 1
[430, 410, 390, 370, 350, 330, 310, 290, 270] [530, 530, 530, 530, 530, 530, 530, 530, 530] [456, 496] 9 1
[450, 430, 410, 390, 370, 350, 330, 310, 290] [530, 530, 530, 530, 530, 530, 530, 530, 530] [456, 496] 9 1
[450, 450, 430, 410, 390, 370, 350, 330, 310] [510, 530, 530, 530, 530, 530, 530, 530, 530] [456, 496] 9 2
[450, 450, 450, 430, 410, 390, 370, 350, 330] [490, 510, 530, 530, 530, 530, 530, 530, 530] [456, 496] 9 2
[450, 450, 450, 450, 430, 410, 390, 370, 350, 330] [470, 490, 510, 530, 530, 530, 530, 530, 530, 530] [496, 81] 10 2
[450, 450, 450, 450, 450, 430, 410, 390, 370, 350] [450, 470, 490, 510, 530, 530, 530, 530, 530, 530] [496, 81] 10 2
[470, 450, 450, 450, 450, 450, 430, 410, 390, 370] [450, 450, 470, 490, 510, 530, 530, 530, 530, 530] [496, 81] 10 1
[490, 470, 450, 450, 450, 450, 450, 430, 410, 390] [450, 450, 450, 470, 490, 510, 530, 530, 530, 530] [496, 81] 10 1
[510, 490, 470, 450, 450, 450, 450, 450, 430, 410] [450, 450, 450, 450, 470, 490, 510, 530, 530, 530] [496, 81] 10 1
[510, 510, 490, 470, 450, 450, 450, 450, 450, 430] [430, 450, 450, 450, 450, 470, 490, 510, 530, 530] [496, 81] 10 2
[510, 510, 510, 490, 470, 450, 450, 450, 450, 450] [410, 430, 450, 450, 450, 450, 470, 490, 510, 530] [496, 81] 10 2
[510, 510, 510, 510, 490, 470, 450, 450, 450, 450] [390, 410, 430, 450, 450, 450, 450, 470, 490, 510] [496, 81] 10 2
[510, 510, 510, 510, 510, 490, 470, 450, 450, 450] [370, 390, 410, 430, 450, 450, 450, 450, 470, 490] [496, 81] 10 2
[510, 510, 510, 510, 510, 510, 490, 470, 450, 450] [350, 370, 390, 410, 430, 450, 450, 450, 450, 470] [496, 81] 10 2
[510, 510, 510, 510, 510, 510, 510, 490, 470, 450] [330, 350, 370, 390, 410, 430, 450, 450, 450, 450] [496, 81] 10 2
[510, 510, 510, 510, 510, 510, 510, 510, 490, 470] [310, 330, 350, 370, 390, 410, 430, 450, 450, 450] [496, 81] 10 2
[510, 510, 510, 510, 510, 510, 510, 510, 510, 490] [290, 310, 330, 350, 370, 390, 410, 430, 450, 450] [496, 81] 10 2
[510, 510, 510, 510, 510, 510, 510, 510, 510, 510] [270, 290, 310, 330, 350, 370, 390, 410, 430, 450] [496, 81] 10 2
[510, 510, 510, 510, 510, 510, 510, 510, 510, 510] [250, 270, 290, 310, 330, 350, 370, 390, 410, 430] [496, 81] 10 2
[510, 510, 510, 510, 510, 510, 510, 510, 510, 510] [230, 250, 270, 290, 310, 330, 350, 370, 390, 410] [496, 81] 10 2
[510, 510, 510, 510, 510, 510, 510, 510, 510, 510] [210, 230, 250, 270, 290, 310, 330, 350, 370, 390] [496, 81] 10 2
[510, 510, 510, 510, 510, 510, 510, 510, 510, 510] [190, 210, 230, 250, 270, 290, 310, 330, 350, 370] [496, 81] 10 2
[510, 510, 510, 510, 510, 510, 510, 510, 510, 510] [170, 190, 210, 230, 250, 270, 290, 310, 330, 350] [496, 81] 10 2
[510, 510, 510, 510, 510, 510, 510, 510, 510, 510] [150, 170, 190, 210, 230, 250, 270, 290, 310, 330] [496, 81] 10 2
[510, 510, 510, 510, 510, 510, 510, 510, 510, 510] [130, 150, 170, 190, 210, 230, 250, 270, 290, 310] [496, 81] 10 2
[510, 510, 510, 510, 510, 510, 510, 510, 510, 510] [110, 130, 150, 170, 190, 210, 230, 250, 270, 290] [496, 81] 10 2
[510, 510, 510, 510, 510, 510, 510, 510, 510, 510] [90, 110, 130, 150, 170, 190, 210, 230, 250, 270] [496, 81] 10 2
[510, 510, 510, 510, 510, 510, 510, 510, 510, 510] [70, 90, 110, 130, 150, 170, 190, 210, 230, 250] [496, 81] 10 2
[510, 510, 510, 510, 510, 510, 510, 510, 510, 510] [50, 70, 90, 110, 130, 150, 170, 190, 210, 230] [496, 81] 10 2
[510, 510, 510, 510, 510, 510, 510, 510, 510, 510] [30, 50, 70, 90, 110, 130, 150, 170, 190, 210] [496, 81] 10 2
[490, 510, 510, 510, 510, 510, 510, 510, 510, 510] [30, 30, 50, 70, 90, 110, 130, 150, 170, 190] [496, 81] 10 3
[490, 490, 510, 510, 510, 510, 510, 510, 510, 510] [50, 30, 30, 50, 70, 90, 110, 130, 150, 170] [496, 81] 10 0
[490, 490, 490, 510, 510, 510, 510, 510, 510, 510] [70, 50, 30, 30, 50, 70, 90, 110, 130, 150] [496, 81] 10 0
[490, 490, 490, 490, 510, 510, 510, 510, 510, 510, 510] [90, 70, 50, 30, 30, 50, 70, 90, 110, 130, 150] [197, 453] 11 0
[490, 490, 490, 490, 490, 510, 510, 510, 510, 510, 510] [110, 90, 70, 50, 30, 30, 50, 70, 90, 110, 130] [197, 453] 11 0
[490, 490, 490, 490, 490, 490, 510, 510, 510, 510, 510] [130, 110, 90, 70, 50, 30, 30, 50, 70, 90, 110] [197, 453] 11 0
[490, 490, 490, 490, 490, 490, 490, 510, 510, 510, 510] [150, 130, 110, 90, 70, 50, 30, 30, 50, 70, 90] [197, 453] 11 0
[490, 490, 490, 490, 490, 490, 490, 490, 510, 510, 510] [170, 150, 130, 110, 90, 70, 50, 30, 30, 50, 70] [197, 453] 11 0
[490, 490, 490, 490, 490, 490, 490, 490, 490, 510, 510] [190, 170, 150, 130, 110, 90, 70, 50, 30, 30, 50] [197, 453] 11 0
[490, 490, 490, 490, 490, 490, 490, 490, 490, 490, 510] [210, 190, 170, 150, 130, 110, 90, 70, 50, 30, 30] [197, 453] 11 0
[490, 490, 490, 490, 490, 490, 490, 490, 490, 490, 490] [230, 210, 190, 170, 150, 130, 110, 90, 70, 50, 30] [197, 453] 11 0
[490, 490, 490, 490, 490, 490, 490, 490, 490, 490, 490] [250, 230, 210, 190, 170, 150, 130, 110, 90, 70, 50] [197, 453] 11 0
[490, 490, 490, 490, 490, 490, 490, 490, 490, 490, 490] [270, 250, 230, 210, 190, 170, 150, 130, 110, 90, 70] [197, 453] 11 0
[490, 490, 490, 490, 490, 490, 490, 490, 490, 490, 490] [290, 270, 250, 230, 210, 190, 170, 150, 130, 110, 90] [197, 453] 11 0
[490, 490, 490, 490, 490, 490, 490, 490, 490, 490, 490] [310, 290, 270, 250, 230, 210, 190, 170, 150, 130, 110] [197, 453] 11 0
[490, 490, 490, 490, 490, 490, 490, 490, 490, 490, 490] [330, 310, 290, 270, 250, 230, 210, 190, 170, 150, 130] [197, 453] 11 0
[490, 490, 490, 490, 490, 490, 490, 490, 490, 490, 490] [350, 330, 310, 290, 270, 250, 230, 210, 190, 170, 150] [197, 453] 11 0
[490, 490, 490, 490, 490, 490, 490, 490, 490, 490, 490] [370, 350, 330, 310, 290, 270, 250, 230, 210, 190, 170] [197, 453] 11 0
[490, 490, 490, 490, 490, 490, 490, 490, 490, 490, 490] [390, 370, 350, 330, 310, 290, 270, 250, 230, 210, 190] [197, 453] 11 0
[490, 490, 490, 490, 490, 490, 490, 490, 490, 490, 490] [410, 390, 370, 350, 330, 310, 290, 270, 250, 230, 210] [197, 453] 11 0
[490, 490, 490, 490, 490, 490, 490, 490, 490, 490, 490] [430, 410, 390, 370, 350, 330, 310, 290, 270, 250, 230] [197, 453] 11 0
[490, 490, 490, 490, 490, 490, 490, 490, 490, 490, 490] [450, 430, 410, 390, 370, 350, 330, 310, 290, 270, 250] [197, 453] 11 0
[470, 490, 490, 490, 490, 490, 490, 490, 490, 490, 490] [450, 450, 430, 410, 390, 370, 350, 330, 310, 290, 270] [197, 453] 11 3
[450, 470, 490, 490, 490, 490, 490, 490, 490, 490, 490] [450, 450, 450, 430, 410, 390, 370, 350, 330, 310, 290] [197, 453] 11 3
[430, 450, 470, 490, 490, 490, 490, 490, 490, 490, 490] [450, 450, 450, 450, 430, 410, 390, 370, 350, 330, 310] [197, 453] 11 3
[410, 430, 450, 470, 490, 490, 490, 490, 490, 490, 490] [450, 450, 450, 450, 450, 430, 410, 390, 370, 350, 330] [197, 453] 11 3
[390, 410, 430, 450, 470, 490, 490, 490, 490, 490, 490] [450, 450, 450, 450, 450, 450, 430, 410, 390, 370, 350] [197, 453] 11 3
[370, 390, 410, 430, 450, 470, 490, 490, 490, 490, 490] [450, 450, 450, 450, 450, 450, 450, 430, 410, 390, 370] [197, 453] 11 3
[350, 370, 390, 410, 430, 450, 470, 490, 490, 490, 490] [450, 450, 450, 450, 450, 450, 450, 450, 430, 410, 390] [197, 453] 11 3
[330, 350, 370, 390, 410, 430, 450, 470, 490, 490, 490] [450, 450, 450, 450, 450, 450, 450, 450, 450, 430, 410] [197, 453] 11 3
[310, 330, 350, 370, 390, 410, 430, 450, 470, 490, 490] [450, 450, 450, 450, 450, 450, 450, 450, 450, 450, 430] [197, 453] 11 3
[290, 310, 330, 350, 370, 390, 410, 430, 450, 470, 490] [450, 450, 450, 450, 450, 450, 450, 450, 450, 450, 450] [197, 453] 11 3
[270, 290, 310, 330, 350, 370, 390, 410, 430, 450, 470] [450, 450, 450, 450, 450, 450, 450, 450, 450, 450, 450] [197, 453] 11 3
[250, 270, 290, 310, 330, 350, 370, 390, 410, 430, 450] [450, 450, 450, 450, 450, 450, 450, 450, 450, 450, 450] [197, 453] 11 3
[230, 250, 270, 290, 310, 330, 350, 370, 390, 410, 430] [450, 450, 450, 450, 450, 450, 450, 450, 450, 450, 450] [197, 453] 11 3
[210, 230, 250, 270, 290, 310, 330, 350, 370, 390, 410] [450, 450, 450, 450, 450, 450, 450, 450, 450, 450, 450] [197, 453] 11 3
[190, 210, 230, 250, 270, 290, 310, 330, 350, 370, 390] [450, 450, 450, 450, 450, 450, 450, 450, 450, 450, 450] [197, 453] 11 3
[190, 190, 210, 230, 250, 270, 290, 310, 330, 350, 370, 390] [430, 450, 450, 450, 450, 450, 450, 450, 450, 450, 450, 450] [190, 390] 12 2
[190, 190, 190, 210, 230, 250, 270, 290, 310, 330, 350, 370] [410, 430, 450, 450, 450, 450, 450, 450, 450, 450, 450, 450] [190, 390] 12 2
[190, 190, 190, 190, 210, 230, 250, 270, 290, 310, 330, 350] [390, 410, 430, 450, 450, 450, 450, 450, 450, 450, 450, 450] [190, 390] 12 2
[190, 190, 190, 190, 190, 210, 230, 250, 270, 290, 310, 330, 350] [370, 390, 410, 430, 450, 450, 450, 450, 450, 450, 450, 450, 450] [74, 586] 13 2
[170, 190, 190, 190, 190, 190, 210, 230, 250, 270, 290, 310, 330] [370, 370, 390, 410, 430, 450, 450, 450, 450, 450, 450, 450, 450] [74, 586] 13 3
[150, 170, 190, 190, 190, 190, 190, 210, 230, 250, 270, 290, 310] [370, 370, 370, 390, 410, 430, 450, 450, 450, 450, 450, 450, 450] [74, 586] 13 3
[130, 150, 170, 190, 190, 190, 190, 190, 210, 230, 250, 270, 290] [370, 370, 370, 370, 390, 410, 430, 450, 450, 450, 450, 450, 450] [74, 586] 13 3
[110, 130, 150, 170, 190, 190, 190, 190, 190, 210, 230, 250, 270] [370, 370, 370, 370, 370, 390, 410, 430, 450, 450, 450, 450, 450] [74, 586] 13 3
[90, 110, 130, 150, 170, 190, 190, 190, 190, 190, 210, 230, 250] [370, 370, 370, 370, 370, 370, 390, 410, 430, 450, 450, 450, 450] [74, 586] 13 3
[70, 90, 110, 130, 150, 170, 190, 190, 190, 190, 190, 210, 230] [370, 370, 370, 370, 370, 370, 370, 390, 410, 430, 450, 450, 450] [74, 586] 13 3
[70, 70, 90, 110, 130, 150, 170, 190, 190, 190, 190, 190, 210] [390, 370, 370, 370, 370, 370, 370, 370, 390, 410, 430, 450, 450] [74, 586] 13 0
[70, 70, 70, 90, 110, 130, 150, 170, 190, 190, 190, 190, 190] [410, 390, 370, 370, 370, 370, 370, 370, 370, 390, 410, 430, 450] [74, 586] 13 0
[70, 70, 70, 70, 90, 110, 130, 150, 170, 190, 190, 190, 190] [430, 410, 390, 370, 370, 370, 370, 370, 370, 370, 390, 410, 430] [74, 586] 13 0
[70, 70, 70, 70, 70, 90, 110, 130, 150, 170, 190, 190, 190] [450, 430, 410, 390, 370, 370, 370, 370, 370, 370, 370, 390, 410] [74, 586] 13 0
[70, 70, 70, 70, 70, 70, 90, 110, 130, 150, 170, 190, 190] [470, 450, 430, 410, 390, 370, 370, 370, 370, 370, 370, 370, 390] [74, 586] 13 0
[70, 70, 70, 70, 70, 70, 70, 90, 110, 130, 150, 170, 190] [490, 470, 450, 430, 410, 390, 370, 370, 370, 370, 370, 370, 370] [74, 586] 13 0
[70, 70, 70, 70, 70, 70, 70, 70, 90, 110, 130, 150, 170] [510, 490, 470, 450, 430, 410, 390, 370, 370, 370, 370, 370, 370] [74, 586] 13 0
[70, 70, 70, 70, 70, 70, 70, 70, 70, 90, 110, 130, 150] [530, 510, 490, 470, 450, 430, 410, 390, 370, 370, 370, 370, 370] [74, 586] 13 0
[70, 70, 70, 70, 70, 70, 70, 70, 70, 70, 90, 110, 130] [550, 530, 510, 490, 470, 450, 430, 410, 390, 370, 370, 370, 370] [74, 586] 13 0
[70, 70, 70, 70, 70, 70, 70, 70, 70, 70, 70, 90, 110] [570, 550, 530, 510, 490, 470, 450, 430, 410, 390, 370, 370, 370] [74, 586] 13 0
[90, 70, 70, 70, 70, 70, 70, 70, 70, 70, 70, 70, 90, 110] [570, 570, 550, 530, 510, 490, 470, 450, 430, 410, 390, 370, 370, 370] [46, 204] 14 1
[110, 90, 70, 70, 70, 70, 70, 70, 70, 70, 70, 70, 70, 90] [570, 570, 570, 550, 530, 510, 490, 470, 450, 430, 410, 390, 370, 370] [46, 204] 14 1
[130, 110, 90, 70, 70, 70, 70, 70, 70, 70, 70, 70, 70, 70] [570, 570, 570, 570, 550, 530, 510, 490, 470, 450, 430, 410, 390, 370] [46, 204] 14 1
[130, 130, 110, 90, 70, 70, 70, 70, 70, 70, 70, 70, 70, 70] [550, 570, 570, 570, 570, 550, 530, 510, 490, 470, 450, 430, 410, 390] [46, 204] 14 2
[130, 130, 130, 110, 90, 70, 70, 70, 70, 70, 70, 70, 70, 70] [530, 550, 570, 570, 570, 570, 550, 530, 510, 490, 470, 450, 430, 410] [46, 204] 14 2
[130, 130, 130, 130, 110, 90, 70, 70, 70, 70, 70, 70, 70, 70] [510, 530, 550, 570, 570, 570, 570, 550, 530, 510, 490, 470, 450, 430] [46, 204] 14 2
[130, 130, 130, 130, 130, 110, 90, 70, 70, 70, 70, 70, 70, 70] [490, 510, 530, 550, 570, 570, 570, 570, 550, 530, 510, 490, 470, 450] [46, 204] 14 2
[130, 130, 130, 130, 130, 130, 110, 90, 70, 70, 70, 70, 70, 70] [470, 490, 510, 530, 550, 570, 570, 570, 570, 550, 530, 510, 490, 470] [46, 204] 14 2
[130, 130, 130, 130, 130, 130, 130, 110, 90, 70, 70, 70, 70, 70] [450, 470, 490, 510, 530, 550, 570, 570, 570, 570, 550, 530, 510, 490] [46, 204] 14 2
[130, 130, 130, 130, 130, 130, 130, 130, 110, 90, 70, 70, 70, 70] [430, 450, 470, 490, 510, 530, 550, 570, 570, 570, 570, 550, 530, 510] [46, 204] 14 2
[130, 130, 130, 130, 130, 130, 130, 130, 130, 110, 90, 70, 70, 70] [410, 430, 450, 470, 490, 510, 530, 550, 570, 570, 570, 570, 550, 530] [46, 204] 14 2
[130, 130, 130, 130, 130, 130, 130, 130, 130, 130, 110, 90, 70, 70] [390, 410, 430, 450, 470, 490, 510, 530, 550, 570, 570, 570, 570, 550] [46, 204] 14 2
[130, 130, 130, 130, 130, 130, 130, 130, 130, 130, 130, 110, 90, 70] [370, 390, 410, 430, 450, 470, 490, 510, 530, 550, 570, 570, 570, 570] [46, 204] 14 2
[130, 130, 130, 130, 130, 130, 130, 130, 130, 130, 130, 130, 110, 90] [350, 370, 390, 410, 430, 450, 470, 490, 510, 530, 550, 570, 570, 570] [46, 204] 14 2
[130, 130, 130, 130, 130, 130, 130, 130, 130, 130, 130, 130, 130, 110] [330, 350, 370, 390, 410, 430, 450, 470, 490, 510, 530, 550, 570, 570] [46, 204] 14 2
[130, 130, 130, 130, 130, 130, 130, 130, 130, 130, 130, 130, 130, 130] [310, 330, 350, 370, 390, 410, 430, 450, 470, 490, 510, 530, 550, 570] [46, 204] 14 2
[130, 130, 130, 130, 130, 130, 130, 130, 130, 130, 130, 130, 130, 130] [290, 310, 330, 350, 370, 390, 410, 430, 450, 470, 490, 510, 530, 550] [46, 204] 14 2
[130, 130, 130, 130, 130, 130, 130, 130, 130, 130, 130, 130, 130, 130] [270, 290, 310, 330, 350, 370, 390, 410, 430, 450, 470, 490, 510, 530] [46, 204] 14 2
[130, 130, 130, 130, 130, 130, 130, 130, 130, 130, 130, 130, 130, 130] [250, 270, 290, 310, 330, 350, 370, 390, 410, 430, 450, 470, 490, 510] [46, 204] 14 2
[130, 130, 130, 130, 130, 130, 130, 130, 130, 130, 130, 130, 130, 130] [230, 250, 270, 290, 310, 330, 350, 370, 390, 410, 430, 450, 470, 490] [46, 204] 14 2
[130, 130, 130, 130, 130, 130, 130, 130, 130, 130, 130, 130, 130, 130] [210, 230, 250, 270, 290, 310, 330, 350, 370, 390, 410, 430, 450, 470] [46, 204] 14 2
[130, 130, 130, 130, 130, 130, 130, 130, 130, 130, 130, 130, 130, 130] [190, 210, 230, 250, 270, 290, 310, 330, 350, 370, 390, 410, 430, 450] [46, 204] 14 2
[110, 130, 130, 130, 130, 130, 130, 130, 130, 130, 130, 130, 130, 130] [190, 190, 210, 230, 250, 270, 290, 310, 330, 350, 370, 390, 410, 430] [46, 204] 14 3
[90, 110, 130, 130, 130, 130, 130, 130, 130, 130, 130, 130, 130, 130] [190, 190, 190, 210, 230, 250, 270, 290, 310, 330, 350, 370, 390, 410] [46, 204] 14 3
[70, 90, 110, 130, 130, 130, 130, 130, 130, 130, 130, 130, 130, 130] [190, 190, 190, 190, 210, 230, 250, 270, 290, 310, 330, 350, 370, 390] [46, 204] 14 3
[50, 70, 90, 110, 130, 130, 130, 130, 130, 130, 130, 130, 130, 130] [190, 190, 190, 190, 190, 210, 230, 250, 270, 290, 310, 330, 350, 370] [46, 204] 14 3
[50, 50, 70, 90, 110, 130, 130, 130, 130, 130, 130, 130, 130, 130, 130] [210, 190, 190, 190, 190, 190, 210, 230, 250, 270, 290, 310, 330, 350, 370] [422, 535] 15 0
[50, 50, 50, 70, 90, 110, 130, 130, 130, 130, 130, 130, 130, 130, 130] [230, 210, 190, 190, 190, 190, 190, 210, 230, 250, 270, 290, 310, 330, 350] [422, 535] 15 0
[50, 50, 50, 50, 70, 90, 110, 130, 130, 130, 130, 130, 130, 130, 130] [250, 230, 210, 190, 190, 190, 190, 190, 210, 230, 250, 270, 290, 310, 330] [422, 535] 15 0
[50, 50, 50, 50, 50, 70, 90, 110, 130, 130, 130, 130, 130, 130, 130] [270, 250, 230, 210, 190, 190, 190, 190, 190, 210, 230, 250, 270, 290, 310] [422, 535] 15 0
[50, 50, 50, 50, 50, 50, 70, 90, 110, 130, 130, 130, 130, 130, 130] [290, 270, 250, 230, 210, 190, 190, 190, 190, 190, 210, 230, 250, 270, 290] [422, 535] 15 0
[50, 50, 50, 50, 50, 50, 50, 70, 90, 110, 130, 130, 130, 130, 130] [310, 290, 270, 250, 230, 210, 190, 190, 190, 190, 190, 210, 230, 250, 270] [422, 535] 15 0
[50, 50, 50, 50, 50, 50, 50, 50, 70, 90, 110, 130, 130, 130, 130] [330, 310, 290, 270, 250, 230, 210, 190, 190, 190, 190, 190, 210, 230, 250] [422, 535] 15 0
[50, 50, 50, 50, 50, 50, 50, 50, 50, 70, 90, 110, 130, 130, 130] [350, 330, 310, 290, 270, 250, 230, 210, 190, 190, 190, 190, 190, 210, 230] [422, 535] 15 0
[50, 50, 50, 50, 50, 50, 50, 50, 50, 50, 70, 90, 110, 130, 130] [370, 350, 330, 310, 290, 270, 250, 230, 210, 190, 190, 190, 190, 190, 210] [422, 535] 15 0
[50, 50, 50, 50, 50, 50, 50, 50, 50, 50, 50, 70, 90, 110, 130] [390, 370, 350, 330, 310, 290, 270, 250, 230, 210, 190, 190, 190, 190, 190] [422, 535] 15 0
[50, 50, 50, 50, 50, 50, 50, 50, 50, 50, 50, 50, 70, 90, 110] [410, 390, 370, 350, 330, 310, 290, 270, 250, 230, 210, 190, 190, 190, 190] [422, 535] 15 0
[50, 50, 50, 50, 50, 50, 50, 50, 50, 50, 50, 50, 50, 70, 90] [430, 410, 390, 370, 350, 330, 310, 290, 270, 250, 230, 210, 190, 190, 190] [422, 535] 15 0
[50, 50, 50, 50, 50, 50, 50, 50, 50, 50, 50, 50, 50, 50, 70] [450, 430, 410, 390, 370, 350, 330, 310, 290, 270, 250, 230, 210, 190, 190] [422, 535] 15 0
[50, 50, 50, 50, 50, 50, 50, 50, 50, 50, 50, 50, 50, 50, 50] [470, 450, 430, 410, 390, 370, 350, 330, 310, 290, 270, 250, 230, 210, 190] [422, 535] 15 0
[50, 50, 50, 50, 50, 50, 50, 50, 50, 50, 50, 50, 50, 50, 50] [490, 470, 450, 430, 410, 390, 370, 350, 330, 310, 290, 270, 250, 230, 210] [422, 535] 15 0
[50, 50, 50, 50, 50, 50, 50, 50, 50, 50, 50, 50, 50, 50, 50] [510, 490, 470, 450, 430, 410, 390, 370, 350, 330, 310, 290, 270, 250, 230] [422, 535] 15 0
[50, 50, 50, 50, 50, 50, 50, 50, 50, 50, 50, 50, 50, 50, 50] [530, 510, 490, 470, 450, 430, 410, 390, 370, 350, 330, 310, 290, 270, 250] [422, 535] 15 0
[70, 50, 50, 50, 50, 50, 50, 50, 50, 50, 50, 50, 50, 50, 50] [530, 530, 510, 490, 470, 450, 430, 410, 390, 370, 350, 330, 310, 290, 270] [422, 535] 15 1
[90, 70, 50, 50, 50, 50, 50, 50, 50, 50, 50, 50, 50, 50, 50] [530, 530, 530, 510, 490, 470, 450, 430, 410, 390, 370, 350, 330, 310, 290] [422, 535] 15 1
[110, 90, 70, 50, 50, 50, 50, 50, 50, 50, 50, 50, 50, 50, 50] [530, 530, 530, 530, 510, 490, 470, 450, 430, 410, 390, 370, 350, 330, 310] [422, 535] 15 1
[130, 110, 90, 70, 50, 50, 50, 50, 50, 50, 50, 50, 50, 50, 50] [530, 530, 530, 530, 530, 510, 490, 470, 450, 430, 410, 390, 370, 350, 330] [422, 535] 15 1
[150, 130, 110, 90, 70, 50, 50, 50, 50, 50, 50, 50, 50, 50, 50] [530, 530, 530, 530, 530, 530, 510, 490, 470, 450, 430, 410, 390, 370, 350] [422, 535] 15 1
[170, 150, 130, 110, 90, 70, 50, 50, 50, 50, 50, 50, 50, 50, 50] [530, 530, 530, 530, 530, 530, 530, 510, 490, 470, 450, 430, 410, 390, 370] [422, 535] 15 1
[190, 170, 150, 130, 110, 90, 70, 50, 50, 50, 50, 50, 50, 50, 50] [530, 530, 530, 530, 530, 530, 530, 530, 510, 490, 470, 450, 430, 410, 390] [422, 535] 15 1
[210, 190, 170, 150, 130, 110, 90, 70, 50, 50, 50, 50, 50, 50, 50] [530, 530, 530, 530, 530, 530, 530, 530, 530, 510, 490, 470, 450, 430, 410] [422, 535] 15 1
[230, 210, 190, 170, 150, 130, 110, 90, 70, 50, 50, 50, 50, 50, 50] [530, 530, 530, 530, 530, 530, 530, 530, 530, 530, 510, 490, 470, 450, 430] [422, 535] 15 1
[250, 230, 210, 190, 170, 150, 130, 110, 90, 70, 50, 50, 50, 50, 50] [530, 530, 530, 530, 530, 530, 530, 530, 530, 530, 530, 510, 490, 470, 450] [422, 535] 15 1
[270, 250, 230, 210, 190, 170, 150, 130, 110, 90, 70, 50, 50, 50, 50] [530, 530, 530, 530, 530, 530, 530, 530, 530, 530, 530, 530, 510, 490, 470] [422, 535] 15 1
[290, 270, 250, 230, 210, 190, 170, 150, 130, 110, 90, 70, 50, 50, 50] [530, 530, 530, 530, 530, 530, 530, 530, 530, 530, 530, 530, 530, 510, 490] [422, 535] 15 1
[310, 290, 270, 250, 230, 210, 190, 170, 150, 130, 110, 90, 70, 50, 50] [530, 530, 530, 530, 530, 530, 530, 530, 530, 530, 530, 530, 530, 530, 510] [422, 535] 15 1
[330, 310, 290, 270, 250, 230, 210, 190, 170, 150, 130, 110, 90, 70, 50] [530, 530, 530, 530, 530, 530, 530, 530, 530, 530, 530, 530, 530, 530, 530] [422, 535] 15 1
[350, 330, 310, 290, 270, 250, 230, 210, 190, 170, 150, 130, 110, 90, 70] [530, 530, 530, 530, 530, 530, 530, 530, 530, 530, 530, 530, 530, 530, 530] [422, 535] 15 1
[370, 350, 330, 310, 290, 270, 250, 230, 210, 190, 170, 150, 130, 110, 90] [530, 530, 530, 530, 530, 530, 530, 530, 530, 530, 530, 530, 530, 530, 530] [422, 535] 15 1
[390, 370, 350, 330, 310, 290, 270, 250, 230, 210, 190, 170, 150, 130, 110] [530, 530, 530, 530, 530, 530, 530, 530, 530, 530, 530, 530, 530, 530, 530] [422, 535] 15 1
[410, 390, 370, 350, 330, 310, 290, 270, 250, 230, 210, 190, 170, 150, 130] [530, 530, 530, 530, 530, 530, 530, 530, 530, 530, 530, 530, 530, 530, 530] [422, 535] 15 1
[430, 410, 390, 370, 350, 330, 310, 290, 270, 250, 230, 210, 190, 170, 150, 130] [530, 530, 530, 530, 530, 530, 530, 530, 530, 530, 530, 530, 530, 530, 530, 530] [351, 234] 16 1
[430, 430, 410, 390, 370, 350, 330, 310, 290, 270, 250, 230, 210, 190, 170, 150] [510, 530, 530, 530, 530, 530, 530, 530, 530, 530, 530, 530, 530, 530, 530, 530] [351, 234] 16 2
[430, 430, 430, 410, 390, 370, 350, 330, 310, 290, 270, 250, 230, 210, 190, 170] [490, 510, 530, 530, 530, 530, 530, 530, 530, 530, 530, 530, 530, 530, 530, 530] [351, 234] 16 2
[430, 430, 430, 430, 410, 390, 370, 350, 330, 310, 290, 270, 250, 230, 210, 190] [470, 490, 510, 530, 530, 530, 530, 530, 530, 530, 530, 530, 530, 530, 530, 530] [351, 234] 16 2
[430, 430, 430, 430, 430, 410, 390, 370, 350, 330, 310, 290, 270, 250, 230, 210] [450, 470, 490, 510, 530, 530, 530, 530, 530, 530, 530, 530, 530, 530, 530, 530] [351, 234] 16 2
[430, 430, 430, 430, 430, 430, 410, 390, 370, 350, 330, 310, 290, 270, 250, 230] [430, 450, 470, 490, 510, 530, 530, 530, 530, 530, 530, 530, 530, 530, 530, 530] [351, 234] 16 2
[430, 430, 430, 430, 430, 430, 430, 410, 390, 370, 350, 330, 310, 290, 270, 250] [410, 430, 450, 470, 490, 510, 530, 530, 530, 530, 530, 530, 530, 530, 530, 530] [351, 234] 16 2
[430, 430, 430, 430, 430, 430, 430, 430, 410, 390, 370, 350, 330, 310, 290, 270] [390, 410, 430, 450, 470, 490, 510, 530, 530, 530, 530, 530, 530, 530, 530, 530] [351, 234] 16 2
[430, 430, 430, 430, 430, 430, 430, 430, 430, 410, 390, 370, 350, 330, 310, 290] [370, 390, 410, 430, 450, 470, 490, 510, 530, 530, 530, 530, 530, 530, 530, 530] [351, 234] 16 2
[430, 430, 430, 430, 430, 430, 430, 430, 430, 430, 410, 390, 370, 350, 330, 310] [350, 370, 390, 410, 430, 450, 470, 490, 510, 530, 530, 530, 530, 530, 530, 530] [351, 234] 16 2
[430, 430, 430, 430, 430, 430, 430, 430, 430, 430, 430, 410, 390, 370, 350, 330] [330, 350, 370, 390, 410, 430, 450, 470, 490, 510, 530, 530, 530, 530, 530, 530] [351, 234] 16 2
[430, 430, 430, 430, 430, 430, 430, 430, 430, 430, 430, 430, 410, 390, 370, 350] [310, 330, 350, 370, 390, 410, 430, 450, 470, 490, 510, 530, 530, 530, 530, 530] [351, 234] 16 2
[430, 430, 430, 430, 430, 430, 430, 430, 430, 430, 430, 430, 430, 410, 390, 370] [290, 310, 330, 350, 370, 390, 410, 430, 450, 470, 490, 510, 530, 530, 530, 530] [351, 234] 16 2
[430, 430, 430, 430, 430, 430, 430, 430, 430, 430, 430, 430, 430, 430, 410, 390] [270, 290, 310, 330, 350, 370, 390, 410, 430, 450, 470, 490, 510, 530, 530, 530] [351, 234] 16 2
[430, 430, 430, 430, 430, 430, 430, 430, 430, 430, 430, 430, 430, 430, 430, 410] [250, 270, 290, 310, 330, 350, 370, 390, 410, 430, 450, 470, 490, 510, 530, 530] [351, 234] 16 2
[430, 430, 430, 430, 430, 430, 430, 430, 430, 430, 430, 430, 430, 430, 430, 430] [230, 250, 270, 290, 310, 330, 350, 370, 390, 410, 430, 450, 470, 490, 510, 530] [351, 234] 16 2
[410, 430, 430, 430, 430, 430, 430, 430, 430, 430, 430, 430, 430, 430, 430, 430] [230, 230, 250, 270, 290, 310, 330, 350, 370, 390, 410, 430, 450, 470, 490, 510] [351, 234] 16 3
[390, 410, 430, 430, 430, 430, 430, 430, 430, 430, 430, 430, 430, 430, 430, 430] [230, 230, 230, 250, 270, 290, 310, 330, 350, 370, 390, 410, 430, 450, 470, 490] [351, 234] 16 3
[370, 390, 410, 430, 430, 430, 430, 430, 430, 430, 430, 430, 430, 430, 430, 430] [230, 230, 230, 230, 250, 270, 290, 310, 330, 350, 370, 390, 410, 430, 450, 470] [351, 234] 16 3
[350, 370, 390, 410, 430, 430, 430, 430, 430, 430, 430, 430, 430, 430, 430, 430] [230, 230, 230, 230, 230, 250, 270, 290, 310, 330, 350, 370, 390, 410, 430, 450] [351, 234] 16 3
[330, 350, 370, 390, 410, 430, 430, 430, 430, 430, 430, 430, 430, 430, 430, 430, 430] [230, 230, 230, 230, 230, 230, 250, 270, 290, 310, 330, 350, 370, 390, 410, 430, 450] [94, 408] 17 3
[310, 330, 350, 370, 390, 410, 430, 430, 430, 430, 430, 430, 430, 430, 430, 430, 430] [230, 230, 230, 230, 230, 230, 230, 250, 270, 290, 310, 330, 350, 370, 390, 410, 430] [94, 408] 17 3
[290, 310, 330, 350, 370, 390, 410, 430, 430, 430, 430, 430, 430, 430, 430, 430, 430] [230, 230, 230, 230, 230, 230, 230, 230, 250, 270, 290, 310, 330, 350, 370, 390, 410] [94, 408] 17 3
[270, 290, 310, 330, 350, 370, 390, 410, 430, 430, 430, 430, 430, 430, 430, 430, 430] [230, 230, 230, 230, 230, 230, 230, 230, 230, 250, 270, 290, 310, 330, 350, 370, 390] [94, 408] 17 3
[250, 270, 290, 310, 330, 350, 370, 390, 410, 430, 430, 430, 430, 430, 430, 430, 430] [230, 230, 230, 230, 230, 230, 230, 230, 230, 230, 250, 270, 290, 310, 330, 350, 370] [94, 408] 17 3
[230, 250, 270, 290, 310, 330, 350, 370, 390, 410, 430, 430, 430, 430, 430, 430, 430] [230, 230, 230, 230, 230, 230, 230, 230, 230, 230, 230, 250, 270, 290, 310, 330, 350] [94, 408] 17 3
[210, 230, 250, 270, 290, 310, 330, 350, 370, 390, 410, 430, 430, 430, 430, 430, 430] [230, 230, 230, 230, 230, 230, 230, 230, 230, 230, 230, 230, 250, 270, 290, 310, 330] [94, 408] 17 3
[190, 210, 230, 250, 270, 290, 310, 330, 350, 370, 390, 410, 430, 430, 430, 430, 430] [230, 230, 230, 230, 230, 230, 230, 230, 230, 230, 230, 230, 230, 250, 270, 290, 310] [94, 408] 17 3
[170, 190, 210, 230, 250, 270, 290, 310, 330, 350, 370, 390, 410, 430, 430, 430, 430] [230, 230, 230, 230, 230, 230, 230, 230, 230, 230, 230, 230, 230, 230, 250, 270, 290] [94, 408] 17 3
[150, 170, 190, 210, 230, 250, 270, 290, 310, 330, 350, 370, 390, 410, 430, 430, 430] [230, 230, 230, 230, 230, 230, 230, 230, 230, 230, 230, 230, 230, 230, 230, 250, 270] [94, 408] 17 3
[130, 150, 170, 190, 210, 230, 250, 270, 290, 310, 330, 350, 370, 390, 410, 430, 430] [230, 230, 230, 230, 230, 230, 230, 230, 230, 230, 230, 230, 230, 230, 230, 230, 250] [94, 408] 17 3
[110, 130, 150, 170, 190, 210, 230, 250, 270, 290, 310, 330, 350, 370, 390, 410, 430] [230, 230, 230, 230, 230, 230, 230, 230, 230, 230, 230, 230, 230, 230, 230, 230, 230] [94, 408] 17 3
[90, 110, 130, 150, 170, 190, 210, 230, 250, 270, 290, 310, 330, 350, 370, 390, 410] [230, 230, 230, 230, 230, 230, 230, 230, 230, 230, 230, 230, 230, 230, 230, 230, 230] [94, 408] 17 3
[90, 90, 110, 130, 150, 170, 190, 210, 230, 250, 270, 290, 310, 330, 350, 370, 390] [250, 230, 230, 230, 230, 230, 230, 230, 230, 230, 230, 230, 230, 230, 230, 230, 230] [94, 408] 17 0
[90, 90, 90, 110, 130, 150, 170, 190, 210, 230, 250, 270, 290, 310, 330, 350, 370] [270, 250, 230, 230, 230, 230, 230, 230, 230, 230, 230, 230, 230, 230, 230, 230, 230] [94, 408] 17 0
[90, 90, 90, 90, 110, 130, 150, 170, 190, 210, 230, 250, 270, 290, 310, 330, 350] [290, 270, 250, 230, 230, 230, 230, 230, 230, 230, 230, 230, 230, 230, 230, 230, 230] [94, 408] 17 0
[90, 90, 90, 90, 90, 110, 130, 150, 170, 190, 210, 230, 250, 270, 290, 310, 330] [310, 290, 270, 250, 230, 230, 230, 230, 230, 230, 230, 230, 230, 230, 230, 230, 230] [94, 408] 17 0
[90, 90, 90, 90, 90, 90, 110, 130, 150, 170, 190, 210, 230, 250, 270, 290, 310] [330, 310, 290, 270, 250, 230, 230, 230, 230, 230, 230, 230, 230, 230, 230, 230, 230] [94, 408] 17 0
[90, 90, 90, 90, 90, 90, 90, 110, 130, 150, 170, 190, 210, 230, 250, 270, 290] [350, 330, 310, 290, 270, 250, 230, 230, 230, 230, 230, 230, 230, 230, 230, 230, 230] [94, 408] 17 0
[90, 90, 90, 90, 90, 90, 90, 90, 110, 130, 150, 170, 190, 210, 230, 250, 270] [370, 350, 330, 310, 290, 270, 250, 230, 230, 230, 230, 230, 230, 230, 230, 230, 230] [94, 408] 17 0
[90, 90, 90, 90, 90, 90, 90, 90, 90, 110, 130, 150, 170, 190, 210, 230, 250] [390, 370, 350, 330, 310, 290, 270, 250, 230, 230, 230, 230, 230, 230, 230, 230, 230] [94, 408] 17 0
[90, 90, 90, 90, 90, 90, 90, 90, 90, 90, 110, 130, 150, 170, 190, 210, 230, 250] [410, 390, 370, 350, 330, 310, 290, 270, 250, 230, 230, 230, 230, 230, 230, 230, 230, 230] [404, 15] 18 0
[110, 90, 90, 90, 90, 90, 90, 90, 90, 90, 90, 110, 130, 150, 170, 190, 210, 230] [410, 410, 390, 370, 350, 330, 310, 290, 270, 250, 230, 230, 230, 230, 230, 230, 230, 230] [404, 15] 18 1
[130, 110, 90, 90, 90, 90, 90, 90, 90, 90, 90, 90, 110, 130, 150, 170, 190, 210] [410, 410, 410, 390, 370, 350, 330, 310, 290, 270, 250, 230, 230, 230, 230, 230, 230, 230] [404, 15] 18 1
[150, 130, 110, 90, 90, 90, 90, 90, 90, 90, 90, 90, 90, 110, 130, 150, 170, 190] [410, 410, 410, 410, 390, 370, 350, 330, 310, 290, 270, 250, 230, 230, 230, 230, 230, 230] [404, 15] 18 1
[170, 150, 130, 110, 90, 90, 90, 90, 90, 90, 90, 90, 90, 90, 110, 130, 150, 170] [410, 410, 410, 410, 410, 390, 370, 350, 330, 310, 290, 270, 250, 230, 230, 230, 230, 230] [404, 15] 18 1
[190, 170, 150, 130, 110, 90, 90, 90, 90, 90, 90, 90, 90, 90, 90, 110, 130, 150] [410, 410, 410, 410, 410, 410, 390, 370, 350, 330, 310, 290, 270, 250, 230, 230, 230, 230] [404, 15] 18 1
[210, 190, 170, 150, 130, 110, 90, 90, 90, 90, 90, 90, 90, 90, 90, 90, 110, 130] [410, 410, 410, 410, 410, 410, 410, 390, 370, 350, 330, 310, 290, 270, 250, 230, 230, 230] [404, 15] 18 1
[230, 210, 190, 170, 150, 130, 110, 90, 90, 90, 90, 90, 90, 90, 90, 90, 90, 110] [410, 410, 410, 410, 410, 410, 410, 410, 390, 370, 350, 330, 310, 290, 270, 250, 230, 230] [404, 15] 18 1
[250, 230, 210, 190, 170, 150, 130, 110, 90, 90, 90, 90, 90, 90, 90, 90, 90, 90] [410, 410, 410, 410, 410, 410, 410, 410, 410, 390, 370, 350, 330, 310, 290, 270, 250, 230] [404, 15] 18 1
[270, 250, 230, 210, 190, 170, 150, 130, 110, 90, 90, 90, 90, 90, 90, 90, 90, 90] [410, 410, 410, 410, 410, 410, 410, 410, 410, 410, 390, 370, 350, 330, 310, 290, 270, 250] [404, 15] 18 1
[290, 270, 250, 230, 210, 190, 170, 150, 130, 110, 90, 90, 90, 90, 90, 90, 90, 90] [410, 410, 410, 410, 410, 410, 410, 410, 410, 410, 410, 390, 370, 350, 330, 310, 290, 270] [404, 15] 18 1
[310, 290, 270, 250, 230, 210, 190, 170, 150, 130, 110, 90, 90, 90, 90, 90, 90, 90] [410, 410, 410, 410, 410, 410, 410, 410, 410, 410, 410, 410, 390, 370, 350, 330, 310, 290] [404, 15] 18 1
[330, 310, 290, 270, 250, 230, 210, 190, 170, 150, 130, 110, 90, 90, 90, 90, 90, 90] [410, 410, 410, 410, 410, 410, 410, 410, 410, 410, 410, 410, 410, 390, 370, 350, 330, 310] [404, 15] 18 1
[350, 330, 310, 290, 270, 250, 230, 210, 190, 170, 150, 130, 110, 90, 90, 90, 90, 90] [410, 410, 410, 410, 410, 410, 410, 410, 410, 410, 410, 410, 410, 410, 390, 370, 350, 330] [404, 15] 18 1
[370, 350, 330, 310, 290, 270, 250, 230, 210, 190, 170, 150, 130, 110, 90, 90, 90, 90] [410, 410, 410, 410, 410, 410, 410, 410, 410, 410, 410, 410, 410, 410, 410, 390, 370, 350] [404, 15] 18 1
[390, 370, 350, 330, 310, 290, 270, 250, 230, 210, 190, 170, 150, 130, 110, 90, 90, 90] [410, 410, 410, 410, 410, 410, 410, 410, 410, 410, 410, 410, 410, 410, 410, 410, 390, 370] [404, 15] 18 1
[410, 390, 370, 350, 330, 310, 290, 270, 250, 230, 210, 190, 170, 150, 130, 110, 90, 90] [410, 410, 410, 410, 410, 410, 410, 410, 410, 410, 410, 410, 410, 410, 410, 410, 410, 390] [404, 15] 18 1
[410, 410, 390, 370, 350, 330, 310, 290, 270, 250, 230, 210, 190, 170, 150, 130, 110, 90] [390, 410, 410, 410, 410, 410, 410, 410, 410, 410, 410, 410, 410, 410, 410, 410, 410, 410] [404, 15] 18 2
[410, 410, 410, 390, 370, 350, 330, 310, 290, 270, 250, 230, 210, 190, 170, 150, 130, 110] [370, 390, 410, 410, 410, 410, 410, 410, 410, 410, 410, 410, 410, 410, 410, 410, 410, 410] [404, 15] 18 2
[410, 410, 410, 410, 390, 370, 350, 330, 310, 290, 270, 250, 230, 210, 190, 170, 150, 130] [350, 370, 390, 410, 410, 410, 410, 410, 410, 410, 410, 410, 410, 410, 410, 410, 410, 410] [404, 15] 18 2
[410, 410, 410, 410, 410, 390, 370, 350, 330, 310, 290, 270, 250, 230, 210, 190, 170, 150] [330, 350, 370, 390, 410, 410, 410, 410, 410, 410, 410, 410, 410, 410, 410, 410, 410, 410] [404, 15] 18 2
[410, 410, 410, 410, 410, 410, 390, 370, 350, 330, 310, 290, 270, 250, 230, 210, 190, 170] [310, 330, 350, 370, 390, 410, 410, 410, 410, 410, 410, 410, 410, 410, 410, 410, 410, 410] [404, 15] 18 2
[410, 410, 410, 410, 410, 410, 410, 390, 370, 350, 330, 310, 290, 270, 250, 230, 210, 190] [290, 310, 330, 350, 370, 390, 410, 410, 410, 410, 410, 410, 410, 410, 410, 410, 410, 410] [404, 15] 18 2
[410, 410, 410, 410, 410, 410, 410, 410, 390, 370, 350, 330, 310, 290, 270, 250, 230, 210] [270, 290, 310, 330, 350, 370, 390, 410, 410, 410, 410, 410, 410, 410, 410, 410, 410, 410] [404, 15] 18 2
[410, 410, 410, 410, 410, 410, 410, 410, 410, 390, 370, 350, 330, 310, 290, 270, 250, 230] [250, 270, 290, 310, 330, 350, 370, 390, 410, 410, 410, 410, 410, 410, 410, 410, 410, 410] [404, 15] 18 2
[410, 410, 410, 410, 410, 410, 410, 410, 410, 410, 390, 370, 350, 330, 310, 290, 270, 250] [230, 250, 270, 290, 310, 330, 350, 370, 390, 410, 410, 410, 410, 410, 410, 410, 410, 410] [404, 15] 18 2
[410, 410, 410, 410, 410, 410, 410, 410, 410, 410, 410, 390, 370, 350, 330, 310, 290, 270] [210, 230, 250, 270, 290, 310, 330, 350, 370, 390, 410, 410, 410, 410, 410, 410, 410, 410] [404, 15] 18 2
[410, 410, 410, 410, 410, 410, 410, 410, 410, 410, 410, 410, 390, 370, 350, 330, 310, 290] [190, 210, 230, 250, 270, 290, 310, 330, 350, 370, 390, 410, 410, 410, 410, 410, 410, 410] [404, 15] 18 2
[410, 410, 410, 410, 410, 410, 410, 410, 410, 410, 410, 410, 410, 390, 370, 350, 330, 310] [170, 190, 210, 230, 250, 270, 290, 310, 330, 350, 370, 390, 410, 410, 410, 410, 410, 410] [404, 15] 18 2
[410, 410, 410, 410, 410, 410, 410, 410, 410, 410, 410, 410, 410, 410, 390, 370, 350, 330] [150, 170, 190, 210, 230, 250, 270, 290, 310, 330, 350, 370, 390, 410, 410, 410, 410, 410] [404, 15] 18 2
[410, 410, 410, 410, 410, 410, 410, 410, 410, 410, 410, 410, 410, 410, 410, 390, 370, 350] [130, 150, 170, 190, 210, 230, 250, 270, 290, 310, 330, 350, 370, 390, 410, 410, 410, 410] [404, 15] 18 2
[410, 410, 410, 410, 410, 410, 410, 410, 410, 410, 410, 410, 410, 410, 410, 410, 390, 370] [110, 130, 150, 170, 190, 210, 230, 250, 270, 290, 310, 330, 350, 370, 390, 410, 410, 410] [404, 15] 18 2
[410, 410, 410, 410, 410, 410, 410, 410, 410, 410, 410, 410, 410, 410, 410, 410, 410, 390] [90, 110, 130, 150, 170, 190, 210, 230, 250, 270, 290, 310, 330, 350, 370, 390, 410, 410] [404, 15] 18 2
[410, 410, 410, 410, 410, 410, 410, 410, 410, 410, 410, 410, 410, 410, 410, 410, 410, 410] [70, 90, 110, 130, 150, 170, 190, 210, 230, 250, 270, 290, 310, 330, 350, 370, 390, 410] [404, 15] 18 2
[410, 410, 410, 410, 410, 410, 410, 410, 410, 410, 410, 410, 410, 410, 410, 410, 410, 410] [50, 70, 90, 110, 130, 150, 170, 190, 210, 230, 250, 270, 290, 310, 330, 350, 370, 390] [404, 15] 18 2
[410, 410, 410, 410, 410, 410, 410, 410, 410, 410, 410, 410, 410, 410, 410, 410, 410, 410] [30, 50, 70, 90, 110, 130, 150, 170, 190, 210, 230, 250, 270, 290, 310, 330, 350, 370] [404, 15] 18 2
[410, 410, 410, 410, 410, 410, 410, 410, 410, 410, 410, 410, 410, 410, 410, 410, 410, 410] [10, 30, 50, 70, 90, 110, 130, 150, 170, 190, 210, 230, 250, 270, 290, 310, 330, 350] [404, 15] 18 2
[390, 410, 410, 410, 410, 410, 410, 410, 410, 410, 410, 410, 410, 410, 410, 410, 410, 410, 410] [10, 10, 30, 50, 70, 90, 110, 130, 150, 170, 190, 210, 230, 250, 270, 290, 310, 330, 350] [14, 501] 19 3
[370, 390, 410, 410, 410, 410, 410, 410, 410, 410, 410, 410, 410, 410, 410, 410, 410, 410, 410] [10, 10, 10, 30, 50, 70, 90, 110, 130, 150, 170, 190, 210, 230, 250, 270, 290, 310, 330] [14, 501] 19 3
[350, 370, 390, 410, 410, 410, 410, 410, 410, 410, 410, 410, 410, 410, 410, 410, 410, 410, 410] [10, 10, 10, 10, 30, 50, 70, 90, 110, 130, 150, 170, 190, 210, 230, 250, 270, 290, 310] [14, 501] 19 3
[330, 350, 370, 390, 410, 410, 410, 410, 410, 410, 410, 410, 410, 410, 410, 410, 410, 410, 410] [10, 10, 10, 10, 10, 30, 50, 70, 90, 110, 130, 150, 170, 190, 210, 230, 250, 270, 290] [14, 501] 19 3
[310, 330, 350, 370, 390, 410, 410, 410, 410, 410, 410, 410, 410, 410, 410, 410, 410, 410, 410] [10, 10, 10, 10, 10, 10, 30, 50, 70, 90, 110, 130, 150, 170, 190, 210, 230, 250, 270] [14, 501] 19 3
[290, 310, 330, 350, 370, 390, 410, 410, 410, 410, 410, 410, 410, 410, 410, 410, 410, 410, 410] [10, 10, 10, 10, 10, 10, 10, 30, 50, 70, 90, 110, 130, 150, 170, 190, 210, 230, 250] [14, 501] 19 3
[270, 290, 310, 330, 350, 370, 390, 410, 410, 410, 410, 410, 410, 410, 410, 410, 410, 410, 410] [10, 10, 10, 10, 10, 10, 10, 10, 30, 50, 70, 90, 110, 130, 150, 170, 190, 210, 230] [14, 501] 19 3
[250, 270, 290, 310, 330, 350, 370, 390, 410, 410, 410, 410, 410, 410, 410, 410, 410, 410, 410] [10, 10, 10, 10, 10, 10, 10, 10, 10, 30, 50, 70, 90, 110, 130, 150, 170, 190, 210] [14, 501] 19 3
[230, 250, 270, 290, 310, 330, 350, 370, 390, 410, 410, 410, 410, 410, 410, 410, 410, 410, 410] [10, 10, 10, 10, 10, 10, 10, 10, 10, 10, 30, 50, 70, 90, 110, 130, 150, 170, 190] [14, 501] 19 3
[210, 230, 250, 270, 290, 310, 330, 350, 370, 390, 410, 410, 410, 410, 410, 410, 410, 410, 410] [10, 10, 10, 10, 10, 10, 10, 10, 10, 10, 10, 30, 50, 70, 90, 110, 130, 150, 170] [14, 501] 19 3
[190, 210, 230, 250, 270, 290, 310, 330, 350, 370, 390, 410, 410, 410, 410, 410, 410, 410, 410] [10, 10, 10, 10, 10, 10, 10, 10, 10, 10, 10, 10, 30, 50, 70, 90, 110, 130, 150] [14, 501] 19 3
[170, 190, 210, 230, 250, 270, 290, 310, 330, 350, 370, 390, 410, 410, 410, 410, 410, 410, 410] [10, 10, 10, 10, 10, 10, 10, 10, 10, 10, 10, 10, 10, 30, 50, 70, 90, 110, 130] [14, 501] 19 3
[150, 170, 190, 210, 230, 250, 270, 290, 310, 330, 350, 370, 390, 410, 410, 410, 410, 410, 410] [10, 10, 10, 10, 10, 10, 10, 10, 10, 10, 10, 10, 10, 10, 30, 50, 70, 90, 110] [14, 501] 19 3
[130, 150, 170, 190, 210, 230, 250, 270, 290, 310, 330, 350, 370, 390, 410, 410, 410, 410, 410] [10, 10, 10, 10, 10, 10, 10, 10, 10, 10, 10, 10, 10, 10, 10, 30, 50, 70, 90] [14, 501] 19 3
[110, 130, 150, 170, 190, 210, 230, 250, 270, 290, 310, 330, 350, 370, 390, 410, 410, 410, 410] [10, 10, 10, 10, 10, 10, 10, 10, 10, 10, 10, 10, 10, 10, 10, 10, 30, 50, 70] [14, 501] 19 3
[90, 110, 130, 150, 170, 190, 210, 230, 250, 270, 290, 310, 330, 350, 370, 390, 410, 410, 410] [10, 10, 10, 10, 10, 10, 10, 10, 10, 10, 10, 10, 10, 10, 10, 10, 10, 30, 50] [14, 501] 19 3
[70, 90, 110, 130, 150, 170, 190, 210, 230, 250, 270, 290, 310, 330, 350, 370, 390, 410, 410] [10, 10, 10, 10, 10, 10, 10, 10, 10, 10, 10, 10, 10, 10, 10, 10, 10, 10, 30] [14, 501] 19 3
[50, 70, 90, 110, 130, 150, 170, 190, 210, 230, 250, 270, 290, 310, 330, 350, 370, 390, 410] [10, 10, 10, 10, 10, 10, 10, 10, 10, 10, 10, 10, 10, 10, 10, 10, 10, 10, 10] [14, 501] 19 3
[30, 50, 70, 90, 110, 130, 150, 170, 190, 210, 230, 250, 270, 290, 310, 330, 350, 370, 390] [10, 10, 10, 10, 10, 10, 10, 10, 10, 10, 10, 10, 10, 10, 10, 10, 10, 10, 10] [14, 501] 19 3
[10, 30, 50, 70, 90, 110, 130, 150, 170, 190, 210, 230, 250, 270, 290, 310, 330, 350, 370] [10, 10, 10, 10, 10, 10, 10, 10, 10, 10, 10, 10, 10, 10, 10, 10, 10, 10, 10] [14, 501] 19 3
[10, 10, 30, 50, 70, 90, 110, 130, 150, 170, 190, 210, 230, 250, 270, 290, 310, 330, 350] [30, 10, 10, 10, 10, 10, 10, 10, 10, 10, 10, 10, 10, 10, 10, 10, 10, 10, 10] [14, 501] 19 0
[10, 10, 10, 30, 50, 70, 90, 110, 130, 150, 170, 190, 210, 230, 250, 270, 290, 310, 330] [50, 30, 10, 10, 10, 10, 10, 10, 10, 10, 10, 10, 10, 10, 10, 10, 10, 10, 10] [14, 501] 19 0
[10, 10, 10, 10, 30, 50, 70, 90, 110, 130, 150, 170, 190, 210, 230, 250, 270, 290, 310] [70, 50, 30, 10, 10, 10, 10, 10, 10, 10, 10, 10, 10, 10, 10, 10, 10, 10, 10] [14, 501] 19 0
[10, 10, 10, 10, 10, 30, 50, 70, 90, 110, 130, 150, 170, 190, 210, 230, 250, 270, 290] [90, 70, 50, 30, 10, 10, 10, 10, 10, 10, 10, 10, 10, 10, 10, 10, 10, 10, 10] [14, 501] 19 0
[10, 10, 10, 10, 10, 10, 30, 50, 70, 90, 110, 130, 150, 170, 190, 210, 230, 250, 270] [110, 90, 70, 50, 30, 10, 10, 10, 10, 10, 10, 10, 10, 10, 10, 10, 10, 10, 10] [14, 501] 19 0
[10, 10, 10, 10, 10, 10, 10, 30, 50, 70, 90, 110, 130, 150, 170, 190, 210, 230, 250] [130, 110, 90, 70, 50, 30, 10, 10, 10, 10, 10, 10, 10, 10, 10, 10, 10, 10, 10] [14, 501] 19 0
[10, 10, 10, 10, 10, 10, 10, 10, 30, 50, 70, 90, 110, 130, 150, 170, 190, 210, 230] [150, 130, 110, 90, 70, 50, 30, 10, 10, 10, 10, 10, 10, 10, 10, 10, 10, 10, 10] [14, 501] 19 0
[10, 10, 10, 10, 10, 10, 10, 10, 10, 30, 50, 70, 90, 110, 130, 150, 170, 190, 210] [170, 150, 130, 110, 90, 70, 50, 30, 10, 10, 10, 10, 10, 10, 10, 10, 10, 10, 10] [14, 501] 19 0
[10, 10, 10, 10, 10, 10, 10, 10, 10, 10, 30, 50, 70, 90, 110, 130, 150, 170, 190] [190, 170, 150, 130, 110, 90, 70, 50, 30, 10, 10, 10, 10, 10, 10, 10, 10, 10, 10] [14, 501] 19 0
[10, 10, 10, 10, 10, 10, 10, 10, 10, 10, 10, 30, 50, 70, 90, 110, 130, 150, 170] [210, 190, 170, 150, 130, 110, 90, 70, 50, 30, 10, 10, 10, 10, 10, 10, 10, 10, 10] [14, 501] 19 0
[10, 10, 10, 10, 10, 10, 10, 10, 10, 10, 10, 10, 30, 50, 70, 90, 110, 130, 150] [230, 210, 190, 170, 150, 130, 110, 90, 70, 50, 30, 10, 10, 10, 10, 10, 10, 10, 10] [14, 501] 19 0
[10, 10, 10, 10, 10, 10, 10, 10, 10, 10, 10, 10, 10, 30, 50, 70, 90, 110, 130] [250, 230, 210, 190, 170, 150, 130, 110, 90, 70, 50, 30, 10, 10, 10, 10, 10, 10, 10] [14, 501] 19 0
[10, 10, 10, 10, 10, 10, 10, 10, 10, 10, 10, 10, 10, 10, 30, 50, 70, 90, 110] [270, 250, 230, 210, 190, 170, 150, 130, 110, 90, 70, 50, 30, 10, 10, 10, 10, 10, 10] [14, 501] 19 0
[10, 10, 10, 10, 10, 10, 10, 10, 10, 10, 10, 10, 10, 10, 10, 30, 50, 70, 90] [290, 270, 250, 230, 210, 190, 170, 150, 130, 110, 90, 70, 50, 30, 10, 10, 10, 10, 10] [14, 501] 19 0
[10, 10, 10, 10, 10, 10, 10, 10, 10, 10, 10, 10, 10, 10, 10, 10, 30, 50, 70] [310, 290, 270, 250, 230, 210, 190, 170, 150, 130, 110, 90, 70, 50, 30, 10, 10, 10, 10] [14, 501] 19 0
[10, 10, 10, 10, 10, 10, 10, 10, 10, 10, 10, 10, 10, 10, 10, 10, 10, 30, 50] [330, 310, 290, 270, 250, 230, 210, 190, 170, 150, 130, 110, 90, 70, 50, 30, 10, 10, 10] [14, 501] 19 0
[10, 10, 10, 10, 10, 10, 10, 10, 10, 10, 10, 10, 10, 10, 10, 10, 10, 10, 30] [350, 330, 310, 290, 270, 250, 230, 210, 190, 170, 150, 130, 110, 90, 70, 50, 30, 10, 10] [14, 501] 19 0
[10, 10, 10, 10, 10, 10, 10, 10, 10, 10, 10, 10, 10, 10, 10, 10, 10, 10, 10] [370, 350, 330, 310, 290, 270, 250, 230, 210, 190, 170, 150, 130, 110, 90, 70, 50, 30, 10] [14, 501] 19 0
[10, 10, 10, 10, 10, 10, 10, 10, 10, 10, 10, 10, 10, 10, 10, 10, 10, 10, 10] [390, 370, 350, 330, 310, 290, 270, 250, 230, 210, 190, 170, 150, 130, 110, 90, 70, 50, 30] [14, 501] 19 0
[10, 10, 10, 10, 10, 10, 10, 10, 10, 10, 10, 10, 10, 10, 10, 10, 10, 10, 10] [410, 390, 370, 350, 330, 310, 290, 270, 250, 230, 210, 190, 170, 150, 130, 110, 90, 70, 50] [14, 501] 19 0
[10, 10, 10, 10, 10, 10, 10, 10, 10, 10, 10, 10, 10, 10, 10, 10, 10, 10, 10] [430, 410, 390, 370, 350, 330, 310, 290, 270, 250, 230, 210, 190, 170, 150, 130, 110, 90, 70] [14, 501] 19 0
[10, 10, 10, 10, 10, 10, 10, 10, 10, 10, 10, 10, 10, 10, 10, 10, 10, 10, 10] [450, 430, 410, 390, 370, 350, 330, 310, 290, 270, 250, 230, 210, 190, 170, 150, 130, 110, 90] [14, 501] 19 0
[10, 10, 10, 10, 10, 10, 10, 10, 10, 10, 10, 10, 10, 10, 10, 10, 10, 10, 10] [470, 450, 430, 410, 390, 370, 350, 330, 310, 290, 270, 250, 230, 210, 190, 170, 150, 130, 110] [14, 501] 19 0
[10, 10, 10, 10, 10, 10, 10, 10, 10, 10, 10, 10, 10, 10, 10, 10, 10, 10, 10] [490, 470, 450, 430, 410, 390, 370, 350, 330, 310, 290, 270, 250, 230, 210, 190, 170, 150, 130] [14, 501] 19 0
[30, 10, 10, 10, 10, 10, 10, 10, 10, 10, 10, 10, 10, 10, 10, 10, 10, 10, 10, 10] [490, 490, 470, 450, 430, 410, 390, 370, 350, 330, 310, 290, 270, 250, 230, 210, 190, 170, 150, 130] [319, 246] 20 1
[50, 30, 10, 10, 10, 10, 10, 10, 10, 10, 10, 10, 10, 10, 10, 10, 10, 10, 10, 10] [490, 490, 490, 470, 450, 430, 410, 390, 370, 350, 330, 310, 290, 270, 250, 230, 210, 190, 170, 150] [319, 246] 20 1
[70, 50, 30, 10, 10, 10, 10, 10, 10, 10, 10, 10, 10, 10, 10, 10, 10, 10, 10, 10] [490, 490, 490, 490, 470, 450, 430, 410, 390, 370, 350, 330, 310, 290, 270, 250, 230, 210, 190, 170] [319, 246] 20 1
[90, 70, 50, 30, 10, 10, 10, 10, 10, 10, 10, 10, 10, 10, 10, 10, 10, 10, 10, 10] [490, 490, 490, 490, 490, 470, 450, 430, 410, 390, 370, 350, 330, 310, 290, 270, 250, 230, 210, 190] [319, 246] 20 1
[110, 90, 70, 50, 30, 10, 10, 10, 10, 10, 10, 10, 10, 10, 10, 10, 10, 10, 10, 10] [490, 490, 490, 490, 490, 490, 470, 450, 430, 410, 390, 370, 350, 330, 310, 290, 270, 250, 230, 210] [319, 246] 20 1
[130, 110, 90, 70, 50, 30, 10, 10, 10, 10, 10, 10, 10, 10, 10, 10, 10, 10, 10, 10] [490, 490, 490, 490, 490, 490, 490, 470, 450, 430, 410, 390, 370, 350, 330, 310, 290, 270, 250, 230] [319, 246] 20 1
[150, 130, 110, 90, 70, 50, 30, 10, 10, 10, 10, 10, 10, 10, 10, 10, 10, 10, 10, 10] [490, 490, 490, 490, 490, 490, 490, 490, 470, 450, 430, 410, 390, 370, 350, 330, 310, 290, 270, 250] [319, 246] 20 1
[170, 150, 130, 110, 90, 70, 50, 30, 10, 10, 10, 10, 10, 10, 10, 10, 10, 10, 10, 10] [490, 490, 490, 490, 490, 490, 490, 490, 490, 470, 450, 430, 410, 390, 370, 350, 330, 310, 290, 270] [319, 246] 20 1
[190, 170, 150, 130, 110, 90, 70, 50, 30, 10, 10, 10, 10, 10, 10, 10, 10, 10, 10, 10] [490, 490, 490, 490, 490, 490, 490, 490, 490, 490, 470, 450, 430, 410, 390, 370, 350, 330, 310, 290] [319, 246] 20 1
[210, 190, 170, 150, 130, 110, 90, 70, 50, 30, 10, 10, 10, 10, 10, 10, 10, 10, 10, 10] [490, 490, 490, 490, 490, 490, 490, 490, 490, 490, 490, 470, 450, 430, 410, 390, 370, 350, 330, 310] [319, 246] 20 1
[230, 210, 190, 170, 150, 130, 110, 90, 70, 50, 30, 10, 10, 10, 10, 10, 10, 10, 10, 10] [490, 490, 490, 490, 490, 490, 490, 490, 490, 490, 490, 490, 470, 450, 430, 410, 390, 370, 350, 330] [319, 246] 20 1
[250, 230, 210, 190, 170, 150, 130, 110, 90, 70, 50, 30, 10, 10, 10, 10, 10, 10, 10, 10] [490, 490, 490, 490, 490, 490, 490, 490, 490, 490, 490, 490, 490, 470, 450, 430, 410, 390, 370, 350] [319, 246] 20 1
[270, 250, 230, 210, 190, 170, 150, 130, 110, 90, 70, 50, 30, 10, 10, 10, 10, 10, 10, 10] [490, 490, 490, 490, 490, 490, 490, 490, 490, 490, 490, 490, 490, 490, 470, 450, 430, 410, 390, 370] [319, 246] 20 1
[290, 270, 250, 230, 210, 190, 170, 150, 130, 110, 90, 70, 50, 30, 10, 10, 10, 10, 10, 10] [490, 490, 490, 490, 490, 490, 490, 490, 490, 490, 490, 490, 490, 490, 490, 470, 450, 430, 410, 390] [319, 246] 20 1
[310, 290, 270, 250, 230, 210, 190, 170, 150, 130, 110, 90, 70, 50, 30, 10, 10, 10, 10, 10] [490, 490, 490, 490, 490, 490, 490, 490, 490, 490, 490, 490, 490, 490, 490, 490, 470, 450, 430, 410] [319, 246] 20 1
[330, 310, 290, 270, 250, 230, 210, 190, 170, 150, 130, 110, 90, 70, 50, 30, 10, 10, 10, 10] [490, 490, 490, 490, 490, 490, 490, 490, 490, 490, 490, 490, 490, 490, 490, 490, 490, 470, 450, 430] [319, 246] 20 1
[350, 330, 310, 290, 270, 250, 230, 210, 190, 170, 150, 130, 110, 90, 70, 50, 30, 10, 10, 10] [490, 490, 490, 490, 490, 490, 490, 490, 490, 490, 490, 490, 490, 490, 490, 490, 490, 490, 470, 450] [319, 246] 20 1
[350, 350, 330, 310, 290, 270, 250, 230, 210, 190, 170, 150, 130, 110, 90, 70, 50, 30, 10, 10] [470, 490, 490, 490, 490, 490, 490, 490, 490, 490, 490, 490, 490, 490, 490, 490, 490, 490, 490, 470] [319, 246] 20 2
[350, 350, 350, 330, 310, 290, 270, 250, 230, 210, 190, 170, 150, 130, 110, 90, 70, 50, 30, 10] [450, 470, 490, 490, 490, 490, 490, 490, 490, 490, 490, 490, 490, 490, 490, 490, 490, 490, 490, 490] [319, 246] 20 2
[350, 350, 350, 350, 330, 310, 290, 270, 250, 230, 210, 190, 170, 150, 130, 110, 90, 70, 50, 30] [430, 450, 470, 490, 490, 490, 490, 490, 490, 490, 490, 490, 490, 490, 490, 490, 490, 490, 490, 490] [319, 246] 20 2
[350, 350, 350, 350, 350, 330, 310, 290, 270, 250, 230, 210, 190, 170, 150, 130, 110, 90, 70, 50] [410, 430, 450, 470, 490, 490, 490, 490, 490, 490, 490, 490, 490, 490, 490, 490, 490, 490, 490, 490] [319, 246] 20 2
[350, 350, 350, 350, 350, 350, 330, 310, 290, 270, 250, 230, 210, 190, 170, 150, 130, 110, 90, 70] [390, 410, 430, 450, 470, 490, 490, 490, 490, 490, 490, 490, 490, 490, 490, 490, 490, 490, 490, 490] [319, 246] 20 2
[350, 350, 350, 350, 350, 350, 350, 330, 310, 290, 270, 250, 230, 210, 190, 170, 150, 130, 110, 90] [370, 390, 410, 430, 450, 470, 490, 490, 490, 490, 490, 490, 490, 490, 490, 490, 490, 490, 490, 490] [319, 246] 20 2
[350, 350, 350, 350, 350, 350, 350, 350, 330, 310, 290, 270, 250, 230, 210, 190, 170, 150, 130, 110] [350, 370, 390, 410, 430, 450, 470, 490, 490, 490, 490, 490, 490, 490, 490, 490, 490, 490, 490, 490] [319, 246] 20 2
[350, 350, 350, 350, 350, 350, 350, 350, 350, 330, 310, 290, 270, 250, 230, 210, 190, 170, 150, 130] [330, 350, 370, 390, 410, 430, 450, 470, 490, 490, 490, 490, 490, 490, 490, 490, 490, 490, 490, 490] [319, 246] 20 2
[350, 350, 350, 350, 350, 350, 350, 350, 350, 350, 330, 310, 290, 270, 250, 230, 210, 190, 170, 150] [310, 330, 350, 370, 390, 410, 430, 450, 470, 490, 490, 490, 490, 490, 490, 490, 490, 490, 490, 490] [319, 246] 20 2
[350, 350, 350, 350, 350, 350, 350, 350, 350, 350, 350, 330, 310, 290, 270, 250, 230, 210, 190, 170] [290, 310, 330, 350, 370, 390, 410, 430, 450, 470, 490, 490, 490, 490, 490, 490, 490, 490, 490, 490] [319, 246] 20 2
[350, 350, 350, 350, 350, 350, 350, 350, 350, 350, 350, 350, 330, 310, 290, 270, 250, 230, 210, 190] [270, 290, 310, 330, 350, 370, 390, 410, 430, 450, 470, 490, 490, 490, 490, 490, 490, 490, 490, 490] [319, 246] 20 2
[350, 350, 350, 350, 350, 350, 350, 350, 350, 350, 350, 350, 350, 330, 310, 290, 270, 250, 230, 210] [250, 270, 290, 310, 330, 350, 370, 390, 410, 430, 450, 470, 490, 490, 490, 490, 490, 490, 490, 490] [319, 246] 20 2
[330, 350, 350, 350, 350, 350, 350, 350, 350, 350, 350, 350, 350, 350, 330, 310, 290, 270, 250, 230] [250, 250, 270, 290, 310, 330, 350, 370, 390, 410, 430, 450, 470, 490, 490, 490, 490, 490, 490, 490] [319, 246] 20 3
[310, 330, 350, 350, 350, 350, 350, 350, 350, 350, 350, 350, 350, 350, 350, 330, 310, 290, 270, 250] [250, 250, 250, 270, 290, 310, 330, 350, 370, 390, 410, 430, 450, 470, 490, 490, 490, 490, 490, 490] [319, 246] 20 3
[290, 310, 330, 350, 350, 350, 350, 350, 350, 350, 350, 350, 350, 350, 350, 350, 330, 310, 290, 270, 250] [250, 250, 250, 250, 270, 290, 310, 330, 350, 370, 390, 410, 430, 450, 470, 490, 490, 490, 490, 490, 490] [85, 265] 21 3
[270, 290, 310, 330, 350, 350, 350, 350, 350, 350, 350, 350, 350, 350, 350, 350, 350, 330, 310, 290, 270] [250, 250, 250, 250, 250, 270, 290, 310, 330, 350, 370, 390, 410, 430, 450, 470, 490, 490, 490, 490, 490] [85, 265] 21 3
[250, 270, 290, 310, 330, 350, 350, 350, 350, 350, 350, 350, 350, 350, 350, 350, 350, 350, 330, 310, 290] [250, 250, 250, 250, 250, 250, 270, 290, 310, 330, 350, 370, 390, 410, 430, 450, 470, 490, 490, 490, 490] [85, 265] 21 3
[230, 250, 270, 290, 310, 330, 350, 350, 350, 350, 350, 350, 350, 350, 350, 350, 350, 350, 350, 330, 310] [250, 250, 250, 250, 250, 250, 250, 270, 290, 310, 330, 350, 370, 390, 410, 430, 450, 470, 490, 490, 490] [85, 265] 21 3
[210, 230, 250, 270, 290, 310, 330, 350, 350, 350, 350, 350, 350, 350, 350, 350, 350, 350, 350, 350, 330] [250, 250, 250, 250, 250, 250, 250, 250, 270, 290, 310, 330, 350, 370, 390, 410, 430, 450, 470, 490, 490] [85, 265] 21 3
[190, 210, 230, 250, 270, 290, 310, 330, 350, 350, 350, 350, 350, 350, 350, 350, 350, 350, 350, 350, 350] [250, 250, 250, 250, 250, 250, 250, 250, 250, 270, 290, 310, 330, 350, 370, 390, 410, 430, 450, 470, 490] [85, 265] 21 3
[170, 190, 210, 230, 250, 270, 290, 310, 330, 350, 350, 350, 350, 350, 350, 350, 350, 350, 350, 350, 350] [250, 250, 250, 250, 250, 250, 250, 250, 250, 250, 270, 290, 310, 330, 350, 370, 390, 410, 430, 450, 470] [85, 265] 21 3
[150, 170, 190, 210, 230, 250, 270, 290, 310, 330, 350, 350, 350, 350, 350, 350, 350, 350, 350, 350, 350] [250, 250, 250, 250, 250, 250, 250, 250, 250, 250, 250, 270, 290, 310, 330, 350, 370, 390, 410, 430, 450] [85, 265] 21 3
[130, 150, 170, 190, 210, 230, 250, 270, 290, 310, 330, 350, 350, 350, 350, 350, 350, 350, 350, 350, 350] [250, 250, 250, 250, 250, 250, 250, 250, 250, 250, 250, 250, 270, 290, 310, 330, 350, 370, 390, 410, 430] [85, 265] 21 3
[110, 130, 150, 170, 190, 210, 230, 250, 270, 290, 310, 330, 350, 350, 350, 350, 350, 350, 350, 350, 350] [250, 250, 250, 250, 250, 250, 250, 250, 250, 250, 250, 250, 250, 270, 290, 310, 330, 350, 370, 390, 410] [85, 265] 21 3
[90, 110, 130, 150, 170, 190, 210, 230, 250, 270, 290, 310, 330, 350, 350, 350, 350, 350, 350, 350, 350] [250, 250, 250, 250, 250, 250, 250, 250, 250, 250, 250, 250, 250, 250, 270, 290, 310, 330, 350, 370, 390] [85, 265] 21 3
[70, 90, 110, 130, 150, 170, 190, 210, 230, 250, 270, 290, 310, 330, 350, 350, 350, 350, 350, 350, 350, 350] [250, 250, 250, 250, 250, 250, 250, 250, 250, 250, 250, 250, 250, 250, 250, 270, 290, 310, 330, 350, 370, 390] [570, 259] 22 3
[70, 70, 90, 110, 130, 150, 170, 190, 210, 230, 250, 270, 290, 310, 330, 350, 350, 350, 350, 350, 350, 350] [270, 250, 250, 250, 250, 250, 250, 250, 250, 250, 250, 250, 250, 250, 250, 250, 270, 290, 310, 330, 350, 370] [570, 259] 22 0
[90, 70, 70, 90, 110, 130, 150, 170, 190, 210, 230, 250, 270, 290, 310, 330, 350, 350, 350, 350, 350, 350] [270, 270, 250, 250, 250, 250, 250, 250, 250, 250, 250, 250, 250, 250, 250, 250, 250, 270, 290, 310, 330, 350] [570, 259] 22 1
[110, 90, 70, 70, 90, 110, 130, 150, 170, 190, 210, 230, 250, 270, 290, 310, 330, 350, 350, 350, 350, 350] [270, 270, 270, 250, 250, 250, 250, 250, 250, 250, 250, 250, 250, 250, 250, 250, 250, 250, 270, 290, 310, 330] [570, 259] 22 1
[130, 110, 90, 70, 70, 90, 110, 130, 150, 170, 190, 210, 230, 250, 270, 290, 310, 330, 350, 350, 350, 350] [270, 270, 270, 270, 250, 250, 250, 250, 250, 250, 250, 250, 250, 250, 250, 250, 250, 250, 250, 270, 290, 310] [570, 259] 22 1
[150, 130, 110, 90, 70, 70, 90, 110, 130, 150, 170, 190, 210, 230, 250, 270, 290, 310, 330, 350, 350, 350] [270, 270, 270, 270, 270, 250, 250, 250, 250, 250, 250, 250, 250, 250, 250, 250, 250, 250, 250, 250, 270, 290] [570, 259] 22 1
[170, 150, 130, 110, 90, 70, 70, 90, 110, 130, 150, 170, 190, 210, 230, 250, 270, 290, 310, 330, 350, 350] [270, 270, 270, 270, 270, 270, 250, 250, 250, 250, 250, 250, 250, 250, 250, 250, 250, 250, 250, 250, 250, 270] [570, 259] 22 1
[190, 170, 150, 130, 110, 90, 70, 70, 90, 110, 130, 150, 170, 190, 210, 230, 250, 270, 290, 310, 330, 350] [270, 270, 270, 270, 270, 270, 270, 250, 250, 250, 250, 250, 250, 250, 250, 250, 250, 250, 250, 250, 250, 250] [570, 259] 22 1
[210, 190, 170, 150, 130, 110, 90, 70, 70, 90, 110, 130, 150, 170, 190, 210, 230, 250, 270, 290, 310, 330] [270, 270, 270, 270, 270, 270, 270, 270, 250, 250, 250, 250, 250, 250, 250, 250, 250, 250, 250, 250, 250, 250] [570, 259] 22 1
[230, 210, 190, 170, 150, 130, 110, 90, 70, 70, 90, 110, 130, 150, 170, 190, 210, 230, 250, 270, 290, 310] [270, 270, 270, 270, 270, 270, 270, 270, 270, 250, 250, 250, 250, 250, 250, 250, 250, 250, 250, 250, 250, 250] [570, 259] 22 1
[250, 230, 210, 190, 170, 150, 130, 110, 90, 70, 70, 90, 110, 130, 150, 170, 190, 210, 230, 250, 270, 290] [270, 270, 270, 270, 270, 270, 270, 270, 270, 270, 250, 250, 250, 250, 250, 250, 250, 250, 250, 250, 250, 250] [570, 259] 22 1
[270, 250, 230, 210, 190, 170, 150, 130, 110, 90, 70, 70, 90, 110, 130, 150, 170, 190, 210, 230, 250, 270] [270, 270, 270, 270, 270, 270, 270, 270, 270, 270, 270, 250, 250, 250, 250, 250, 250, 250, 250, 250, 250, 250] [570, 259] 22 1
[290, 270, 250, 230, 210, 190, 170, 150, 130, 110, 90, 70, 70, 90, 110, 130, 150, 170, 190, 210, 230, 250] [270, 270, 270, 270, 270, 270, 270, 270, 270, 270, 270, 270, 250, 250, 250, 250, 250, 250, 250, 250, 250, 250] [570, 259] 22 1
[310, 290, 270, 250, 230, 210, 190, 170, 150, 130, 110, 90, 70, 70, 90, 110, 130, 150, 170, 190, 210, 230] [270, 270, 270, 270, 270, 270, 270, 270, 270, 270, 270, 270, 270, 250, 250, 250, 250, 250, 250, 250, 250, 250] [570, 259] 22 1
[330, 310, 290, 270, 250, 230, 210, 190, 170, 150, 130, 110, 90, 70, 70, 90, 110, 130, 150, 170, 190, 210] [270, 270, 270, 270, 270, 270, 270, 270, 270, 270, 270, 270, 270, 270, 250, 250, 250, 250, 250, 250, 250, 250] [570, 259] 22 1
[350, 330, 310, 290, 270, 250, 230, 210, 190, 170, 150, 130, 110, 90, 70, 70, 90, 110, 130, 150, 170, 190] [270, 270, 270, 270, 270, 270, 270, 270, 270, 270, 270, 270, 270, 270, 270, 250, 250, 250, 250, 250, 250, 250] [570, 259] 22 1
[370, 350, 330, 310, 290, 270, 250, 230, 210, 190, 170, 150, 130, 110, 90, 70, 70, 90, 110, 130, 150, 170] [270, 270, 270, 270, 270, 270, 270, 270, 270, 270, 270, 270, 270, 270, 270, 270, 250, 250, 250, 250, 250, 250] [570, 259] 22 1
[390, 370, 350, 330, 310, 290, 270, 250, 230, 210, 190, 170, 150, 130, 110, 90, 70, 70, 90, 110, 130, 150] [270, 270, 270, 270, 270, 270, 270, 270, 270, 270, 270, 270, 270, 270, 270, 270, 270, 250, 250, 250, 250, 250] [570, 259] 22 1
[410, 390, 370, 350, 330, 310, 290, 270, 250, 230, 210, 190, 170, 150, 130, 110, 90, 70, 70, 90, 110, 130] [270, 270, 270, 270, 270, 270, 270, 270, 270, 270, 270, 270, 270, 270, 270, 270, 270, 270, 250, 250, 250, 250] [570, 259] 22 1
[430, 410, 390, 370, 350, 330, 310, 290, 270, 250, 230, 210, 190, 170, 150, 130, 110, 90, 70, 70, 90, 110] [270, 270, 270, 270, 270, 270, 270, 270, 270, 270, 270, 270, 270, 270, 270, 270, 270, 270, 270, 250, 250, 250] [570, 259] 22 1
[450, 430, 410, 390, 370, 350, 330, 310, 290, 270, 250, 230, 210, 190, 170, 150, 130, 110, 90, 70, 70, 90] [270, 270, 270, 270, 270, 270, 270, 270, 270, 270, 270, 270, 270, 270, 270, 270, 270, 270, 270, 270, 250, 250] [570, 259] 22 1
[470, 450, 430, 410, 390, 370, 350, 330, 310, 290, 270, 250, 230, 210, 190, 170, 150, 130, 110, 90, 70, 70] [270, 270, 270, 270, 270, 270, 270, 270, 270, 270, 270, 270, 270, 270, 270, 270, 270, 270, 270, 270, 270, 250] [570, 259] 22 1
[490, 470, 450, 430, 410, 390, 370, 350, 330, 310, 290, 270, 250, 230, 210, 190, 170, 150, 130, 110, 90, 70] [270, 270, 270, 270, 270, 270, 270, 270, 270, 270, 270, 270, 270, 270, 270, 270, 270, 270, 270, 270, 270, 270] [570, 259] 22 1
[510, 490, 470, 450, 430, 410, 390, 370, 350, 330, 310, 290, 270, 250, 230, 210, 190, 170, 150, 130, 110, 90] [270, 270, 270, 270, 270, 270, 270, 270, 270, 270, 270, 270, 270, 270, 270, 270, 270, 270, 270, 270, 270, 270] [570, 259] 22 1
[530, 510, 490, 470, 450, 430, 410, 390, 370, 350, 330, 310, 290, 270, 250, 230, 210, 190, 170, 150, 130, 110] [270, 270, 270, 270, 270, 270, 270, 270, 270, 270, 270, 270, 270, 270, 270, 270, 270, 270, 270, 270, 270, 270] [570, 259] 22 1
[550, 530, 510, 490, 470, 450, 430, 410, 390, 370, 350, 330, 310, 290, 270, 250, 230, 210, 190, 170, 150, 130] [270, 270, 270, 270, 270, 270, 270, 270, 270, 270, 270, 270, 270, 270, 270, 270, 270, 270, 270, 270, 270, 270] [570, 259] 22 1
[550, 550, 530, 510, 490, 470, 450, 430, 410, 390, 370, 350, 330, 310, 290, 270, 250, 230, 210, 190, 170, 150] [250, 270, 270, 270, 270, 270, 270, 270, 270, 270, 270, 270, 270, 270, 270, 270, 270, 270, 270, 270, 270, 270] [570, 259] 22 2
[550, 550, 550, 530, 510, 490, 470, 450, 430, 410, 390, 370, 350, 330, 310, 290, 270, 250, 230, 210, 190, 170] [230, 250, 270, 270, 270, 270, 270, 270, 270, 270, 270, 270, 270, 270, 270, 270, 270, 270, 270, 270, 270, 270] [570, 259] 22 2
[570, 550, 550, 550, 530, 510, 490, 470, 450, 430, 410, 390, 370, 350, 330, 310, 290, 270, 250, 230, 210, 190] [230, 230, 250, 270, 270, 270, 270, 270, 270, 270, 270, 270, 270, 270, 270, 270, 270, 270, 270, 270, 270, 270] [570, 259] 22 1
[570, 570, 550, 550, 550, 530, 510, 490, 470, 450, 430, 410, 390, 370, 350, 330, 310, 290, 270, 250, 230, 210] [250, 230, 230, 250, 270, 270, 270, 270, 270, 270, 270, 270, 270, 270, 270, 270, 270, 270, 270, 270, 270, 270] [570, 259] 22 0
[570, 570, 570, 550, 550, 550, 530, 510, 490, 470, 450, 430, 410, 390, 370, 350, 330, 310, 290, 270, 250, 230, 210] [270, 250, 230, 230, 250, 270, 270, 270, 270, 270, 270, 270, 270, 270, 270, 270, 270, 270, 270, 270, 270, 270, 270] [349, 562] 23 0
