[570, 570, 570, 570, 550, 550, 550, 530, 510, 490, 470, 450, 430, 410, 390, 370, 350, 330, 310, 290, 270, 250, 230] [290, 270, 250, 230, 230, 250, 270, 270, 270, 270, 270, 270, 270, 270, 270, 270, 270, 270, 270, 270, 270, 270, 270] [349, 562] 23 0
[570, 570, 570, 570, 570, 550, 550, 550, 530, 510, 490, 470, 450, 430, 410, 390, 370, 350, 330, 310, 290, 270, 250] [310, 290, 270, 250, 230, 230, 250, 270, 270, 270, 270, 270, 270, 270, 270, 270, 270, 270, 270, 270, 270, 270, 270] [349, 562] 23 0
[570, 570, 570, 570, 570, 570, 550, 550, 550, 530, 510, 490, 470, 450, 430, 410, 390, 370, 350, 330, 310, 290, 270] [330, 310, 290, 270, 250, 230, 230, 250, 270, 270, 270, 270, 270, 270, 270, 270, 270, 270, 270, 270, 270, 270, 270] [349, 562] 23 0
[570, 570, 570, 570, 570, 570, 570, 550, 550, 550, 530, 510, 490, 470, 450, 430, 410, 390, 370, 350, 330, 310, 290] [350, 330, 310, 290, 270, 250, 230, 230, 250, 270, 270, 270, 270, 270, 270, 270, 270, 270, 270, 270, 270, 270, 270] [349, 562] 23 0
[570, 570, 570, 570, 570, 570, 570, 570, 550, 550, 550, 530, 510, 490, 470, 450, 430, 410, 390, 370, 350, 330, 310] [370, 350, 330, 310, 290, 270, 250, 230, 230, 250, 270, 270, 270, 270, 270, 270, 270, 270, 270, 270, 270, 270, 270] [349, 562] 23 0
[570, 570, 570, 570, 570, 570, 570, 570, 570, 550, 550, 550, 530, 510, 490, 470, 450, 430, 410, 390, 370, 350, 330] [390, 370, 350, 330, 310, 290, 270, 250, 230, 230, 250, 270, 270, 270, 270, 270, 270, 270, 270, 270, 270, 270, 270] [349, 562] 23 0
[570, 570, 570, 570, 570, 570, 570, 570, 570, 570, 550, 550, 550, 530, 510, 490, 470, 450, 430, 410, 390, 370, 350] [410, 390, 370, 350, 330, 310, 290, 270, 250, 230, 230, 250, 270, 270, 270, 270, 270, 270, 270, 270, 270, 270, 270] [349, 562] 23 0
[570, 570, 570, 570, 570, 570, 570, 570, 570, 570, 570, 550, 550, 550, 530, 510, 490, 470, 450, 430, 410, 390, 370] [430, 410, 390, 370, 350, 330, 310, 290, 270, 250, 230, 230, 250, 270, 270, 270, 270, 270, 270, 270, 270, 270, 270] [349, 562] 23 0
[570, 570, 570, 570, 570, 570, 570, 570, 570, 570, 570, 570, 550, 550, 550, 530, 510, 490, 470, 450, 430, 410, 390] [450, 430, 410, 390, 370, 350, 330, 310, 290, 270, 250, 230, 230, 250, 270, 270, 270, 270, 270, 270, 270, 270, 270] [349, 562] 23 0
[570, 570, 570, 570, 570, 570, 570, 570, 570, 570, 570, 570, 570, 550, 550, 550, 530, 510, 490, 470, 450, 430, 410] [470, 450, 430, 410, 390, 370, 350, 330, 310, 290, 270, 250, 230, 230, 250, 270, 270, 270, 270, 270, 270, 270, 270] [349, 562] 23 0
[570, 570, 570, 570, 570, 570, 570, 570, 570, 570, 570, 570, 570, 570, 550, 550, 550, 530, 510, 490, 470, 450, 430] [490, 470, 450, 430, 410, 390, 370, 350, 330, 310, 290, 270, 250, 230, 230, 250, 270, 270, 270, 270, 270, 270, 270] [349, 562] 23 0
[570, 570, 570, 570, 570, 570, 570, 570, 570, 570, 570, 570, 570, 570, 570, 550, 550, 550, 530, 510, 490, 470, 450] [510, 490, 470, 450, 430, 410, 390, 370, 350, 330, 310, 290, 270, 250, 230, 230, 250, 270, 270, 270, 270, 270, 270] [349, 562] 23 0
[570, 570, 570, 570, 570, 570, 570, 570, 570, 570, 570, 570, 570, 570, 570, 570, 550, 550, 550, 530, 510, 490, 470] [530, 510, 490, 470, 450, 430, 410, 390, 370, 350, 330, 310, 290, 270, 250, 230, 230, 250, 270, 270, 270, 270, 270] [349, 562] 23 0
[570, 570, 570, 570, 570, 570, 570, 570, 570, 570, 570, 570, 570, 570, 570, 570, 570, 550, 550, 550, 530, 510, 490] [550, 530, 510, 490, 470, 450, 430, 410, 390, 370, 350, 330, 310, 290, 270, 250, 230, 230, 250, 270, 270, 270, 270] [349, 562] 23 0
[550, 570, 570, 570, 570, 570, 570, 570, 570, 570, 570, 570, 570, 570, 570, 570, 570, 570, 550, 550, 550, 530, 510] [550, 550, 530, 510, 490, 470, 450, 430, 410, 390, 370, 350, 330, 310, 290, 270, 250, 230, 230, 250, 270, 270, 270] [349, 562] 23 3
[530, 550, 570, 570, 570, 570, 570, 570, 570, 570, 570, 570, 570, 570, 570, 570, 570, 570, 570, 550, 550, 550, 530] [550, 550, 550, 530, 510, 490, 470, 450, 430, 410, 390, 370, 350, 330, 310, 290, 270, 250, 230, 230, 250, 270, 270] [349, 562] 23 3
[510, 530, 550, 570, 570, 570, 570, 570, 570, 570, 570, 570, 570, 570, 570, 570, 570, 570, 570, 570, 550, 550, 550] [550, 550, 550, 550, 530, 510, 490, 470, 450, 430, 410, 390, 370, 350, 330, 310, 290, 270, 250, 230, 230, 250, 270] [349, 562] 23 3
[490, 510, 530, 550, 570, 570, 570, 570, 570, 570, 570, 570, 570, 570, 570, 570, 570, 570, 570, 570, 570, 550, 550] [550, 550, 550, 550, 550, 530, 510, 490, 470, 450, 430, 410, 390, 370, 350, 330, 310, 290, 270, 250, 230, 230, 250] [349, 562] 23 3
[470, 490, 510, 530, 550, 570, 570, 570, 570, 570, 570, 570, 570, 570, 570, 570, 570, 570, 570, 570, 570, 570, 550] [550, 550, 550, 550, 550, 550, 530, 510, 490, 470, 450, 430, 410, 390, 370, 350, 330, 310, 290, 270, 250, 230, 230] [349, 562] 23 3
[470, 470, 490, 510, 530, 550, 570, 570, 570, 570, 570, 570, 570, 570, 570, 570, 570, 570, 570, 570, 570, 570, 570] [570, 550, 550, 550, 550, 550, 550, 530, 510, 490, 470, 450, 430, 410, 390, 370, 350, 330, 310, 290, 270, 250, 230] [349, 562] 23 0
[450, 470, 470, 490, 510, 530, 550, 570, 570, 570, 570, 570, 570, 570, 570, 570, 570, 570, 570, 570, 570, 570, 570] [570, 570, 550, 550, 550, 550, 550, 550, 530, 510, 490, 470, 450, 430, 410, 390, 370, 350, 330, 310, 290, 270, 250] [349, 562] 23 3
[430, 450, 470, 470, 490, 510, 530, 550, 570, 570, 570, 570, 570, 570, 570, 570, 570, 570, 570, 570, 570, 570, 570] [570, 570, 570, 550, 550, 550, 550, 550, 550, 530, 510, 490, 470, 450, 430, 410, 390, 370, 350, 330, 310, 290, 270] [349, 562] 23 3
[410, 430, 450, 470, 470, 490, 510, 530, 550, 570, 570, 570, 570, 570, 570, 570, 570, 570, 570, 570, 570, 570, 570] [570, 570, 570, 570, 550, 550, 550, 550, 550, 550, 530, 510, 490, 470, 450, 430, 410, 390, 370, 350, 330, 310, 290] [349, 562] 23 3
[390, 410, 430, 450, 470, 470, 490, 510, 530, 550, 570, 570, 570, 570, 570, 570, 570, 570, 570, 570, 570, 570, 570] [570, 570, 570, 570, 570, 550, 550, 550, 550, 550, 550, 530, 510, 490, 470, 450, 430, 410, 390, 370, 350, 330, 310] [349, 562] 23 3
[370, 390, 410, 430, 450, 470, 470, 490, 510, 530, 550, 570, 570, 570, 570, 570, 570, 570, 570, 570, 570, 570, 570] [570, 570, 570, 570, 570, 570, 550, 550, 550, 550, 550, 550, 530, 510, 490, 470, 450, 430, 410, 390, 370, 350, 330] [349, 562] 23 3
[350, 370, 390, 410, 430, 450, 470, 470, 490, 510, 530, 550, 570, 570, 570, 570, 570, 570, 570, 570, 570, 570, 570] [570, 570, 570, 570, 570, 570, 570, 550, 550, 550, 550, 550, 550, 530, 510, 490, 470, 450, 430, 410, 390, 370, 350] [349, 562] 23 3
[350, 350, 370, 390, 410, 430, 450, 470, 470, 490, 510, 530, 550, 570, 570, 570, 570, 570, 570, 570, 570, 570, 570, 570] [550, 570, 570, 570, 570, 570, 570, 570, 550, 550, 550, 550, 550, 550, 530, 510, 490, 470, 450, 430, 410, 390, 370, 350] [166, 16] 24 2
