[290, 290, 290, 290, 290] [310, 290, 270, 250, 230] [61, 415] 5 0
[290, 290, 290, 290, 290] [330, 310, 290, 270, 250] [61, 415] 5 0
[290, 290, 290, 290, 290] [350, 330, 310, 290, 270] [61, 415] 5 0
[290, 290, 290, 290, 290] [370, 350, 330, 310, 290] [61, 415] 5 0
[290, 290, 290, 290, 290] [390, 370, 350, 330, 310] [61, 415] 5 0
[270, 290, 290, 290, 290] [390, 390, 370, 350, 330] [61, 415] 5 3
[270, 270, 290, 290, 290] [410, 390, 390, 370, 350] [61, 415] 5 0
[250, 270, 270, 290, 290] [410, 410, 390, 390, 370] [61, 415] 5 3
[230, 250, 270, 270, 290] [410, 410, 410, 390, 390] [61, 415] 5 3
[210, 230, 250, 270, 270] [410, 410, 410, 410, 390] [61, 415] 5 3
[190, 210, 230, 250, 270] [410, 410, 410, 410, 410] [61, 415] 5 3
[170, 190, 210, 230, 250] [410, 410, 410, 410, 410] [61, 415] 5 3
[150, 170, 190, 210, 230] [410, 410, 410, 410, 410] [61, 415] 5 3
[130, 150, 170, 190, 210] [410, 410, 410, 410, 410] [61, 415] 5 3
[110, 130, 150, 170, 190] [410, 410, 410, 410, 410] [61, 415] 5 3
[90, 110, 130, 150, 170] [410, 410, 410, 410, 410] [61, 415] 5 3
[70, 90, 110, 130, 150] [410, 410, 410, 410, 410] [61, 415] 5 3
[50, 70, 90, 110, 130, 150] [410, 410, 410, 410, 410, 410] [380, 312] 6 3
