[570, 570, 570, 570, 550, 550, 550, 530, 510, 490, 470, 450, 430, 410, 390, 370, 350, 330, 310, 290, 270, 250, 230] [290, 270, 250, 230, 230, 250, 270, 270, 270, 270, 270, 270, 270, 270, 270, 270, 270, 270, 270, 270, 270, 270, 270] [349, 562] 23 0
[570, 570, 570, 570, 570, 550, 550, 550, 530, 510, 490, 470, 450, 430, 410, 390, 370, 350, 330, 310, 290, 270, 250] [310, 290, 270, 250, 230, 230, 250, 270, 270, 270, 270, 270, 270, 270, 270, 270, 270, 270, 270, 270, 270, 270, 270] [349, 562] 23 0
[570, 570, 570, 570, 570, 570, 550, 550, 550, 530, 510, 490, 470, 450, 430, 410, 390, 370, 350, 330, 310, 290, 270] [330, 310, 290, 270, 250, 230, 230, 250, 270, 270, 270, 270, 270, 270, 270, 270, 270, 270, 270, 270, 270, 270, 270] [349, 562] 23 0
[570, 570, 570, 570, 570, 570, 570, 550, 550, 550, 530, 510, 490, 470, 450, 430, 410, 390, 370, 350, 330, 310, 290] [350, 330, 310, 290, 270, 250, 230, 230, 250, 270, 270, 270, 270, 270, 270, 270, 270, 270, 270, 270, 270, 270, 270] [349, 562] 23 0
[570, 570, 570, 570, 570, 570, 570, 570, 550, 550, 550, 530, 510, 490, 470, 450, 430, 410, 390, 370, 350, 330, 310] [370, 350, 330, 310, 290, 270, 250, 230, 230, 250, 270, 270, 270, 270, 270, 270, 270, 270, 270, 270, 270, 270, 270] [349, 562] 23 0
[570, 570, 570, 570, 570, 570, 570, 570, 570, 550, 550, 550, 530, 510, 490, 470, 450, 430, 410, 390, 370, 350, 330] [390, 370, 350, 330, 310, 290, 270, 250, 230, 230, 250, 270, 270, 270, 270, 270, 270, 270, 270, 270, 270, 270, 270] [349, 562] 23 0
[570, 570, 570, 570, 570, 570, 570, 570, 570, 570, 550, 550, 550, 530, 510, 490, 470, 450, 430, 410, 390, 370, 350] [410, 390, 370, 350, 330, 310, 290, 270, 250, 230, 230, 250, 270, 270, 270, 270, 270, 270, 270, 270, 270, 270, 270] [349, 562] 23 0
[570, 570, 570, 570, 570, 570, 570, 570, 570, 570, 570, 550, 550, 550, 530, 510, 490, 470, 450, 430, 410, 390, 370] [430, 410, 390, 370, 350, 330, 310, 290, 270, 250, 230, 230, 250, 270, 270, 270, 270, 270, 270, 270, 270, 270, 270] [349, 562] 23 0
[570, 570, 570, 570, 570, 570, 570, 570, 570, 570, 570, 570, 550, 550, 550, 530, 510, 490, 470, 450, 430, 410, 390] [450, 430, 410, 390, 370, 350, 330, 310, 290, 270, 250, 230, 230, 250, 270, 270, 270, 270, 270, 270, 270, 270, 270] [349, 562] 23 0
[570, 570, 570, 570, 570, 570, 570, 570, 570, 570, 570, 570, 570, 550, 550, 550, 530, 510, 490, 470, 450, 430, 410] [470, 450, 430, 410, 390, 370, 350, 330, 310, 290, 270, 250, 230, 230, 250, 270, 270, 270, 270, 270, 270, 270, 270] [349, 562] 23 0
[550, 570, 570, 570, 570, 570, 570, 570, 570, 570, 570, 570, 570, 570, 550, 550, 550, 530, 510, 490, 470, 450, 430] [470, 470, 450, 430, 410, 390, 370, 350, 330, 310, 290, 270, 250, 230, 230, 250, 270, 270, 270, 270, 270, 270, 270] [349, 562] 23 3
[550, 550, 570, 570, 570, 570, 570, 570, 570, 570, 570, 570, 570, 570, 570, 550, 550, 550, 530, 510, 490, 470, 450] [490, 470, 470, 450, 430, 410, 390, 370, 350, 330, 310, 290, 270, 250, 230, 230, 250, 270, 270, 270, 270, 270, 270] [349, 562] 23 0
[530, 550, 550, 570, 570, 570, 570, 570, 570, 570, 570, 570, 570, 570, 570, 570, 550, 550, 550, 530, 510, 490, 470] [490, 490, 470, 470, 450, 430, 410, 390, 370, 350, 330, 310, 290, 270, 250, 230, 230, 250, 270, 270, 270, 270, 270] [349, 562] 23 3
[530, 530, 550, 550, 570, 570, 570, 570, 570, 570, 570, 570, 570, 570, 570, 570, 570, 550, 550, 550, 530, 510, 490] [510, 490, 490, 470, 470, 450, 430, 410, 390, 370, 350, 330, 310, 290, 270, 250, 230, 230, 250, 270, 270, 270, 270] [349, 562] 23 0
[530, 530, 530, 550, 550, 570, 570, 570, 570, 570, 570, 570, 570, 570, 570, 570, 570, 570, 550, 550, 550, 530, 510] [530, 510, 490, 490, 470, 470, 450, 430, 410, 390, 370, 350, 330, 310, 290, 270, 250, 230, 230, 250, 270, 270, 270] [349, 562] 23 0
[530, 530, 530, 530, 550, 550, 570, 570, 570, 570, 570, 570, 570, 570, 570, 570, 570, 570, 570, 550, 550, 550, 530] [550, 530, 510, 490, 490, 470, 470, 450, 430, 410, 390, 370, 350, 330, 310, 290, 270, 250, 230, 230, 250, 270, 270] [349, 562] 23 0
[530, 530, 530, 530, 530, 550, 550, 570, 570, 570, 570, 570, 570, 570, 570, 570, 570, 570, 570, 570, 550, 550, 550] [570, 550, 530, 510, 490, 490, 470, 470, 450, 430, 410, 390, 370, 350, 330, 310, 290, 270, 250, 230, 230, 250, 270] [349, 562] 23 0
[510, 530, 530, 530, 530, 530, 550, 550, 570, 570, 570, 570, 570, 570, 570, 570, 570, 570, 570, 570, 570, 550, 550] [570, 570, 550, 530, 510, 490, 490, 470, 470, 450, 430, 410, 390, 370, 350, 330, 310, 290, 270, 250, 230, 230, 250] [349, 562] 23 3
[490, 510, 530, 530, 530, 530, 530, 550, 550, 570, 570, 570, 570, 570, 570, 570, 570, 570, 570, 570, 570, 570, 550] [570, 570, 570, 550, 530, 510, 490, 490, 470, 470, 450, 430, 410, 390, 370, 350, 330, 310, 290, 270, 250, 230, 230] [349, 562] 23 3
[470, 490, 510, 530, 530, 530, 530, 530, 550, 550, 570, 570, 570, 570, 570, 570, 570, 570, 570, 570, 570, 570, 570] [570, 570, 570, 570, 550, 530, 510, 490, 490, 470, 470, 450, 430, 410, 390, 370, 350, 330, 310, 290, 270, 250, 230] [349, 562] 23 3
[450, 470, 490, 510, 530, 530, 530, 530, 530, 550, 550, 570, 570, 570, 570, 570, 570, 570, 570, 570, 570, 570, 570] [570, 570, 570, 570, 570, 550, 530, 510, 490, 490, 470, 470, 450, 430, 410, 390, 370, 350, 330, 310, 290, 270, 250] [349, 562] 23 3
[430, 450, 470, 490, 510, 530, 530, 530, 530, 530, 550, 550, 570, 570, 570, 570, 570, 570, 570, 570, 570, 570, 570] [570, 570, 570, 570, 570, 570, 550, 530, 510, 490, 490, 470, 470, 450, 430, 410, 390, 370, 350, 330, 310, 290, 270] [349, 562] 23 3
[410, 430, 450, 470, 490, 510, 530, 530, 530, 530, 530, 550, 550, 570, 570, 570, 570, 570, 570, 570, 570, 570, 570] [570, 570, 570, 570, 570, 570, 570, 550, 530, 510, 490, 490, 470, 470, 450, 430, 410, 390, 370, 350, 330, 310, 290] [349, 562] 23 3
[390, 410, 430, 450, 470, 490, 510, 530, 530, 530, 530, 530, 550, 550, 570, 570, 570, 570, 570, 570, 570, 570, 570] [570, 570, 570, 570, 570, 570, 570, 570, 550, 530, 510, 490, 490, 470, 470, 450, 430, 410, 390, 370, 350, 330, 310] [349, 562] 23 3
[370, 390, 410, 430, 450, 470, 490, 510, 530, 530, 530, 530, 530, 550, 550, 570, 570, 570, 570, 570, 570, 570, 570] [570, 570, 570, 570, 570, 570, 570, 570, 570, 550, 530, 510, 490, 490, 470, 470, 450, 430, 410, 390, 370, 350, 330] [349, 562] 23 3
[350, 370, 390, 410, 430, 450, 470, 490, 510, 530, 530, 530, 530, 530, 550, 550, 570, 570, 570, 570, 570, 570, 570] [570, 570, 570, 570, 570, 570, 570, 570, 570, 570, 550, 530, 510, 490, 490, 470, 470, 450, 430, 410, 390, 370, 350] [349, 562] 23 3
[350, 350, 370, 390, 410, 430, 450, 470, 490, 510, 530, 530, 530, 530, 530, 550, 550, 570, 570, 570, 570, 570, 570, 570] [550, 570, 570, 570, 570, 570, 570, 570, 570, 570, 570, 550, 530, 510, 490, 490, 470, 470, 450, 430, 410, 390, 370, 350] [10, 218] 24 2
[350, 350, 350, 370, 390, 410, 430, 450, 470, 490, 510, 530, 530, 530, 530, 530, 550, 550, 570, 570, 570, 570, 570, 570] [530, 550, 570, 570, 570, 570, 570, 570, 570, 570, 570, 570, 550, 530, 510, 490, 490, 470, 470, 450, 430, 410, 390, 370] [10, 218] 24 2
[350, 350, 350, 350, 370, 390, 410, 430, 450, 470, 490, 510, 530, 530, 530, 530, 530, 550, 550, 570, 570, 570, 570, 570] [510, 530, 550, 570, 570, 570, 570, 570, 570, 570, 570, 570, 570, 550, 530, 510, 490, 490, 470, 470, 450, 430, 410, 390] [10, 218] 24 2
[350, 350, 350, 350, 350, 370, 390, 410, 430, 450, 470, 490, 510, 530, 530, 530, 530, 530, 550, 550, 570, 570, 570, 570] [490, 510, 530, 550, 570, 570, 570, 570, 570, 570, 570, 570, 570, 570, 550, 530, 510, 490, 490, 470, 470, 450, 430, 410] [10, 218] 24 2
[350, 350, 350, 350, 350, 350, 370, 390, 410, 430, 450, 470, 490, 510, 530, 530, 530, 530, 530, 550, 550, 570, 570, 570] [470, 490, 510, 530, 550, 570, 570, 570, 570, 570, 570, 570, 570, 570, 570, 550, 530, 510, 490, 490, 470, 470, 450, 430] [10, 218] 24 2
[350, 350, 350, 350, 350, 350, 350, 370, 390, 410, 430, 450, 470, 490, 510, 530, 530, 530, 530, 530, 550, 550, 570, 570] [450, 470, 490, 510, 530, 550, 570, 570, 570, 570, 570, 570, 570, 570, 570, 570, 550, 530, 510, 490, 490, 470, 470, 450] [10, 218] 24 2
[350, 350, 350, 350, 350, 350, 350, 350, 370, 390, 410, 430, 450, 470, 490, 510, 530, 530, 530, 530, 530, 550, 550, 570] [430, 450, 470, 490, 510, 530, 550, 570, 570, 570, 570, 570, 570, 570, 570, 570, 570, 550, 530, 510, 490, 490, 470, 470] [10, 218] 24 2
[350, 350, 350, 350, 350, 350, 350, 350, 350, 370, 390, 410, 430, 450, 470, 490, 510, 530, 530, 530, 530, 530, 550, 550] [410, 430, 450, 470, 490, 510, 530, 550, 570, 570, 570, 570, 570, 570, 570, 570, 570, 570, 550, 530, 510, 490, 490, 470] [10, 218] 24 2
[350, 350, 350, 350, 350, 350, 350, 350, 350, 350, 370, 390, 410, 430, 450, 470, 490, 510, 530, 530, 530, 530, 530, 550] [390, 410, 430, 450, 470, 490, 510, 530, 550, 570, 570, 570, 570, 570, 570, 570, 570, 570, 570, 550, 530, 510, 490, 490] [10, 218] 24 2
[350, 350, 350, 350, 350, 350, 350, 350, 350, 350, 350, 370, 390, 410, 430, 450, 470, 490, 510, 530, 530, 530, 530, 530] [370, 390, 410, 430, 450, 470, 490, 510, 530, 550, 570, 570, 570, 570, 570, 570, 570, 570, 570, 570, 550, 530, 510, 490] [10, 218] 24 2
[350, 350, 350, 350, 350, 350, 350, 350, 350, 350, 350, 350, 370, 390, 410, 430, 450, 470, 490, 510, 530, 530, 530, 530] [350, 370, 390, 410, 430, 450, 470, 490, 510, 530, 550, 570, 570, 570, 570, 570, 570, 570, 570, 570, 570, 550, 530, 510] [10, 218] 24 2
[350, 350, 350, 350, 350, 350, 350, 350, 350, 350, 350, 350, 350, 370, 390, 410, 430, 450, 470, 490, 510, 530, 530, 530] [330, 350, 370, 390, 410, 430, 450, 470, 490, 510, 530, 550, 570, 570, 570, 570, 570, 570, 570, 570, 570, 570, 550, 530] [10, 218] 24 2
[350, 350, 350, 350, 350, 350, 350, 350, 350, 350, 350, 350, 350, 350, 370, 390, 410, 430, 450, 470, 490, 510, 530, 530] [310, 330, 350, 370, 390, 410, 430, 450, 470, 490, 510, 530, 550, 570, 570, 570, 570, 570, 570, 570, 570, 570, 570, 550] [10, 218] 24 2
[350, 350, 350, 350, 350, 350, 350, 350, 350, 350, 350, 350, 350, 350, 350, 370, 390, 410, 430, 450, 470, 490, 510, 530] [290, 310, 330, 350, 370, 390, 410, 430, 450, 470, 490, 510, 530, 550, 570, 570, 570, 570, 570, 570, 570, 570, 570, 570] [10, 218] 24 2
[350, 350, 350, 350, 350, 350, 350, 350, 350, 350, 350, 350, 350, 350, 350, 350, 370, 390, 410, 430, 450, 470, 490, 510] [270, 290, 310, 330, 350, 370, 390, 410, 430, 450, 470, 490, 510, 530, 550, 570, 570, 570, 570, 570, 570, 570, 570, 570] [10, 218] 24 2
[350, 350, 350, 350, 350, 350, 350, 350, 350, 350, 350, 350, 350, 350, 350, 350, 350, 370, 390, 410, 430, 450, 470, 490] [250, 270, 290, 310, 330, 350, 370, 390, 410, 430, 450, 470, 490, 510, 530, 550, 570, 570, 570, 570, 570, 570, 570, 570] [10, 218] 24 2
[350, 350, 350, 350, 350, 350, 350, 350, 350, 350, 350, 350, 350, 350, 350, 350, 350, 350, 370, 390, 410, 430, 450, 470] [230, 250, 270, 290, 310, 330, 350, 370, 390, 410, 430, 450, 470, 490, 510, 530, 550, 570, 570, 570, 570, 570, 570, 570] [10, 218] 24 2
[330, 350, 350, 350, 350, 350, 350, 350, 350, 350, 350, 350, 350, 350, 350, 350, 350, 350, 350, 370, 390, 410, 430, 450] [230, 230, 250, 270, 290, 310, 330, 350, 370, 390, 410, 430, 450, 470, 490, 510, 530, 550, 570, 570, 570, 570, 570, 570] [10, 218] 24 3
[310, 330, 350, 350, 350, 350, 350, 350, 350, 350, 350, 350, 350, 350, 350, 350, 350, 350, 350, 350, 370, 390, 410, 430] [230, 230, 230, 250, 270, 290, 310, 330, 350, 370, 390, 410, 430, 450, 470, 490, 510, 530, 550, 570, 570, 570, 570, 570] [10, 218] 24 3
[310, 310, 330, 350, 350, 350, 350, 350, 350, 350, 350, 350, 350, 350, 350, 350, 350, 350, 350, 350, 350, 370, 390, 410] [210, 230, 230, 230, 250, 270, 290, 310, 330, 350, 370, 390, 410, 430, 450, 470, 490, 510, 530, 550, 570, 570, 570, 570] [10, 218] 24 2
[290, 310, 310, 330, 350, 350, 350, 350, 350, 350, 350, 350, 350, 350, 350, 350, 350, 350, 350, 350, 350, 350, 370, 390] [210, 210, 230, 230, 230, 250, 270, 290, 310, 330, 350, 370, 390, 410, 430, 450, 470, 490, 510, 530, 550, 570, 570, 570] [10, 218] 24 3
[270, 290, 310, 310, 330, 350, 350, 350, 350, 350, 350, 350, 350, 350, 350, 350, 350, 350, 350, 350, 350, 350, 350, 370] [210, 210, 210, 230, 230, 230, 250, 270, 290, 310, 330, 350, 370, 390, 410, 430, 450, 470, 490, 510, 530, 550, 570, 570] [10, 218] 24 3
[250, 270, 290, 310, 310, 330, 350, 350, 350, 350, 350, 350, 350, 350, 350, 350, 350, 350, 350, 350, 350, 350, 350, 350] [210, 210, 210, 210, 230, 230, 230, 250, 270, 290, 310, 330, 350, 370, 390, 410, 430, 450, 470, 490, 510, 530, 550, 570] [10, 218] 24 3
[230, 250, 270, 290, 310, 310, 330, 350, 350, 350, 350, 350, 350, 350, 350, 350, 350, 350, 350, 350, 350, 350, 350, 350] [210, 210, 210, 210, 210, 230, 230, 230, 250, 270, 290, 310, 330, 350, 370, 390, 410, 430, 450, 470, 490, 510, 530, 550] [10, 218] 24 3
[210, 230, 250, 270, 290, 310, 310, 330, 350, 350, 350, 350, 350, 350, 350, 350, 350, 350, 350, 350, 350, 350, 350, 350] [210, 210, 210, 210, 210, 210, 230, 230, 230, 250, 270, 290, 310, 330, 350, 370, 390, 410, 430, 450, 470, 490, 510, 530] [10, 218] 24 3
[190, 210, 230, 250, 270, 290, 310, 310, 330, 350, 350, 350, 350, 350, 350, 350, 350, 350, 350, 350, 350, 350, 350, 350] [210, 210, 210, 210, 210, 210, 210, 230, 230, 230, 250, 270, 290, 310, 330, 350, 370, 390, 410, 430, 450, 470, 490, 510] [10, 218] 24 3
[170, 190, 210, 230, 250, 270, 290, 310, 310, 330, 350, 350, 350, 350, 350, 350, 350, 350, 350, 350, 350, 350, 350, 350] [210, 210, 210, 210, 210, 210, 210, 210, 230, 230, 230, 250, 270, 290, 310, 330, 350, 370, 390, 410, 430, 450, 470, 490] [10, 218] 24 3
[150, 170, 190, 210, 230, 250, 270, 290, 310, 310, 330, 350, 350, 350, 350, 350, 350, 350, 350, 350, 350, 350, 350, 350] [210, 210, 210, 210, 210, 210, 210, 210, 210, 230, 230, 230, 250, 270, 290, 310, 330, 350, 370, 390, 410, 430, 450, 470] [10, 218] 24 3
[130, 150, 170, 190, 210, 230, 250, 270, 290, 310, 310, 330, 350, 350, 350, 350, 350, 350, 350, 350, 350, 350, 350, 350] [210, 210, 210, 210, 210, 210, 210, 210, 210, 210, 230, 230, 230, 250, 270, 290, 310, 330, 350, 370, 390, 410, 430, 450] [10, 218] 24 3
[110, 130, 150, 170, 190, 210, 230, 250, 270, 290, 310, 310, 330, 350, 350, 350, 350, 350, 350, 350, 350, 350, 350, 350] [210, 210, 210, 210, 210, 210, 210, 210, 210, 210, 210, 230, 230, 230, 250, 270, 290, 310, 330, 350, 370, 390, 410, 430] [10, 218] 24 3
[90, 110, 130, 150, 170, 190, 210, 230, 250, 270, 290, 310, 310, 330, 350, 350, 350, 350, 350, 350, 350, 350, 350, 350] [210, 210, 210, 210, 210, 210, 210, 210, 210, 210, 210, 210, 230, 230, 230, 250, 270, 290, 310, 330, 350, 370, 390, 410] [10, 218] 24 3
[70, 90, 110, 130, 150, 170, 190, 210, 230, 250, 270, 290, 310, 310, 330, 350, 350, 350, 350, 350, 350, 350, 350, 350] [210, 210, 210, 210, 210, 210, 210, 210, 210, 210, 210, 210, 210, 230, 230, 230, 250, 270, 290, 310, 330, 350, 370, 390] [10, 218] 24 3
[50, 70, 90, 110, 130, 150, 170, 190, 210, 230, 250, 270, 290, 310, 310, 330, 350, 350, 350, 350, 350, 350, 350, 350] [210, 210, 210, 210, 210, 210, 210, 210, 210, 210, 210, 210, 210, 210, 230, 230, 230, 250, 270, 290, 310, 330, 350, 370] [10, 218] 24 3
[30, 50, 70, 90, 110, 130, 150, 170, 190, 210, 230, 250, 270, 290, 310, 310, 330, 350, 350, 350, 350, 350, 350, 350] [210, 210, 210, 210, 210, 210, 210, 210, 210, 210, 210, 210, 210, 210, 210, 230, 230, 230, 250, 270, 290, 310, 330, 350] [10, 218] 24 3
[10, 30, 50, 70, 90, 110, 130, 150, 170, 190, 210, 230, 250, 270, 290, 310, 310, 330, 350, 350, 350, 350, 350, 350] [210, 210, 210, 210, 210, 210, 210, 210, 210, 210, 210, 210, 210, 210, 210, 210, 230, 230, 230, 250, 270, 290, 310, 330] [10, 218] 24 3
[-10, 10, 30, 50, 70, 90, 110, 130, 150, 170, 190, 210, 230, 250, 270, 290, 310, 310, 330, 350, 350, 350, 350, 350, 350] [210, 210, 210, 210, 210, 210, 210, 210, 210, 210, 210, 210, 210, 210, 210, 210, 210, 230, 230, 230, 250, 270, 290, 310, 330] [468, 322] 25 3
