[290, 290, 290, 290, 290] [310, 290, 270, 250, 230] [435, 299] 5 0
[310, 290, 290, 290, 290] [310, 310, 290, 270, 250] [435, 299] 5 1
[330, 310, 290, 290, 290] [310, 310, 310, 290, 270] [435, 299] 5 1
[350, 330, 310, 290, 290] [310, 310, 310, 310, 290] [435, 299] 5 1
[370, 350, 330, 310, 290] [310, 310, 310, 310, 310] [435, 299] 5 1
[390, 370, 350, 330, 310] [310, 310, 310, 310, 310] [435, 299] 5 1
[410, 390, 370, 350, 330] [310, 310, 310, 310, 310] [435, 299] 5 1
[430, 410, 390, 370, 350] [310, 310, 310, 310, 310] [435, 299] 5 1
[430, 430, 410, 390, 370] [290, 310, 310, 310, 310] [435, 299] 5 2
[450, 430, 430, 410, 390, 370] [290, 290, 310, 310, 310, 310] [7, 383] 6 1
