[290, 290, 290, 290, 290] [310, 290, 270, 250, 230] [185, 210] 5 0
[290, 290, 290, 290, 290] [330, 310, 290, 270, 250] [185, 210] 5 0
[270, 290, 290, 290, 290] [330, 330, 310, 290, 270] [185, 210] 5 3
[250, 270, 290, 290, 290] [330, 330, 330, 310, 290] [185, 210] 5 3
[230, 250, 270, 290, 290] [330, 330, 330, 330, 310] [185, 210] 5 3
[210, 230, 250, 270, 290] [330, 330, 330, 330, 330] [185, 210] 5 3
[190, 210, 230, 250, 270] [330, 330, 330, 330, 330] [185, 210] 5 3
[190, 190, 210, 230, 250] [310, 330, 330, 330, 330] [185, 210] 5 2
[190, 190, 190, 210, 230] [290, 310, 330, 330, 330] [185, 210] 5 2
[190, 190, 190, 190, 210] [270, 290, 310, 330, 330] [185, 210] 5 2
[190, 190, 190, 190, 190] [250, 270, 290, 310, 330] [185, 210] 5 2
[190, 190, 190, 190, 190] [230, 250, 270, 290, 310] [185, 210] 5 2
[190, 190, 190, 190, 190] [210, 230, 250, 270, 290] [185, 210] 5 2
[190, 190, 190, 190, 190, 190] [190, 210, 230, 250, 270, 290] [35, 239] 6 2
[170, 190, 190, 190, 190, 190] [190, 190, 210, 230, 250, 270] [35, 239] 6 3
[150, 170, 190, 190, 190, 190] [190, 190, 190, 210, 230, 250] [35, 239] 6 3
[130, 150, 170, 190, 190, 190] [190, 190, 190, 190, 210, 230] [35, 239] 6 3
[110, 130, 150, 170, 190, 190] [190, 190, 190, 190, 190, 210] [35, 239] 6 3
[90, 110, 130, 150, 170, 190] [190, 190, 190, 190, 190, 190] [35, 239] 6 3
[70, 90, 110, 130, 150, 170] [190, 190, 190, 190, 190, 190] [35, 239] 6 3
[50, 70, 90, 110, 130, 150] [190, 190, 190, 190, 190, 190] [35, 239] 6 3
[30, 50, 70, 90, 110, 130] [190, 190, 190, 190, 190, 190] [35, 239] 6 3
[30, 30, 50, 70, 90, 110] [210, 190, 190, 190, 190, 190] [35, 239] 6 0
[30, 30, 30, 50, 70, 90] [230, 210, 190, 190, 190, 190] [35, 239] 6 0
[30, 30, 30, 30, 50, 70, 90] [250, 230, 210, 190, 190, 190, 190] [476, 440] 7 0
[30, 30, 30, 30, 30, 50, 70] [270, 250, 230, 210, 190, 190, 190] [476, 440] 7 0
[30, 30, 30, 30, 30, 30, 50] [290, 270, 250, 230, 210, 190, 190] [476, 440] 7 0
[30, 30, 30, 30, 30, 30, 30] [310, 290, 270, 250, 230, 210, 190] [476, 440] 7 0
[30, 30, 30, 30, 30, 30, 30] [330, 310, 290, 270, 250, 230, 210] [476, 440] 7 0
[30, 30, 30, 30, 30, 30, 30] [350, 330, 310, 290, 270, 250, 230] [476, 440] 7 0
[30, 30, 30, 30, 30, 30, 30] [370, 350, 330, 310, 290, 270, 250] [476, 440] 7 0
[30, 30, 30, 30, 30, 30, 30] [390, 370, 350, 330, 310, 290, 270] [476, 440] 7 0
[30, 30, 30, 30, 30, 30, 30] [410, 390, 370, 350, 330, 310, 290] [476, 440] 7 0
[30, 30, 30, 30, 30, 30, 30] [430, 410, 390, 370, 350, 330, 310] [476, 440] 7 0
[50, 30, 30, 30, 30, 30, 30] [430, 430, 410, 390, 370, 350, 330] [476, 440] 7 1
[70, 50, 30, 30, 30, 30, 30] [430, 430, 430, 410, 390, 370, 350] [476, 440] 7 1
[90, 70, 50, 30, 30, 30, 30] [430, 430, 430, 430, 410, 390, 370] [476, 440] 7 1
[110, 90, 70, 50, 30, 30, 30] [430, 430, 430, 430, 430, 410, 390] [476, 440] 7 1
[130, 110, 90, 70, 50, 30, 30] [430, 430, 430, 430, 430, 430, 410] [476, 440] 7 1
[150, 130, 110, 90, 70, 50, 30] [430, 430, 430, 430, 430, 430, 430] [476, 440] 7 1
[170, 150, 130, 110, 90, 70, 50] [430, 430, 430, 430, 430, 430, 430] [476, 440] 7 1
[190, 170, 150, 130, 110, 90, 70] [430, 430, 430, 430, 430, 430, 430] [476, 440] 7 1
[210, 190, 170, 150, 130, 110, 90] [430, 430, 430, 430, 430, 430, 430] [476, 440] 7 1
[230, 210, 190, 170, 150, 130, 110] [430, 430, 430, 430, 430, 430, 430] [476, 440] 7 1
[250, 230, 210, 190, 170, 150, 130] [430, 430, 430, 430, 430, 430, 430] [476, 440] 7 1
[270, 250, 230, 210, 190, 170, 150] [430, 430, 430, 430, 430, 430, 430] [476, 440] 7 1
[290, 270, 250, 230, 210, 190, 170] [430, 430, 430, 430, 430, 430, 430] [476, 440] 7 1
[310, 290, 270, 250, 230, 210, 190] [430, 430, 430, 430, 430, 430, 430] [476, 440] 7 1
[330, 310, 290, 270, 250, 230, 210] [430, 430, 430, 430, 430, 430, 430] [476, 440] 7 1
[350, 330, 310, 290, 270, 250, 230] [430, 430, 430, 430, 430, 430, 430] [476, 440] 7 1
[370, 350, 330, 310, 290, 270, 250] [430, 430, 430, 430, 430, 430, 430] [476, 440] 7 1
[390, 370, 350, 330, 310, 290, 270] [430, 430, 430, 430, 430, 430, 430] [476, 440] 7 1
[410, 390, 370, 350, 330, 310, 290] [430, 430, 430, 430, 430, 430, 430] [476, 440] 7 1
[430, 410, 390, 370, 350, 330, 310] [430, 430, 430, 430, 430, 430, 430] [476, 440] 7 1
[450, 430, 410, 390, 370, 350, 330] [430, 430, 430, 430, 430, 430, 430] [476, 440] 7 1
[470, 450, 430, 410, 390, 370, 350] [430, 430, 430, 430, 430, 430, 430] [476, 440] 7 1
[470, 470, 450, 430, 410, 390, 370, 350] [410, 430, 430, 430, 430, 430, 430, 430] [163, 70] 8 2
[470, 470, 470, 450, 430, 410, 390, 370] [390, 410, 430, 430, 430, 430, 430, 430] [163, 70] 8 2
[470, 470, 470, 470, 450, 430, 410, 390] [370, 390, 410, 430, 430, 430, 430, 430] [163, 70] 8 2
[470, 470, 470, 470, 470, 450, 430, 410] [350, 370, 390, 410, 430, 430, 430, 430] [163, 70] 8 2
[470, 470, 470, 470, 470, 470, 450, 430] [330, 350, 370, 390, 410, 430, 430, 430] [163, 70] 8 2
[470, 470, 470, 470, 470, 470, 470, 450] [310, 330, 350, 370, 390, 410, 430, 430] [163, 70] 8 2
[470, 470, 470, 470, 470, 470, 470, 470] [290, 310, 330, 350, 370, 390, 410, 430] [163, 70] 8 2
[470, 470, 470, 470, 470, 470, 470, 470] [270, 290, 310, 330, 350, 370, 390, 410] [163, 70] 8 2
[470, 470, 470, 470, 470, 470, 470, 470] [250, 270, 290, 310, 330, 350, 370, 390] [163, 70] 8 2
[470, 470, 470, 470, 470, 470, 470, 470] [230, 250, 270, 290, 310, 330, 350, 370] [163, 70] 8 2
[470, 470, 470, 470, 470, 470, 470, 470] [210, 230, 250, 270, 290, 310, 330, 350] [163, 70] 8 2
[470, 470, 470, 470, 470, 470, 470, 470] [190, 210, 230, 250, 270, 290, 310, 330] [163, 70] 8 2
[470, 470, 470, 470, 470, 470, 470, 470] [170, 190, 210, 230, 250, 270, 290, 310] [163, 70] 8 2
[470, 470, 470, 470, 470, 470, 470, 470] [150, 170, 190, 210, 230, 250, 270, 290] [163, 70] 8 2
[470, 470, 470, 470, 470, 470, 470, 470] [130, 150, 170, 190, 210, 230, 250, 270] [163, 70] 8 2
[470, 470, 470, 470, 470, 470, 470, 470] [110, 130, 150, 170, 190, 210, 230, 250] [163, 70] 8 2
[470, 470, 470, 470, 470, 470, 470, 470] [90, 110, 130, 150, 170, 190, 210, 230] [163, 70] 8 2
[470, 470, 470, 470, 470, 470, 470, 470] [70, 90, 110, 130, 150, 170, 190, 210] [163, 70] 8 2
[470, 470, 470, 470, 470, 470, 470, 470] [50, 70, 90, 110, 130, 150, 170, 190] [163, 70] 8 2
[450, 470, 470, 470, 470, 470, 470, 470] [50, 50, 70, 90, 110, 130, 150, 170] [163, 70] 8 3
[430, 450, 470, 470, 470, 470, 470, 470] [50, 50, 50, 70, 90, 110, 130, 150] [163, 70] 8 3
[410, 430, 450, 470, 470, 470, 470, 470] [50, 50, 50, 50, 70, 90, 110, 130] [163, 70] 8 3
[390, 410, 430, 450, 470, 470, 470, 470] [50, 50, 50, 50, 50, 70, 90, 110] [163, 70] 8 3
[370, 390, 410, 430, 450, 470, 470, 470] [50, 50, 50, 50, 50, 50, 70, 90] [163, 70] 8 3
[350, 370, 390, 410, 430, 450, 470, 470] [50, 50, 50, 50, 50, 50, 50, 70] [163, 70] 8 3
[330, 350, 370, 390, 410, 430, 450, 470] [50, 50, 50, 50, 50, 50, 50, 50] [163, 70] 8 3
[310, 330, 350, 370, 390, 410, 430, 450] [50, 50, 50, 50, 50, 50, 50, 50] [163, 70] 8 3
[290, 310, 330, 350, 370, 390, 410, 430] [50, 50, 50, 50, 50, 50, 50, 50] [163, 70] 8 3
[270, 290, 310, 330, 350, 370, 390, 410] [50, 50, 50, 50, 50, 50, 50, 50] [163, 70] 8 3
[250, 270, 290, 310, 330, 350, 370, 390] [50, 50, 50, 50, 50, 50, 50, 50] [163, 70] 8 3
[230, 250, 270, 290, 310, 330, 350, 370] [50, 50, 50, 50, 50, 50, 50, 50] [163, 70] 8 3
[210, 230, 250, 270, 290, 310, 330, 350] [50, 50, 50, 50, 50, 50, 50, 50] [163, 70] 8 3
[190, 210, 230, 250, 270, 290, 310, 330] [50, 50, 50, 50, 50, 50, 50, 50] [163, 70] 8 3
[170, 190, 210, 230, 250, 270, 290, 310] [50, 50, 50, 50, 50, 50, 50, 50] [163, 70] 8 3
[150, 170, 190, 210, 230, 250, 270, 290] [50, 50, 50, 50, 50, 50, 50, 50] [163, 70] 8 3
[150, 150, 170, 190, 210, 230, 250, 270] [70, 50, 50, 50, 50, 50, 50, 50] [163, 70] 8 0
[170, 150, 150, 170, 190, 210, 230, 250, 270] [70, 70, 50, 50, 50, 50, 50, 50, 50] [498, 162] 9 1
[190, 170, 150, 150, 170, 190, 210, 230, 250] [70, 70, 70, 50, 50, 50, 50, 50, 50] [498, 162] 9 1
[210, 190, 170, 150, 150, 170, 190, 210, 230] [70, 70, 70, 70, 50, 50, 50, 50, 50] [498, 162] 9 1
[230, 210, 190, 170, 150, 150, 170, 190, 210] [70, 70, 70, 70, 70, 50, 50, 50, 50] [498, 162] 9 1
[250, 230, 210, 190, 170, 150, 150, 170, 190] [70, 70, 70, 70, 70, 70, 50, 50, 50] [498, 162] 9 1
[270, 250, 230, 210, 190, 170, 150, 150, 170] [70, 70, 70, 70, 70, 70, 70, 50, 50] [498, 162] 9 1
[290, 270, 250, 230, 210, 190, 170, 150, 150] [70, 70, 70, 70, 70, 70, 70, 70, 50] [498, 162] 9 1
[310, 290, 270, 250, 230, 210, 190, 170, 150] [70, 70, 70, 70, 70, 70, 70, 70, 70] [498, 162] 9 1
[330, 310, 290, 270, 250, 230, 210, 190, 170] [70, 70, 70, 70, 70, 70, 70, 70, 70] [498, 162] 9 1
[350, 330, 310, 290, 270, 250, 230, 210, 190] [70, 70, 70, 70, 70, 70, 70, 70, 70] [498, 162] 9 1
[370, 350, 330, 310, 290, 270, 250, 230, 210] [70, 70, 70, 70, 70, 70, 70, 70, 70] [498, 162] 9 1
[390, 370, 350, 330, 310, 290, 270, 250, 230] [70, 70, 70, 70, 70, 70, 70, 70, 70] [498, 162] 9 1
[410, 390, 370, 350, 330, 310, 290, 270, 250] [70, 70, 70, 70, 70, 70, 70, 70, 70] [498, 162] 9 1
[430, 410, 390, 370, 350, 330, 310, 290, 270] [70, 70, 70, 70, 70, 70, 70, 70, 70] [498, 162] 9 1
[450, 430, 410, 390, 370, 350, 330, 310, 290] [70, 70, 70, 70, 70, 70, 70, 70, 70] [498, 162] 9 1
[470, 450, 430, 410, 390, 370, 350, 330, 310] [70, 70, 70, 70, 70, 70, 70, 70, 70] [498, 162] 9 1
[490, 470, 450, 430, 410, 390, 370, 350, 330] [70, 70, 70, 70, 70, 70, 70, 70, 70] [498, 162] 9 1
[490, 490, 470, 450, 430, 410, 390, 370, 350] [90, 70, 70, 70, 70, 70, 70, 70, 70] [498, 162] 9 0
[490, 490, 490, 470, 450, 430, 410, 390, 370] [110, 90, 70, 70, 70, 70, 70, 70, 70] [498, 162] 9 0
[490, 490, 490, 490, 470, 450, 430, 410, 390] [130, 110, 90, 70, 70, 70, 70, 70, 70] [498, 162] 9 0
[490, 490, 490, 490, 490, 470, 450, 430, 410] [150, 130, 110, 90, 70, 70, 70, 70, 70] [498, 162] 9 0
[490, 490, 490, 490, 490, 490, 470, 450, 430, 410] [170, 150, 130, 110, 90, 70, 70, 70, 70, 70] [566, 290] 10 0
[490, 490, 490, 490, 490, 490, 490, 470, 450, 430] [190, 170, 150, 130, 110, 90, 70, 70, 70, 70] [566, 290] 10 0
[490, 490, 490, 490, 490, 490, 490, 490, 470, 450] [210, 190, 170, 150, 130, 110, 90, 70, 70, 70] [566, 290] 10 0
[490, 490, 490, 490, 490, 490, 490, 490, 490, 470] [230, 210, 190, 170, 150, 130, 110, 90, 70, 70] [566, 290] 10 0
[490, 490, 490, 490, 490, 490, 490, 490, 490, 490] [250, 230, 210, 190, 170, 150, 130, 110, 90, 70] [566, 290] 10 0
[490, 490, 490, 490, 490, 490, 490, 490, 490, 490] [270, 250, 230, 210, 190, 170, 150, 130, 110, 90] [566, 290] 10 0
[490, 490, 490, 490, 490, 490, 490, 490, 490, 490] [290, 270, 250, 230, 210, 190, 170, 150, 130, 110] [566, 290] 10 0
[510, 490, 490, 490, 490, 490, 490, 490, 490, 490] [290, 290, 270, 250, 230, 210, 190, 170, 150, 130] [566, 290] 10 1
[530, 510, 490, 490, 490, 490, 490, 490, 490, 490] [290, 290, 290, 270, 250, 230, 210, 190, 170, 150] [566, 290] 10 1
[550, 530, 510, 490, 490, 490, 490, 490, 490, 490] [290, 290, 290, 290, 270, 250, 230, 210, 190, 170] [566, 290] 10 1
[550, 550, 530, 510, 490, 490, 490, 490, 490, 490, 490] [270, 290, 290, 290, 290, 270, 250, 230, 210, 190, 170] [475, 208] 11 2
[550, 550, 550, 530, 510, 490, 490, 490, 490, 490, 490] [250, 270, 290, 290, 290, 290, 270, 250, 230, 210, 190] [475, 208] 11 2
[550, 550, 550, 550, 530, 510, 490, 490, 490, 490, 490] [230, 250, 270, 290, 290, 290, 290, 270, 250, 230, 210] [475, 208] 11 2
[550, 550, 550, 550, 550, 530, 510, 490, 490, 490, 490] [210, 230, 250, 270, 290, 290, 290, 290, 270, 250, 230] [475, 208] 11 2
[550, 550, 550, 550, 550, 550, 530, 510, 490, 490, 490] [190, 210, 230, 250, 270, 290, 290, 290, 290, 270, 250] [475, 208] 11 2
[530, 550, 550, 550, 550, 550, 550, 530, 510, 490, 490] [190, 190, 210, 230, 250, 270, 290, 290, 290, 290, 270] [475, 208] 11 3
[510, 530, 550, 550, 550, 550, 550, 550, 530, 510, 490] [190, 190, 190, 210, 230, 250, 270, 290, 290, 290, 290] [475, 208] 11 3
[490, 510, 530, 550, 550, 550, 550, 550, 550, 530, 510] [190, 190, 190, 190, 210, 230, 250, 270, 290, 290, 290] [475, 208] 11 3
[470, 490, 510, 530, 550, 550, 550, 550, 550, 550, 530] [190, 190, 190, 190, 190, 210, 230, 250, 270, 290, 290] [475, 208] 11 3
[450, 470, 490, 510, 530, 550, 550, 550, 550, 550, 550, 530] [190, 190, 190, 190, 190, 190, 210, 230, 250, 270, 290, 290] [329, 289] 12 3
[430, 450, 470, 490, 510, 530, 550, 550, 550, 550, 550, 550] [190, 190, 190, 190, 190, 190, 190, 210, 230, 250, 270, 290] [329, 289] 12 3
[410, 430, 450, 470, 490, 510, 530, 550, 550, 550, 550, 550] [190, 190, 190, 190, 190, 190, 190, 190, 210, 230, 250, 270] [329, 289] 12 3
[390, 410, 430, 450, 470, 490, 510, 530, 550, 550, 550, 550] [190, 190, 190, 190, 190, 190, 190, 190, 190, 210, 230, 250] [329, 289] 12 3
[370, 390, 410, 430, 450, 470, 490, 510, 530, 550, 550, 550] [190, 190, 190, 190, 190, 190, 190, 190, 190, 190, 210, 230] [329, 289] 12 3
[350, 370, 390, 410, 430, 450, 470, 490, 510, 530, 550, 550] [190, 190, 190, 190, 190, 190, 190, 190, 190, 190, 190, 210] [329, 289] 12 3
[330, 350, 370, 390, 410, 430, 450, 470, 490, 510, 530, 550] [190, 190, 190, 190, 190, 190, 190, 190, 190, 190, 190, 190] [329, 289] 12 3
[310, 330, 350, 370, 390, 410, 430, 450, 470, 490, 510, 530] [190, 190, 190, 190, 190, 190, 190, 190, 190, 190, 190, 190] [329, 289] 12 3
[310, 310, 330, 350, 370, 390, 410, 430, 450, 470, 490, 510] [210, 190, 190, 190, 190, 190, 190, 190, 190, 190, 190, 190] [329, 289] 12 0
[310, 310, 310, 330, 350, 370, 390, 410, 430, 450, 470, 490] [230, 210, 190, 190, 190, 190, 190, 190, 190, 190, 190, 190] [329, 289] 12 0
[310, 310, 310, 310, 330, 350, 370, 390, 410, 430, 450, 470] [250, 230, 210, 190, 190, 190, 190, 190, 190, 190, 190, 190] [329, 289] 12 0
[310, 310, 310, 310, 310, 330, 350, 370, 390, 410, 430, 450] [270, 250, 230, 210, 190, 190, 190, 190, 190, 190, 190, 190] [329, 289] 12 0
[310, 310, 310, 310, 310, 310, 330, 350, 370, 390, 410, 430, 450] [290, 270, 250, 230, 210, 190, 190, 190, 190, 190, 190, 190, 190] [218, 86] 13 0
[310, 310, 310, 310, 310, 310, 310, 330, 350, 370, 390, 410, 430] [310, 290, 270, 250, 230, 210, 190, 190, 190, 190, 190, 190, 190] [218, 86] 13 0
[290, 310, 310, 310, 310, 310, 310, 310, 330, 350, 370, 390, 410] [310, 310, 290, 270, 250, 230, 210, 190, 190, 190, 190, 190, 190] [218, 86] 13 3
[270, 290, 310, 310, 310, 310, 310, 310, 310, 330, 350, 370, 390] [310, 310, 310, 290, 270, 250, 230, 210, 190, 190, 190, 190, 190] [218, 86] 13 3
[250, 270, 290, 310, 310, 310, 310, 310, 310, 310, 330, 350, 370] [310, 310, 310, 310, 290, 270, 250, 230, 210, 190, 190, 190, 190] [218, 86] 13 3
[230, 250, 270, 290, 310, 310, 310, 310, 310, 310, 310, 330, 350] [310, 310, 310, 310, 310, 290, 270, 250, 230, 210, 190, 190, 190] [218, 86] 13 3
[210, 230, 250, 270, 290, 310, 310, 310, 310, 310, 310, 310, 330] [310, 310, 310, 310, 310, 310, 290, 270, 250, 230, 210, 190, 190] [218, 86] 13 3
[210, 210, 230, 250, 270, 290, 310, 310, 310, 310, 310, 310, 310] [290, 310, 310, 310, 310, 310, 310, 290, 270, 250, 230, 210, 190] [218, 86] 13 2
[210, 210, 210, 230, 250, 270, 290, 310, 310, 310, 310, 310, 310] [270, 290, 310, 310, 310, 310, 310, 310, 290, 270, 250, 230, 210] [218, 86] 13 2
[210, 210, 210, 210, 230, 250, 270, 290, 310, 310, 310, 310, 310] [250, 270, 290, 310, 310, 310, 310, 310, 310, 290, 270, 250, 230] [218, 86] 13 2
[210, 210, 210, 210, 210, 230, 250, 270, 290, 310, 310, 310, 310] [230, 250, 270, 290, 310, 310, 310, 310, 310, 310, 290, 270, 250] [218, 86] 13 2
[210, 210, 210, 210, 210, 210, 230, 250, 270, 290, 310, 310, 310] [210, 230, 250, 270, 290, 310, 310, 310, 310, 310, 310, 290, 270] [218, 86] 13 2
[210, 210, 210, 210, 210, 210, 210, 230, 250, 270, 290, 310, 310] [190, 210, 230, 250, 270, 290, 310, 310, 310, 310, 310, 310, 290] [218, 86] 13 2
[210, 210, 210, 210, 210, 210, 210, 210, 230, 250, 270, 290, 310] [170, 190, 210, 230, 250, 270, 290, 310, 310, 310, 310, 310, 310] [218, 86] 13 2
[210, 210, 210, 210, 210, 210, 210, 210, 210, 230, 250, 270, 290] [150, 170, 190, 210, 230, 250, 270, 290, 310, 310, 310, 310, 310] [218, 86] 13 2
[210, 210, 210, 210, 210, 210, 210, 210, 210, 210, 230, 250, 270] [130, 150, 170, 190, 210, 230, 250, 270, 290, 310, 310, 310, 310] [218, 86] 13 2
[210, 210, 210, 210, 210, 210, 210, 210, 210, 210, 210, 230, 250] [110, 130, 150, 170, 190, 210, 230, 250, 270, 290, 310, 310, 310] [218, 86] 13 2
[210, 210, 210, 210, 210, 210, 210, 210, 210, 210, 210, 210, 230] [90, 110, 130, 150, 170, 190, 210, 230, 250, 270, 290, 310, 310] [218, 86] 13 2
[230, 210, 210, 210, 210, 210, 210, 210, 210, 210, 210, 210, 210, 230] [90, 90, 110, 130, 150, 170, 190, 210, 230, 250, 270, 290, 310, 310] [250, 420] 14 1
[230, 230, 210, 210, 210, 210, 210, 210, 210, 210, 210, 210, 210, 210] [110, 90, 90, 110, 130, 150, 170, 190, 210, 230, 250, 270, 290, 310] [250, 420] 14 0
[250, 230, 230, 210, 210, 210, 210, 210, 210, 210, 210, 210, 210, 210] [110, 110, 90, 90, 110, 130, 150, 170, 190, 210, 230, 250, 270, 290] [250, 420] 14 1
[250, 250, 230, 230, 210, 210, 210, 210, 210, 210, 210, 210, 210, 210] [130, 110, 110, 90, 90, 110, 130, 150, 170, 190, 210, 230, 250, 270] [250, 420] 14 0
[250, 250, 250, 230, 230, 210, 210, 210, 210, 210, 210, 210, 210, 210] [150, 130, 110, 110, 90, 90, 110, 130, 150, 170, 190, 210, 230, 250] [250, 420] 14 0
[250, 250, 250, 250, 230, 230, 210, 210, 210, 210, 210, 210, 210, 210] [170, 150, 130, 110, 110, 90, 90, 110, 130, 150, 170, 190, 210, 230] [250, 420] 14 0
[250, 250, 250, 250, 250, 230, 230, 210, 210, 210, 210, 210, 210, 210] [190, 170, 150, 130, 110, 110, 90, 90, 110, 130, 150, 170, 190, 210] [250, 420] 14 0
[250, 250, 250, 250, 250, 250, 230, 230, 210, 210, 210, 210, 210, 210] [210, 190, 170, 150, 130, 110, 110, 90, 90, 110, 130, 150, 170, 190] [250, 420] 14 0
[250, 250, 250, 250, 250, 250, 250, 230, 230, 210, 210, 210, 210, 210] [230, 210, 190, 170, 150, 130, 110, 110, 90, 90, 110, 130, 150, 170] [250, 420] 14 0
[250, 250, 250, 250, 250, 250, 250, 250, 230, 230, 210, 210, 210, 210] [250, 230, 210, 190, 170, 150, 130, 110, 110, 90, 90, 110, 130, 150] [250, 420] 14 0
[250, 250, 250, 250, 250, 250, 250, 250, 250, 230, 230, 210, 210, 210] [270, 250, 230, 210, 190, 170, 150, 130, 110, 110, 90, 90, 110, 130] [250, 420] 14 0
[250, 250, 250, 250, 250, 250, 250, 250, 250, 250, 230, 230, 210, 210] [290, 270, 250, 230, 210, 190, 170, 150, 130, 110, 110, 90, 90, 110] [250, 420] 14 0
[250, 250, 250, 250, 250, 250, 250, 250, 250, 250, 250, 230, 230, 210] [310, 290, 270, 250, 230, 210, 190, 170, 150, 130, 110, 110, 90, 90] [250, 420] 14 0
[250, 250, 250, 250, 250, 250, 250, 250, 250, 250, 250, 250, 230, 230] [330, 310, 290, 270, 250, 230, 210, 190, 170, 150, 130, 110, 110, 90] [250, 420] 14 0
[250, 250, 250, 250, 250, 250, 250, 250, 250, 250, 250, 250, 250, 230] [350, 330, 310, 290, 270, 250, 230, 210, 190, 170, 150, 130, 110, 110] [250, 420] 14 0
[250, 250, 250, 250, 250, 250, 250, 250, 250, 250, 250, 250, 250, 250] [370, 350, 330, 310, 290, 270, 250, 230, 210, 190, 170, 150, 130, 110] [250, 420] 14 0
[250, 250, 250, 250, 250, 250, 250, 250, 250, 250, 250, 250, 250, 250] [390, 370, 350, 330, 310, 290, 270, 250, 230, 210, 190, 170, 150, 130] [250, 420] 14 0
[250, 250, 250, 250, 250, 250, 250, 250, 250, 250, 250, 250, 250, 250] [410, 390, 370, 350, 330, 310, 290, 270, 250, 230, 210, 190, 170, 150] [250, 420] 14 0
[250, 250, 250, 250, 250, 250, 250, 250, 250, 250, 250, 250, 250, 250, 250] [430, 410, 390, 370, 350, 330, 310, 290, 270, 250, 230, 210, 190, 170, 150] [224, 342] 15 0
[230, 250, 250, 250, 250, 250, 250, 250, 250, 250, 250, 250, 250, 250, 250] [430, 430, 410, 390, 370, 350, 330, 310, 290, 270, 250, 230, 210, 190, 170] [224, 342] 15 3
[210, 230, 250, 250, 250, 250, 250, 250, 250, 250, 250, 250, 250, 250, 250] [430, 430, 430, 410, 390, 370, 350, 330, 310, 290, 270, 250, 230, 210, 190] [224, 342] 15 3
[210, 210, 230, 250, 250, 250, 250, 250, 250, 250, 250, 250, 250, 250, 250] [410, 430, 430, 430, 410, 390, 370, 350, 330, 310, 290, 270, 250, 230, 210] [224, 342] 15 2
[210, 210, 210, 230, 250, 250, 250, 250, 250, 250, 250, 250, 250, 250, 250] [390, 410, 430, 430, 430, 410, 390, 370, 350, 330, 310, 290, 270, 250, 230] [224, 342] 15 2
[210, 210, 210, 210, 230, 250, 250, 250, 250, 250, 250, 250, 250, 250, 250] [370, 390, 410, 430, 430, 430, 410, 390, 370, 350, 330, 310, 290, 270, 250] [224, 342] 15 2
[210, 210, 210, 210, 210, 230, 250, 250, 250, 250, 250, 250, 250, 250, 250] [350, 370, 390, 410, 430, 430, 430, 410, 390, 370, 350, 330, 310, 290, 270] [224, 342] 15 2
[210, 210, 210, 210, 210, 210, 230, 250, 250, 250, 250, 250, 250, 250, 250, 250] [330, 350, 370, 390, 410, 430, 430, 430, 410, 390, 370, 350, 330, 310, 290, 270] [101, 517] 16 2
[210, 210, 210, 210, 210, 210, 210, 230, 250, 250, 250, 250, 250, 250, 250, 250] [310, 330, 350, 370, 390, 410, 430, 430, 430, 410, 390, 370, 350, 330, 310, 290] [101, 517] 16 2
[210, 210, 210, 210, 210, 210, 210, 210, 230, 250, 250, 250, 250, 250, 250, 250] [290, 310, 330, 350, 370, 390, 410, 430, 430, 430, 410, 390, 370, 350, 330, 310] [101, 517] 16 2
[210, 210, 210, 210, 210, 210, 210, 210, 210, 230, 250, 250, 250, 250, 250, 250] [270, 290, 310, 330, 350, 370, 390, 410, 430, 430, 430, 410, 390, 370, 350, 330] [101, 517] 16 2
[210, 210, 210, 210, 210, 210, 210, 210, 210, 210, 230, 250, 250, 250, 250, 250] [250, 270, 290, 310, 330, 350, 370, 390, 410, 430, 430, 430, 410, 390, 370, 350] [101, 517] 16 2
[210, 210, 210, 210, 210, 210, 210, 210, 210, 210, 210, 230, 250, 250, 250, 250] [230, 250, 270, 290, 310, 330, 350, 370, 390, 410, 430, 430, 430, 410, 390, 370] [101, 517] 16 2
[190, 210, 210, 210, 210, 210, 210, 210, 210, 210, 210, 210, 230, 250, 250, 250] [230, 230, 250, 270, 290, 310, 330, 350, 370, 390, 410, 430, 430, 430, 410, 390] [101, 517] 16 3
[170, 190, 210, 210, 210, 210, 210, 210, 210, 210, 210, 210, 210, 230, 250, 250] [230, 230, 230, 250, 270, 290, 310, 330, 350, 370, 390, 410, 430, 430, 430, 410] [101, 517] 16 3
[150, 170, 190, 210, 210, 210, 210, 210, 210, 210, 210, 210, 210, 210, 230, 250] [230, 230, 230, 230, 250, 270, 290, 310, 330, 350, 370, 390, 410, 430, 430, 430] [101, 517] 16 3
[130, 150, 170, 190, 210, 210, 210, 210, 210, 210, 210, 210, 210, 210, 210, 230] [230, 230, 230, 230, 230, 250, 270, 290, 310, 330, 350, 370, 390, 410, 430, 430] [101, 517] 16 3
[110, 130, 150, 170, 190, 210, 210, 210, 210, 210, 210, 210, 210, 210, 210, 210] [230, 230, 230, 230, 230, 230, 250, 270, 290, 310, 330, 350, 370, 390, 410, 430] [101, 517] 16 3
[90, 110, 130, 150, 170, 190, 210, 210, 210, 210, 210, 210, 210, 210, 210, 210] [230, 230, 230, 230, 230, 230, 230, 250, 270, 290, 310, 330, 350, 370, 390, 410] [101, 517] 16 3
[90, 90, 110, 130, 150, 170, 190, 210, 210, 210, 210, 210, 210, 210, 210, 210] [250, 230, 230, 230, 230, 230, 230, 230, 250, 270, 290, 310, 330, 350, 370, 390] [101, 517] 16 0
[90, 90, 90, 110, 130, 150, 170, 190, 210, 210, 210, 210, 210, 210, 210, 210] [270, 250, 230, 230, 230, 230, 230, 230, 230, 250, 270, 290, 310, 330, 350, 370] [101, 517] 16 0
[90, 90, 90, 90, 110, 130, 150, 170, 190, 210, 210, 210, 210, 210, 210, 210] [290, 270, 250, 230, 230, 230, 230, 230, 230, 230, 250, 270, 290, 310, 330, 350] [101, 517] 16 0
[90, 90, 90, 90, 90, 110, 130, 150, 170, 190, 210, 210, 210, 210, 210, 210] [310, 290, 270, 250, 230, 230, 230, 230, 230, 230, 230, 250, 270, 290, 310, 330] [101, 517] 16 0
[90, 90, 90, 90, 90, 90, 110, 130, 150, 170, 190, 210, 210, 210, 210, 210] [330, 310, 290, 270, 250, 230, 230, 230, 230, 230, 230, 230, 250, 270, 290, 310] [101, 517] 16 0
[90, 90, 90, 90, 90, 90, 90, 110, 130, 150, 170, 190, 210, 210, 210, 210] [350, 330, 310, 290, 270, 250, 230, 230, 230, 230, 230, 230, 230, 250, 270, 290] [101, 517] 16 0
[90, 90, 90, 90, 90, 90, 90, 90, 110, 130, 150, 170, 190, 210, 210, 210] [370, 350, 330, 310, 290, 270, 250, 230, 230, 230, 230, 230, 230, 230, 250, 270] [101, 517] 16 0
[90, 90, 90, 90, 90, 90, 90, 90, 90, 110, 130, 150, 170, 190, 210, 210] [390, 370, 350, 330, 310, 290, 270, 250, 230, 230, 230, 230, 230, 230, 230, 250] [101, 517] 16 0
[90, 90, 90, 90, 90, 90, 90, 90, 90, 90, 110, 130, 150, 170, 190, 210] [410, 390, 370, 350, 330, 310, 290, 270, 250, 230, 230, 230, 230, 230, 230, 230] [101, 517] 16 0
[90, 90, 90, 90, 90, 90, 90, 90, 90, 90, 90, 110, 130, 150, 170, 190] [430, 410, 390, 370, 350, 330, 310, 290, 270, 250, 230, 230, 230, 230, 230, 230] [101, 517] 16 0
[90, 90, 90, 90, 90, 90, 90, 90, 90, 90, 90, 90, 110, 130, 150, 170] [450, 430, 410, 390, 370, 350, 330, 310, 290, 270, 250, 230, 230, 230, 230, 230] [101, 517] 16 0
[90, 90, 90, 90, 90, 90, 90, 90, 90, 90, 90, 90, 90, 110, 130, 150] [470, 450, 430, 410, 390, 370, 350, 330, 310, 290, 270, 250, 230, 230, 230, 230] [101, 517] 16 0
[90, 90, 90, 90, 90, 90, 90, 90, 90, 90, 90, 90, 90, 90, 110, 130] [490, 470, 450, 430, 410, 390, 370, 350, 330, 310, 290, 270, 250, 230, 230, 230] [101, 517] 16 0
[90, 90, 90, 90, 90, 90, 90, 90, 90, 90, 90, 90, 90, 90, 90, 110] [510, 490, 470, 450, 430, 410, 390, 370, 350, 330, 310, 290, 270, 250, 230, 230] [101, 517] 16 0
[90, 90, 90, 90, 90, 90, 90, 90, 90, 90, 90, 90, 90, 90, 90, 90, 110] [530, 510, 490, 470, 450, 430, 410, 390, 370, 350, 330, 310, 290, 270, 250, 230, 230] [16, 226] 17 0
[90, 90, 90, 90, 90, 90, 90, 90, 90, 90, 90, 90, 90, 90, 90, 90, 90] [550, 530, 510, 490, 470, 450, 430, 410, 390, 370, 350, 330, 310, 290, 270, 250, 230] [16, 226] 17 0
[110, 90, 90, 90, 90, 90, 90, 90, 90, 90, 90, 90, 90, 90, 90, 90, 90] [550, 550, 530, 510, 490, 470, 450, 430, 410, 390, 370, 350, 330, 310, 290, 270, 250] [16, 226] 17 1
[110, 110, 90, 90, 90, 90, 90, 90, 90, 90, 90, 90, 90, 90, 90, 90, 90] [570, 550, 550, 530, 510, 490, 470, 450, 430, 410, 390, 370, 350, 330, 310, 290, 270] [16, 226] 17 0
[90, 110, 110, 90, 90, 90, 90, 90, 90, 90, 90, 90, 90, 90, 90, 90, 90] [570, 570, 550, 550, 530, 510, 490, 470, 450, 430, 410, 390, 370, 350, 330, 310, 290] [16, 226] 17 3
[70, 90, 110, 110, 90, 90, 90, 90, 90, 90, 90, 90, 90, 90, 90, 90, 90] [570, 570, 570, 550, 550, 530, 510, 490, 470, 450, 430, 410, 390, 370, 350, 330, 310] [16, 226] 17 3
[50, 70, 90, 110, 110, 90, 90, 90, 90, 90, 90, 90, 90, 90, 90, 90, 90] [570, 570, 570, 570, 550, 550, 530, 510, 490, 470, 450, 430, 410, 390, 370, 350, 330] [16, 226] 17 3
[30, 50, 70, 90, 110, 110, 90, 90, 90, 90, 90, 90, 90, 90, 90, 90, 90] [570, 570, 570, 570, 570, 550, 550, 530, 510, 490, 470, 450, 430, 410, 390, 370, 350] [16, 226] 17 3
[10, 30, 50, 70, 90, 110, 110, 90, 90, 90, 90, 90, 90, 90, 90, 90, 90] [570, 570, 570, 570, 570, 570, 550, 550, 530, 510, 490, 470, 450, 430, 410, 390, 370] [16, 226] 17 3
[10, 10, 30, 50, 70, 90, 110, 110, 90, 90, 90, 90, 90, 90, 90, 90, 90] [550, 570, 570, 570, 570, 570, 570, 550, 550, 530, 510, 490, 470, 450, 430, 410, 390] [16, 226] 17 2
[10, 10, 10, 30, 50, 70, 90, 110, 110, 90, 90, 90, 90, 90, 90, 90, 90] [530, 550, 570, 570, 570, 570, 570, 570, 550, 550, 530, 510, 490, 470, 450, 430, 410] [16, 226] 17 2
[10, 10, 10, 10, 30, 50, 70, 90, 110, 110, 90, 90, 90, 90, 90, 90, 90] [510, 530, 550, 570, 570, 570, 570, 570, 570, 550, 550, 530, 510, 490, 470, 450, 430] [16, 226] 17 2
[10, 10, 10, 10, 10, 30, 50, 70, 90, 110, 110, 90, 90, 90, 90, 90, 90] [490, 510, 530, 550, 570, 570, 570, 570, 570, 570, 550, 550, 530, 510, 490, 470, 450] [16, 226] 17 2
[10, 10, 10, 10, 10, 10, 30, 50, 70, 90, 110, 110, 90, 90, 90, 90, 90] [470, 490, 510, 530, 550, 570, 570, 570, 570, 570, 570, 550, 550, 530, 510, 490, 470] [16, 226] 17 2
[10, 10, 10, 10, 10, 10, 10, 30, 50, 70, 90, 110, 110, 90, 90, 90, 90] [450, 470, 490, 510, 530, 550, 570, 570, 570, 570, 570, 570, 550, 550, 530, 510, 490] [16, 226] 17 2
[10, 10, 10, 10, 10, 10, 10, 10, 30, 50, 70, 90, 110, 110, 90, 90, 90] [430, 450, 470, 490, 510, 530, 550, 570, 570, 570, 570, 570, 570, 550, 550, 530, 510] [16, 226] 17 2
[10, 10, 10, 10, 10, 10, 10, 10, 10, 30, 50, 70, 90, 110, 110, 90, 90] [410, 430, 450, 470, 490, 510, 530, 550, 570, 570, 570, 570, 570, 570, 550, 550, 530] [16, 226] 17 2
[10, 10, 10, 10, 10, 10, 10, 10, 10, 10, 30, 50, 70, 90, 110, 110, 90] [390, 410, 430, 450, 470, 490, 510, 530, 550, 570, 570, 570, 570, 570, 570, 550, 550] [16, 226] 17 2
[10, 10, 10, 10, 10, 10, 10, 10, 10, 10, 10, 30, 50, 70, 90, 110, 110] [370, 390, 410, 430, 450, 470, 490, 510, 530, 550, 570, 570, 570, 570, 570, 570, 550] [16, 226] 17 2
[10, 10, 10, 10, 10, 10, 10, 10, 10, 10, 10, 10, 30, 50, 70, 90, 110] [350, 370, 390, 410, 430, 450, 470, 490, 510, 530, 550, 570, 570, 570, 570, 570, 570] [16, 226] 17 2
[10, 10, 10, 10, 10, 10, 10, 10, 10, 10, 10, 10, 10, 30, 50, 70, 90] [330, 350, 370, 390, 410, 430, 450, 470, 490, 510, 530, 550, 570, 570, 570, 570, 570] [16, 226] 17 2
[10, 10, 10, 10, 10, 10, 10, 10, 10, 10, 10, 10, 10, 10, 30, 50, 70] [310, 330, 350, 370, 390, 410, 430, 450, 470, 490, 510, 530, 550, 570, 570, 570, 570] [16, 226] 17 2
[10, 10, 10, 10, 10, 10, 10, 10, 10, 10, 10, 10, 10, 10, 10, 30, 50] [290, 310, 330, 350, 370, 390, 410, 430, 450, 470, 490, 510, 530, 550, 570, 570, 570] [16, 226] 17 2
[10, 10, 10, 10, 10, 10, 10, 10, 10, 10, 10, 10, 10, 10, 10, 10, 30] [270, 290, 310, 330, 350, 370, 390, 410, 430, 450, 470, 490, 510, 530, 550, 570, 570] [16, 226] 17 2
[10, 10, 10, 10, 10, 10, 10, 10, 10, 10, 10, 10, 10, 10, 10, 10, 10] [250, 270, 290, 310, 330, 350, 370, 390, 410, 430, 450, 470, 490, 510, 530, 550, 570] [16, 226] 17 2
[10, 10, 10, 10, 10, 10, 10, 10, 10, 10, 10, 10, 10, 10, 10, 10, 10] [230, 250, 270, 290, 310, 330, 350, 370, 390, 410, 430, 450, 470, 490, 510, 530, 550] [16, 226] 17 2
[10, 10, 10, 10, 10, 10, 10, 10, 10, 10, 10, 10, 10, 10, 10, 10, 10, 10] [210, 230, 250, 270, 290, 310, 330, 350, 370, 390, 410, 430, 450, 470, 490, 510, 530, 550] [25, 185] 18 2
[10, 10, 10, 10, 10, 10, 10, 10, 10, 10, 10, 10, 10, 10, 10, 10, 10, 10] [190, 210, 230, 250, 270, 290, 310, 330, 350, 370, 390, 410, 430, 450, 470, 490, 510, 530] [25, 185] 18 2
[10, 10, 10, 10, 10, 10, 10, 10, 10, 10, 10, 10, 10, 10, 10, 10, 10, 10, 10] [170, 190, 210, 230, 250, 270, 290, 310, 330, 350, 370, 390, 410, 430, 450, 470, 490, 510, 530] [106, 240] 19 2
[30, 10, 10, 10, 10, 10, 10, 10, 10, 10, 10, 10, 10, 10, 10, 10, 10, 10, 10] [170, 170, 190, 210, 230, 250, 270, 290, 310, 330, 350, 370, 390, 410, 430, 450, 470, 490, 510] [106, 240] 19 1
[50, 30, 10, 10, 10, 10, 10, 10, 10, 10, 10, 10, 10, 10, 10, 10, 10, 10, 10] [170, 170, 170, 190, 210, 230, 250, 270, 290, 310, 330, 350, 370, 390, 410, 430, 450, 470, 490] [106, 240] 19 1
[70, 50, 30, 10, 10, 10, 10, 10, 10, 10, 10, 10, 10, 10, 10, 10, 10, 10, 10] [170, 170, 170, 170, 190, 210, 230, 250, 270, 290, 310, 330, 350, 370, 390, 410, 430, 450, 470] [106, 240] 19 1
[90, 70, 50, 30, 10, 10, 10, 10, 10, 10, 10, 10, 10, 10, 10, 10, 10, 10, 10] [170, 170, 170, 170, 170, 190, 210, 230, 250, 270, 290, 310, 330, 350, 370, 390, 410, 430, 450] [106, 240] 19 1
[90, 90, 70, 50, 30, 10, 10, 10, 10, 10, 10, 10, 10, 10, 10, 10, 10, 10, 10] [190, 170, 170, 170, 170, 170, 190, 210, 230, 250, 270, 290, 310, 330, 350, 370, 390, 410, 430] [106, 240] 19 0
[90, 90, 90, 70, 50, 30, 10, 10, 10, 10, 10, 10, 10, 10, 10, 10, 10, 10, 10] [210, 190, 170, 170, 170, 170, 170, 190, 210, 230, 250, 270, 290, 310, 330, 350, 370, 390, 410] [106, 240] 19 0
[90, 90, 90, 90, 70, 50, 30, 10, 10, 10, 10, 10, 10, 10, 10, 10, 10, 10, 10] [230, 210, 190, 170, 170, 170, 170, 170, 190, 210, 230, 250, 270, 290, 310, 330, 350, 370, 390] [106, 240] 19 0
[90, 90, 90, 90, 90, 70, 50, 30, 10, 10, 10, 10, 10, 10, 10, 10, 10, 10, 10, 10] [250, 230, 210, 190, 170, 170, 170, 170, 170, 190, 210, 230, 250, 270, 290, 310, 330, 350, 370, 390] [194, 528] 20 0
[90, 90, 90, 90, 90, 90, 70, 50, 30, 10, 10, 10, 10, 10, 10, 10, 10, 10, 10, 10] [270, 250, 230, 210, 190, 170, 170, 170, 170, 170, 190, 210, 230, 250, 270, 290, 310, 330, 350, 370] [194, 528] 20 0
[90, 90, 90, 90, 90, 90, 90, 70, 50, 30, 10, 10, 10, 10, 10, 10, 10, 10, 10, 10] [290, 270, 250, 230, 210, 190, 170, 170, 170, 170, 170, 190, 210, 230, 250, 270, 290, 310, 330, 350] [194, 528] 20 0
[90, 90, 90, 90, 90, 90, 90, 90, 70, 50, 30, 10, 10, 10, 10, 10, 10, 10, 10, 10] [310, 290, 270, 250, 230, 210, 190, 170, 170, 170, 170, 170, 190, 210, 230, 250, 270, 290, 310, 330] [194, 528] 20 0
[90, 90, 90, 90, 90, 90, 90, 90, 90, 70, 50, 30, 10, 10, 10, 10, 10, 10, 10, 10] [330, 310, 290, 270, 250, 230, 210, 190, 170, 170, 170, 170, 170, 190, 210, 230, 250, 270, 290, 310] [194, 528] 20 0
[90, 90, 90, 90, 90, 90, 90, 90, 90, 90, 70, 50, 30, 10, 10, 10, 10, 10, 10, 10] [350, 330, 310, 290, 270, 250, 230, 210, 190, 170, 170, 170, 170, 170, 190, 210, 230, 250, 270, 290] [194, 528] 20 0
[110, 90, 90, 90, 90, 90, 90, 90, 90, 90, 90, 70, 50, 30, 10, 10, 10, 10, 10, 10] [350, 350, 330, 310, 290, 270, 250, 230, 210, 190, 170, 170, 170, 170, 170, 190, 210, 230, 250, 270] [194, 528] 20 1
[130, 110, 90, 90, 90, 90, 90, 90, 90, 90, 90, 90, 70, 50, 30, 10, 10, 10, 10, 10] [350, 350, 350, 330, 310, 290, 270, 250, 230, 210, 190, 170, 170, 170, 170, 170, 190, 210, 230, 250] [194, 528] 20 1
[150, 130, 110, 90, 90, 90, 90, 90, 90, 90, 90, 90, 90, 70, 50, 30, 10, 10, 10, 10] [350, 350, 350, 350, 330, 310, 290, 270, 250, 230, 210, 190, 170, 170, 170, 170, 170, 190, 210, 230] [194, 528] 20 1
[170, 150, 130, 110, 90, 90, 90, 90, 90, 90, 90, 90, 90, 90, 70, 50, 30, 10, 10, 10] [350, 350, 350, 350, 350, 330, 310, 290, 270, 250, 230, 210, 190, 170, 170, 170, 170, 170, 190, 210] [194, 528] 20 1
[190, 170, 150, 130, 110, 90, 90, 90, 90, 90, 90, 90, 90, 90, 90, 70, 50, 30, 10, 10] [350, 350, 350, 350, 350, 350, 330, 310, 290, 270, 250, 230, 210, 190, 170, 170, 170, 170, 170, 190] [194, 528] 20 1
[210, 190, 170, 150, 130, 110, 90, 90, 90, 90, 90, 90, 90, 90, 90, 90, 70, 50, 30, 10] [350, 350, 350, 350, 350, 350, 350, 330, 310, 290, 270, 250, 230, 210, 190, 170, 170, 170, 170, 170] [194, 528] 20 1
[230, 210, 190, 170, 150, 130, 110, 90, 90, 90, 90, 90, 90, 90, 90, 90, 90, 70, 50, 30] [350, 350, 350, 350, 350, 350, 350, 350, 330, 310, 290, 270, 250, 230, 210, 190, 170, 170, 170, 170] [194, 528] 20 1
[250, 230, 210, 190, 170, 150, 130, 110, 90, 90, 90, 90, 90, 90, 90, 90, 90, 90, 70, 50] [350, 350, 350, 350, 350, 350, 350, 350, 350, 330, 310, 290, 270, 250, 230, 210, 190, 170, 170, 170] [194, 528] 20 1
[270, 250, 230, 210, 190, 170, 150, 130, 110, 90, 90, 90, 90, 90, 90, 90, 90, 90, 90, 70] [350, 350, 350, 350, 350, 350, 350, 350, 350, 350, 330, 310, 290, 270, 250, 230, 210, 190, 170, 170] [194, 528] 20 1
[290, 270, 250, 230, 210, 190, 170, 150, 130, 110, 90, 90, 90, 90, 90, 90, 90, 90, 90, 90] [350, 350, 350, 350, 350, 350, 350, 350, 350, 350, 350, 330, 310, 290, 270, 250, 230, 210, 190, 170] [194, 528] 20 1
[290, 290, 270, 250, 230, 210, 190, 170, 150, 130, 110, 90, 90, 90, 90, 90, 90, 90, 90, 90] [370, 350, 350, 350, 350, 350, 350, 350, 350, 350, 350, 350, 330, 310, 290, 270, 250, 230, 210, 190] [194, 528] 20 0
[290, 290, 290, 270, 250, 230, 210, 190, 170, 150, 130, 110, 90, 90, 90, 90, 90, 90, 90, 90] [390, 370, 350, 350, 350, 350, 350, 350, 350, 350, 350, 350, 350, 330, 310, 290, 270, 250, 230, 210] [194, 528] 20 0
[290, 290, 290, 290, 270, 250, 230, 210, 190, 170, 150, 130, 110, 90, 90, 90, 90, 90, 90, 90] [410, 390, 370, 350, 350, 350, 350, 350, 350, 350, 350, 350, 350, 350, 330, 310, 290, 270, 250, 230] [194, 528] 20 0
[290, 290, 290, 290, 290, 270, 250, 230, 210, 190, 170, 150, 130, 110, 90, 90, 90, 90, 90, 90] [430, 410, 390, 370, 350, 350, 350, 350, 350, 350, 350, 350, 350, 350, 350, 330, 310, 290, 270, 250] [194, 528] 20 0
[290, 290, 290, 290, 290, 290, 270, 250, 230, 210, 190, 170, 150, 130, 110, 90, 90, 90, 90, 90] [450, 430, 410, 390, 370, 350, 350, 350, 350, 350, 350, 350, 350, 350, 350, 350, 330, 310, 290, 270] [194, 528] 20 0
[290, 290, 290, 290, 290, 290, 290, 270, 250, 230, 210, 190, 170, 150, 130, 110, 90, 90, 90, 90] [470, 450, 430, 410, 390, 370, 350, 350, 350, 350, 350, 350, 350, 350, 350, 350, 350, 330, 310, 290] [194, 528] 20 0
[290, 290, 290, 290, 290, 290, 290, 290, 270, 250, 230, 210, 190, 170, 150, 130, 110, 90, 90, 90] [490, 470, 450, 430, 410, 390, 370, 350, 350, 350, 350, 350, 350, 350, 350, 350, 350, 350, 330, 310] [194, 528] 20 0
[290, 290, 290, 290, 290, 290, 290, 290, 290, 270, 250, 230, 210, 190, 170, 150, 130, 110, 90, 90] [510, 490, 470, 450, 430, 410, 390, 370, 350, 350, 350, 350, 350, 350, 350, 350, 350, 350, 350, 330] [194, 528] 20 0
[290, 290, 290, 290, 290, 290, 290, 290, 290, 290, 270, 250, 230, 210, 190, 170, 150, 130, 110, 90] [530, 510, 490, 470, 450, 430, 410, 390, 370, 350, 350, 350, 350, 350, 350, 350, 350, 350, 350, 350] [194, 528] 20 0
[290, 290, 290, 290, 290, 290, 290, 290, 290, 290, 290, 270, 250, 230, 210, 190, 170, 150, 130, 110] [550, 530, 510, 490, 470, 450, 430, 410, 390, 370, 350, 350, 350, 350, 350, 350, 350, 350, 350, 350] [194, 528] 20 0
[290, 290, 290, 290, 290, 290, 290, 290, 290, 290, 290, 290, 270, 250, 230, 210, 190, 170, 150, 130] [570, 550, 530, 510, 490, 470, 450, 430, 410, 390, 370, 350, 350, 350, 350, 350, 350, 350, 350, 350] [194, 528] 20 0
[270, 290, 290, 290, 290, 290, 290, 290, 290, 290, 290, 290, 290, 270, 250, 230, 210, 190, 170, 150] [570, 570, 550, 530, 510, 490, 470, 450, 430, 410, 390, 370, 350, 350, 350, 350, 350, 350, 350, 350] [194, 528] 20 3
[250, 270, 290, 290, 290, 290, 290, 290, 290, 290, 290, 290, 290, 290, 270, 250, 230, 210, 190, 170] [570, 570, 570, 550, 530, 510, 490, 470, 450, 430, 410, 390, 370, 350, 350, 350, 350, 350, 350, 350] [194, 528] 20 3
[230, 250, 270, 290, 290, 290, 290, 290, 290, 290, 290, 290, 290, 290, 290, 270, 250, 230, 210, 190] [570, 570, 570, 570, 550, 530, 510, 490, 470, 450, 430, 410, 390, 370, 350, 350, 350, 350, 350, 350] [194, 528] 20 3
[210, 230, 250, 270, 290, 290, 290, 290, 290, 290, 290, 290, 290, 290, 290, 290, 270, 250, 230, 210] [570, 570, 570, 570, 570, 550, 530, 510, 490, 470, 450, 430, 410, 390, 370, 350, 350, 350, 350, 350] [194, 528] 20 3
[190, 210, 230, 250, 270, 290, 290, 290, 290, 290, 290, 290, 290, 290, 290, 290, 290, 270, 250, 230] [570, 570, 570, 570, 570, 570, 550, 530, 510, 490, 470, 450, 430, 410, 390, 370, 350, 350, 350, 350] [194, 528] 20 3
[190, 190, 210, 230, 250, 270, 290, 290, 290, 290, 290, 290, 290, 290, 290, 290, 290, 290, 270, 250] [550, 570, 570, 570, 570, 570, 570, 550, 530, 510, 490, 470, 450, 430, 410, 390, 370, 350, 350, 350] [194, 528] 20 2
[190, 190, 190, 210, 230, 250, 270, 290, 290, 290, 290, 290, 290, 290, 290, 290, 290, 290, 290, 270] [530, 550, 570, 570, 570, 570, 570, 570, 550, 530, 510, 490, 470, 450, 430, 410, 390, 370, 350, 350] [194, 528] 20 2
[190, 190, 190, 190, 210, 230, 250, 270, 290, 290, 290, 290, 290, 290, 290, 290, 290, 290, 290, 290, 270] [510, 530, 550, 570, 570, 570, 570, 570, 570, 550, 530, 510, 490, 470, 450, 430, 410, 390, 370, 350, 350] [415, 578] 21 2
[190, 190, 190, 190, 190, 210, 230, 250, 270, 290, 290, 290, 290, 290, 290, 290, 290, 290, 290, 290, 290] [490, 510, 530, 550, 570, 570, 570, 570, 570, 570, 550, 530, 510, 490, 470, 450, 430, 410, 390, 370, 350] [415, 578] 21 2
[190, 190, 190, 190, 190, 190, 210, 230, 250, 270, 290, 290, 290, 290, 290, 290, 290, 290, 290, 290, 290] [470, 490, 510, 530, 550, 570, 570, 570, 570, 570, 570, 550, 530, 510, 490, 470, 450, 430, 410, 390, 370] [415, 578] 21 2
[190, 190, 190, 190, 190, 190, 190, 210, 230, 250, 270, 290, 290, 290, 290, 290, 290, 290, 290, 290, 290] [450, 470, 490, 510, 530, 550, 570, 570, 570, 570, 570, 570, 550, 530, 510, 490, 470, 450, 430, 410, 390] [415, 578] 21 2
[190, 190, 190, 190, 190, 190, 190, 190, 210, 230, 250, 270, 290, 290, 290, 290, 290, 290, 290, 290, 290] [430, 450, 470, 490, 510, 530, 550, 570, 570, 570, 570, 570, 570, 550, 530, 510, 490, 470, 450, 430, 410] [415, 578] 21 2
[190, 190, 190, 190, 190, 190, 190, 190, 190, 210, 230, 250, 270, 290, 290, 290, 290, 290, 290, 290, 290] [410, 430, 450, 470, 490, 510, 530, 550, 570, 570, 570, 570, 570, 570, 550, 530, 510, 490, 470, 450, 430] [415, 578] 21 2
[190, 190, 190, 190, 190, 190, 190, 190, 190, 190, 210, 230, 250, 270, 290, 290, 290, 290, 290, 290, 290] [390, 410, 430, 450, 470, 490, 510, 530, 550, 570, 570, 570, 570, 570, 570, 550, 530, 510, 490, 470, 450] [415, 578] 21 2
[210, 190, 190, 190, 190, 190, 190, 190, 190, 190, 190, 210, 230, 250, 270, 290, 290, 290, 290, 290, 290] [390, 390, 410, 430, 450, 470, 490, 510, 530, 550, 570, 570, 570, 570, 570, 570, 550, 530, 510, 490, 470] [415, 578] 21 1
[230, 210, 190, 190, 190, 190, 190, 190, 190, 190, 190, 190, 210, 230, 250, 270, 290, 290, 290, 290, 290] [390, 390, 390, 410, 430, 450, 470, 490, 510, 530, 550, 570, 570, 570, 570, 570, 570, 550, 530, 510, 490] [415, 578] 21 1
[250, 230, 210, 190, 190, 190, 190, 190, 190, 190, 190, 190, 190, 210, 230, 250, 270, 290, 290, 290, 290] [390, 390, 390, 390, 410, 430, 450, 470, 490, 510, 530, 550, 570, 570, 570, 570, 570, 570, 550, 530, 510] [415, 578] 21 1
[270, 250, 230, 210, 190, 190, 190, 190, 190, 190, 190, 190, 190, 190, 210, 230, 250, 270, 290, 290, 290] [390, 390, 390, 390, 390, 410, 430, 450, 470, 490, 510, 530, 550, 570, 570, 570, 570, 570, 570, 550, 530] [415, 578] 21 1
[290, 270, 250, 230, 210, 190, 190, 190, 190, 190, 190, 190, 190, 190, 190, 210, 230, 250, 270, 290, 290] [390, 390, 390, 390, 390, 390, 410, 430, 450, 470, 490, 510, 530, 550, 570, 570, 570, 570, 570, 570, 550] [415, 578] 21 1
[310, 290, 270, 250, 230, 210, 190, 190, 190, 190, 190, 190, 190, 190, 190, 190, 210, 230, 250, 270, 290] [390, 390, 390, 390, 390, 390, 390, 410, 430, 450, 470, 490, 510, 530, 550, 570, 570, 570, 570, 570, 570] [415, 578] 21 1
[330, 310, 290, 270, 250, 230, 210, 190, 190, 190, 190, 190, 190, 190, 190, 190, 190, 210, 230, 250, 270] [390, 390, 390, 390, 390, 390, 390, 390, 410, 430, 450, 470, 490, 510, 530, 550, 570, 570, 570, 570, 570] [415, 578] 21 1
[350, 330, 310, 290, 270, 250, 230, 210, 190, 190, 190, 190, 190, 190, 190, 190, 190, 190, 210, 230, 250] [390, 390, 390, 390, 390, 390, 390, 390, 390, 410, 430, 450, 470, 490, 510, 530, 550, 570, 570, 570, 570] [415, 578] 21 1
[370, 350, 330, 310, 290, 270, 250, 230, 210, 190, 190, 190, 190, 190, 190, 190, 190, 190, 190, 210, 230] [390, 390, 390, 390, 390, 390, 390, 390, 390, 390, 410, 430, 450, 470, 490, 510, 530, 550, 570, 570, 570] [415, 578] 21 1
[390, 370, 350, 330, 310, 290, 270, 250, 230, 210, 190, 190, 190, 190, 190, 190, 190, 190, 190, 190, 210] [390, 390, 390, 390, 390, 390, 390, 390, 390, 390, 390, 410, 430, 450, 470, 490, 510, 530, 550, 570, 570] [415, 578] 21 1
[410, 390, 370, 350, 330, 310, 290, 270, 250, 230, 210, 190, 190, 190, 190, 190, 190, 190, 190, 190, 190] [390, 390, 390, 390, 390, 390, 390, 390, 390, 390, 390, 390, 410, 430, 450, 470, 490, 510, 530, 550, 570] [415, 578] 21 1
[410, 410, 390, 370, 350, 330, 310, 290, 270, 250, 230, 210, 190, 190, 190, 190, 190, 190, 190, 190, 190] [410, 390, 390, 390, 390, 390, 390, 390, 390, 390, 390, 390, 390, 410, 430, 450, 470, 490, 510, 530, 550] [415, 578] 21 0
[410, 410, 410, 390, 370, 350, 330, 310, 290, 270, 250, 230, 210, 190, 190, 190, 190, 190, 190, 190, 190] [430, 410, 390, 390, 390, 390, 390, 390, 390, 390, 390, 390, 390, 390, 410, 430, 450, 470, 490, 510, 530] [415, 578] 21 0
[410, 410, 410, 410, 390, 370, 350, 330, 310, 290, 270, 250, 230, 210, 190, 190, 190, 190, 190, 190, 190] [450, 430, 410, 390, 390, 390, 390, 390, 390, 390, 390, 390, 390, 390, 390, 410, 430, 450, 470, 490, 510] [415, 578] 21 0
[410, 410, 410, 410, 410, 390, 370, 350, 330, 310, 290, 270, 250, 230, 210, 190, 190, 190, 190, 190, 190] [470, 450, 430, 410, 390, 390, 390, 390, 390, 390, 390, 390, 390, 390, 390, 390, 410, 430, 450, 470, 490] [415, 578] 21 0
[410, 410, 410, 410, 410, 410, 390, 370, 350, 330, 310, 290, 270, 250, 230, 210, 190, 190, 190, 190, 190] [490, 470, 450, 430, 410, 390, 390, 390, 390, 390, 390, 390, 390, 390, 390, 390, 390, 410, 430, 450, 470] [415, 578] 21 0
[410, 410, 410, 410, 410, 410, 410, 390, 370, 350, 330, 310, 290, 270, 250, 230, 210, 190, 190, 190, 190] [510, 490, 470, 450, 430, 410, 390, 390, 390, 390, 390, 390, 390, 390, 390, 390, 390, 390, 410, 430, 450] [415, 578] 21 0
[410, 410, 410, 410, 410, 410, 410, 410, 390, 370, 350, 330, 310, 290, 270, 250, 230, 210, 190, 190, 190] [530, 510, 490, 470, 450, 430, 410, 390, 390, 390, 390, 390, 390, 390, 390, 390, 390, 390, 390, 410, 430] [415, 578] 21 0
[410, 410, 410, 410, 410, 410, 410, 410, 410, 390, 370, 350, 330, 310, 290, 270, 250, 230, 210, 190, 190] [550, 530, 510, 490, 470, 450, 430, 410, 390, 390, 390, 390, 390, 390, 390, 390, 390, 390, 390, 390, 410] [415, 578] 21 0
[410, 410, 410, 410, 410, 410, 410, 410, 410, 410, 390, 370, 350, 330, 310, 290, 270, 250, 230, 210, 190] [570, 550, 530, 510, 490, 470, 450, 430, 410, 390, 390, 390, 390, 390, 390, 390, 390, 390, 390, 390, 390] [415, 578] 21 0
[390, 410, 410, 410, 410, 410, 410, 410, 410, 410, 410, 390, 370, 350, 330, 310, 290, 270, 250, 230, 210, 190] [570, 570, 550, 530, 510, 490, 470, 450, 430, 410, 390, 390, 390, 390, 390, 390, 390, 390, 390, 390, 390, 390] [97, 158] 22 3
