[270, 290, 290, 290, 290] [290, 290, 270, 250, 230] [208, 32] 5 3
[250, 270, 290, 290, 290] [290, 290, 290, 270, 250] [208, 32] 5 3
[230, 250, 270, 290, 290] [290, 290, 290, 290, 270] [208, 32] 5 3
[210, 230, 250, 270, 290] [290, 290, 290, 290, 290] [208, 32] 5 3
[210, 210, 230, 250, 270] [270, 290, 290, 290, 290] [208, 32] 5 2
[210, 210, 210, 230, 250] [250, 270, 290, 290, 290] [208, 32] 5 2
[210, 210, 210, 210, 230] [230, 250, 270, 290, 290] [208, 32] 5 2
[210, 210, 210, 210, 210] [210, 230, 250, 270, 290] [208, 32] 5 2
[210, 210, 210, 210, 210] [190, 210, 230, 250, 270] [208, 32] 5 2
[210, 210, 210, 210, 210] [170, 190, 210, 230, 250] [208, 32] 5 2
[210, 210, 210, 210, 210] [150, 170, 190, 210, 230] [208, 32] 5 2
[210, 210, 210, 210, 210] [130, 150, 170, 190, 210] [208, 32] 5 2
[210, 210, 210, 210, 210] [110, 130, 150, 170, 190] [208, 32] 5 2
[210, 210, 210, 210, 210] [90, 110, 130, 150, 170] [208, 32] 5 2
[210, 210, 210, 210, 210] [70, 90, 110, 130, 150] [208, 32] 5 2
[210, 210, 210, 210, 210] [50, 70, 90, 110, 130] [208, 32] 5 2
[210, 210, 210, 210, 210] [30, 50, 70, 90, 110] [208, 32] 5 2
[230, 210, 210, 210, 210, 210] [30, 30, 50, 70, 90, 110] [234, 243] 6 1
[250, 230, 210, 210, 210, 210] [30, 30, 30, 50, 70, 90] [234, 243] 6 1
[270, 250, 230, 210, 210, 210] [30, 30, 30, 30, 50, 70] [234, 243] 6 1
[270, 270, 250, 230, 210, 210] [50, 30, 30, 30, 30, 50] [234, 243] 6 0
[270, 270, 270, 250, 230, 210] [70, 50, 30, 30, 30, 30] [234, 243] 6 0
[270, 270, 270, 270, 250, 230] [90, 70, 50, 30, 30, 30] [234, 243] 6 0
[270, 270, 270, 270, 270, 250] [110, 90, 70, 50, 30, 30] [234, 243] 6 0
[270, 270, 270, 270, 270, 270] [130, 110, 90, 70, 50, 30] [234, 243] 6 0
[270, 270, 270, 270, 270, 270] [150, 130, 110, 90, 70, 50] [234, 243] 6 0
[270, 270, 270, 270, 270, 270] [170, 150, 130, 110, 90, 70] [234, 243] 6 0
[270, 270, 270, 270, 270, 270] [190, 170, 150, 130, 110, 90] [234, 243] 6 0
[270, 270, 270, 270, 270, 270] [210, 190, 170, 150, 130, 110] [234, 243] 6 0
[270, 270, 270, 270, 270, 270] [230, 210, 190, 170, 150, 130] [234, 243] 6 0
[270, 270, 270, 270, 270, 270] [250, 230, 210, 190, 170, 150] [234, 243] 6 0
[250, 270, 270, 270, 270, 270] [250, 250, 230, 210, 190, 170] [234, 243] 6 3
[230, 250, 270, 270, 270, 270] [250, 250, 250, 230, 210, 190] [234, 243] 6 3
[230, 230, 250, 270, 270, 270, 270] [230, 250, 250, 250, 230, 210, 190] [68, 408] 7 2
[210, 230, 230, 250, 270, 270, 270] [230, 230, 250, 250, 250, 230, 210] [68, 408] 7 3
[190, 210, 230, 230, 250, 270, 270] [230, 230, 230, 250, 250, 250, 230] [68, 408] 7 3
[170, 190, 210, 230, 230, 250, 270] [230, 230, 230, 230, 250, 250, 250] [68, 408] 7 3
[150, 170, 190, 210, 230, 230, 250] [230, 230, 230, 230, 230, 250, 250] [68, 408] 7 3
[130, 150, 170, 190, 210, 230, 230] [230, 230, 230, 230, 230, 230, 250] [68, 408] 7 3
[110, 130, 150, 170, 190, 210, 230] [230, 230, 230, 230, 230, 230, 230] [68, 408] 7 3
[90, 110, 130, 150, 170, 190, 210] [230, 230, 230, 230, 230, 230, 230] [68, 408] 7 3
[70, 90, 110, 130, 150, 170, 190] [230, 230, 230, 230, 230, 230, 230] [68, 408] 7 3
[70, 70, 90, 110, 130, 150, 170] [250, 230, 230, 230, 230, 230, 230] [68, 408] 7 0
[70, 70, 70, 90, 110, 130, 150] [270, 250, 230, 230, 230, 230, 230] [68, 408] 7 0
[70, 70, 70, 70, 90, 110, 130] [290, 270, 250, 230, 230, 230, 230] [68, 408] 7 0
[70, 70, 70, 70, 70, 90, 110] [310, 290, 270, 250, 230, 230, 230] [68, 408] 7 0
[70, 70, 70, 70, 70, 70, 90] [330, 310, 290, 270, 250, 230, 230] [68, 408] 7 0
[70, 70, 70, 70, 70, 70, 70] [350, 330, 310, 290, 270, 250, 230] [68, 408] 7 0
[70, 70, 70, 70, 70, 70, 70] [370, 350, 330, 310, 290, 270, 250] [68, 408] 7 0
[70, 70, 70, 70, 70, 70, 70] [390, 370, 350, 330, 310, 290, 270] [68, 408] 7 0
[70, 70, 70, 70, 70, 70, 70, 70] [410, 390, 370, 350, 330, 310, 290, 270] [456, 488] 8 0
[90, 70, 70, 70, 70, 70, 70, 70] [410, 410, 390, 370, 350, 330, 310, 290] [456, 488] 8 1
[90, 90, 70, 70, 70, 70, 70, 70] [390, 410, 410, 390, 370, 350, 330, 310] [456, 488] 8 2
[90, 90, 90, 70, 70, 70, 70, 70] [370, 390, 410, 410, 390, 370, 350, 330] [456, 488] 8 2
[90, 90, 90, 90, 70, 70, 70, 70] [350, 370, 390, 410, 410, 390, 370, 350] [456, 488] 8 2
[110, 90, 90, 90, 90, 70, 70, 70] [350, 350, 370, 390, 410, 410, 390, 370] [456, 488] 8 1
[130, 110, 90, 90, 90, 90, 70, 70] [350, 350, 350, 370, 390, 410, 410, 390] [456, 488] 8 1
[130, 130, 110, 90, 90, 90, 90, 70] [370, 350, 350, 350, 370, 390, 410, 410] [456, 488] 8 0
[130, 130, 130, 110, 90, 90, 90, 90] [390, 370, 350, 350, 350, 370, 390, 410] [456, 488] 8 0
[150, 130, 130, 130, 110, 90, 90, 90] [390, 390, 370, 350, 350, 350, 370, 390] [456, 488] 8 1
[150, 150, 130, 130, 130, 110, 90, 90] [370, 390, 390, 370, 350, 350, 350, 370] [456, 488] 8 2
[150, 150, 150, 130, 130, 130, 110, 90] [350, 370, 390, 390, 370, 350, 350, 350] [456, 488] 8 2
[170, 150, 150, 150, 130, 130, 130, 110] [350, 350, 370, 390, 390, 370, 350, 350] [456, 488] 8 1
[190, 170, 150, 150, 150, 130, 130, 130] [350, 350, 350, 370, 390, 390, 370, 350] [456, 488] 8 1
[210, 190, 170, 150, 150, 150, 130, 130] [350, 350, 350, 350, 370, 390, 390, 370] [456, 488] 8 1
[230, 210, 190, 170, 150, 150, 150, 130] [350, 350, 350, 350, 350, 370, 390, 390] [456, 488] 8 1
[250, 230, 210, 190, 170, 150, 150, 150] [350, 350, 350, 350, 350, 350, 370, 390] [456, 488] 8 1
[270, 250, 230, 210, 190, 170, 150, 150] [350, 350, 350, 350, 350, 350, 350, 370] [456, 488] 8 1
[290, 270, 250, 230, 210, 190, 170, 150] [350, 350, 350, 350, 350, 350, 350, 350] [456, 488] 8 1
[310, 290, 270, 250, 230, 210, 190, 170] [350, 350, 350, 350, 350, 350, 350, 350] [456, 488] 8 1
[330, 310, 290, 270, 250, 230, 210, 190] [350, 350, 350, 350, 350, 350, 350, 350] [456, 488] 8 1
[350, 330, 310, 290, 270, 250, 230, 210] [350, 350, 350, 350, 350, 350, 350, 350] [456, 488] 8 1
[370, 350, 330, 310, 290, 270, 250, 230] [350, 350, 350, 350, 350, 350, 350, 350] [456, 488] 8 1
[390, 370, 350, 330, 310, 290, 270, 250] [350, 350, 350, 350, 350, 350, 350, 350] [456, 488] 8 1
[410, 390, 370, 350, 330, 310, 290, 270] [350, 350, 350, 350, 350, 350, 350, 350] [456, 488] 8 1
[430, 410, 390, 370, 350, 330, 310, 290] [350, 350, 350, 350, 350, 350, 350, 350] [456, 488] 8 1
[450, 430, 410, 390, 370, 350, 330, 310] [350, 350, 350, 350, 350, 350, 350, 350] [456, 488] 8 1
[450, 450, 430, 410, 390, 370, 350, 330] [370, 350, 350, 350, 350, 350, 350, 350] [456, 488] 8 0
[450, 450, 450, 430, 410, 390, 370, 350] [390, 370, 350, 350, 350, 350, 350, 350] [456, 488] 8 0
[450, 450, 450, 450, 430, 410, 390, 370] [410, 390, 370, 350, 350, 350, 350, 350] [456, 488] 8 0
[450, 450, 450, 450, 450, 430, 410, 390] [430, 410, 390, 370, 350, 350, 350, 350] [456, 488] 8 0
[450, 450, 450, 450, 450, 450, 430, 410] [450, 430, 410, 390, 370, 350, 350, 350] [456, 488] 8 0
[450, 450, 450, 450, 450, 450, 450, 430] [470, 450, 430, 410, 390, 370, 350, 350] [456, 488] 8 0
[450, 450, 450, 450, 450, 450, 450, 450, 430] [490, 470, 450, 430, 410, 390, 370, 350, 350] [216, 76] 9 0
