[290, 290, 290, 290, 290] [310, 290, 270, 250, 230] [303, 512] 5 0
[290, 290, 290, 290, 290] [330, 310, 290, 270, 250] [303, 512] 5 0
[290, 290, 290, 290, 290] [350, 330, 310, 290, 270] [303, 512] 5 0
[290, 290, 290, 290, 290] [370, 350, 330, 310, 290] [303, 512] 5 0
[290, 290, 290, 290, 290] [390, 370, 350, 330, 310] [303, 512] 5 0
[290, 290, 290, 290, 290] [410, 390, 370, 350, 330] [303, 512] 5 0
[290, 290, 290, 290, 290] [430, 410, 390, 370, 350] [303, 512] 5 0
[290, 290, 290, 290, 290] [450, 430, 410, 390, 370] [303, 512] 5 0
[290, 290, 290, 290, 290] [470, 450, 430, 410, 390] [303, 512] 5 0
[290, 290, 290, 290, 290] [490, 470, 450, 430, 410] [303, 512] 5 0
[290, 290, 290, 290, 290] [510, 490, 470, 450, 430] [303, 512] 5 0
[310, 290, 290, 290, 290, 290] [510, 510, 490, 470, 450, 430] [105, 105] 6 1
[310, 310, 290, 290, 290, 290] [490, 510, 510, 490, 470, 450] [105, 105] 6 2
[310, 310, 310, 290, 290, 290] [470, 490, 510, 510, 490, 470] [105, 105] 6 2
[310, 310, 310, 310, 290, 290] [450, 470, 490, 510, 510, 490] [105, 105] 6 2
[310, 310, 310, 310, 310, 290] [430, 450, 470, 490, 510, 510] [105, 105] 6 2
[310, 310, 310, 310, 310, 310] [410, 430, 450, 470, 490, 510] [105, 105] 6 2
[310, 310, 310, 310, 310, 310] [390, 410, 430, 450, 470, 490] [105, 105] 6 2
[310, 310, 310, 310, 310, 310] [370, 390, 410, 430, 450, 470] [105, 105] 6 2
[310, 310, 310, 310, 310, 310] [350, 370, 390, 410, 430, 450] [105, 105] 6 2
[310, 310, 310, 310, 310, 310] [330, 350, 370, 390, 410, 430] [105, 105] 6 2
[310, 310, 310, 310, 310, 310] [310, 330, 350, 370, 390, 410] [105, 105] 6 2
[310, 310, 310, 310, 310, 310] [290, 310, 330, 350, 370, 390] [105, 105] 6 2
[310, 310, 310, 310, 310, 310] [270, 290, 310, 330, 350, 370] [105, 105] 6 2
[310, 310, 310, 310, 310, 310] [250, 270, 290, 310, 330, 350] [105, 105] 6 2
[310, 310, 310, 310, 310, 310] [230, 250, 270, 290, 310, 330] [105, 105] 6 2
[310, 310, 310, 310, 310, 310] [210, 230, 250, 270, 290, 310] [105, 105] 6 2
[310, 310, 310, 310, 310, 310] [190, 210, 230, 250, 270, 290] [105, 105] 6 2
[310, 310, 310, 310, 310, 310] [170, 190, 210, 230, 250, 270] [105, 105] 6 2
[310, 310, 310, 310, 310, 310] [150, 170, 190, 210, 230, 250] [105, 105] 6 2
[310, 310, 310, 310, 310, 310] [130, 150, 170, 190, 210, 230] [105, 105] 6 2
[310, 310, 310, 310, 310, 310] [110, 130, 150, 170, 190, 210] [105, 105] 6 2
[310, 310, 310, 310, 310, 310] [90, 110, 130, 150, 170, 190] [105, 105] 6 2
[290, 310, 310, 310, 310, 310] [90, 90, 110, 130, 150, 170] [105, 105] 6 3
[270, 290, 310, 310, 310, 310] [90, 90, 90, 110, 130, 150] [105, 105] 6 3
[250, 270, 290, 310, 310, 310] [90, 90, 90, 90, 110, 130] [105, 105] 6 3
[230, 250, 270, 290, 310, 310] [90, 90, 90, 90, 90, 110] [105, 105] 6 3
[210, 230, 250, 270, 290, 310] [90, 90, 90, 90, 90, 90] [105, 105] 6 3
[190, 210, 230, 250, 270, 290] [90, 90, 90, 90, 90, 90] [105, 105] 6 3
[170, 190, 210, 230, 250, 270] [90, 90, 90, 90, 90, 90] [105, 105] 6 3
[150, 170, 190, 210, 230, 250] [90, 90, 90, 90, 90, 90] [105, 105] 6 3
[130, 150, 170, 190, 210, 230] [90, 90, 90, 90, 90, 90] [105, 105] 6 3
[110, 130, 150, 170, 190, 210] [90, 90, 90, 90, 90, 90] [105, 105] 6 3
[90, 110, 130, 150, 170, 190, 210] [90, 90, 90, 90, 90, 90, 90] [477, 459] 7 3
[90, 90, 110, 130, 150, 170, 190] [110, 90, 90, 90, 90, 90, 90] [477, 459] 7 0
[90, 90, 90, 110, 130, 150, 170] [130, 110, 90, 90, 90, 90, 90] [477, 459] 7 0
[90, 90, 90, 90, 110, 130, 150] [150, 130, 110, 90, 90, 90, 90] [477, 459] 7 0
[90, 90, 90, 90, 90, 110, 130] [170, 150, 130, 110, 90, 90, 90] [477, 459] 7 0
[90, 90, 90, 90, 90, 90, 110] [190, 170, 150, 130, 110, 90, 90] [477, 459] 7 0
[90, 90, 90, 90, 90, 90, 90] [210, 190, 170, 150, 130, 110, 90] [477, 459] 7 0
[90, 90, 90, 90, 90, 90, 90] [230, 210, 190, 170, 150, 130, 110] [477, 459] 7 0
[90, 90, 90, 90, 90, 90, 90] [250, 230, 210, 190, 170, 150, 130] [477, 459] 7 0
[90, 90, 90, 90, 90, 90, 90] [270, 250, 230, 210, 190, 170, 150] [477, 459] 7 0
[90, 90, 90, 90, 90, 90, 90] [290, 270, 250, 230, 210, 190, 170] [477, 459] 7 0
[90, 90, 90, 90, 90, 90, 90] [310, 290, 270, 250, 230, 210, 190] [477, 459] 7 0
[90, 90, 90, 90, 90, 90, 90] [330, 310, 290, 270, 250, 230, 210] [477, 459] 7 0
[90, 90, 90, 90, 90, 90, 90] [350, 330, 310, 290, 270, 250, 230] [477, 459] 7 0
[90, 90, 90, 90, 90, 90, 90] [370, 350, 330, 310, 290, 270, 250] [477, 459] 7 0
[90, 90, 90, 90, 90, 90, 90] [390, 370, 350, 330, 310, 290, 270] [477, 459] 7 0
[90, 90, 90, 90, 90, 90, 90] [410, 390, 370, 350, 330, 310, 290] [477, 459] 7 0
[90, 90, 90, 90, 90, 90, 90] [430, 410, 390, 370, 350, 330, 310] [477, 459] 7 0
[90, 90, 90, 90, 90, 90, 90] [450, 430, 410, 390, 370, 350, 330] [477, 459] 7 0
[110, 90, 90, 90, 90, 90, 90] [450, 450, 430, 410, 390, 370, 350] [477, 459] 7 1
[130, 110, 90, 90, 90, 90, 90] [450, 450, 450, 430, 410, 390, 370] [477, 459] 7 1
[150, 130, 110, 90, 90, 90, 90] [450, 450, 450, 450, 430, 410, 390] [477, 459] 7 1
[170, 150, 130, 110, 90, 90, 90] [450, 450, 450, 450, 450, 430, 410] [477, 459] 7 1
[190, 170, 150, 130, 110, 90, 90] [450, 450, 450, 450, 450, 450, 430] [477, 459] 7 1
[210, 190, 170, 150, 130, 110, 90] [450, 450, 450, 450, 450, 450, 450] [477, 459] 7 1
[230, 210, 190, 170, 150, 130, 110] [450, 450, 450, 450, 450, 450, 450] [477, 459] 7 1
[250, 230, 210, 190, 170, 150, 130] [450, 450, 450, 450, 450, 450, 450] [477, 459] 7 1
[270, 250, 230, 210, 190, 170, 150] [450, 450, 450, 450, 450, 450, 450] [477, 459] 7 1
[290, 270, 250, 230, 210, 190, 170] [450, 450, 450, 450, 450, 450, 450] [477, 459] 7 1
[310, 290, 270, 250, 230, 210, 190] [450, 450, 450, 450, 450, 450, 450] [477, 459] 7 1
[330, 310, 290, 270, 250, 230, 210] [450, 450, 450, 450, 450, 450, 450] [477, 459] 7 1
[350, 330, 310, 290, 270, 250, 230] [450, 450, 450, 450, 450, 450, 450] [477, 459] 7 1
[370, 350, 330, 310, 290, 270, 250] [450, 450, 450, 450, 450, 450, 450] [477, 459] 7 1
[390, 370, 350, 330, 310, 290, 270] [450, 450, 450, 450, 450, 450, 450] [477, 459] 7 1
[410, 390, 370, 350, 330, 310, 290] [450, 450, 450, 450, 450, 450, 450] [477, 459] 7 1
[430, 410, 390, 370, 350, 330, 310] [450, 450, 450, 450, 450, 450, 450] [477, 459] 7 1
[450, 430, 410, 390, 370, 350, 330] [450, 450, 450, 450, 450, 450, 450] [477, 459] 7 1
[470, 450, 430, 410, 390, 370, 350] [450, 450, 450, 450, 450, 450, 450] [477, 459] 7 1
[490, 470, 450, 430, 410, 390, 370, 350] [450, 450, 450, 450, 450, 450, 450, 450] [408, 531] 8 1
[510, 490, 470, 450, 430, 410, 390, 370] [450, 450, 450, 450, 450, 450, 450, 450] [408, 531] 8 1
[530, 510, 490, 470, 450, 430, 410, 390] [450, 450, 450, 450, 450, 450, 450, 450] [408, 531] 8 1
[530, 530, 510, 490, 470, 450, 430, 410] [430, 450, 450, 450, 450, 450, 450, 450] [408, 531] 8 2
[510, 530, 530, 510, 490, 470, 450, 430] [430, 430, 450, 450, 450, 450, 450, 450] [408, 531] 8 3
[490, 510, 530, 530, 510, 490, 470, 450] [430, 430, 430, 450, 450, 450, 450, 450] [408, 531] 8 3
[470, 490, 510, 530, 530, 510, 490, 470] [430, 430, 430, 430, 450, 450, 450, 450] [408, 531] 8 3
[450, 470, 490, 510, 530, 530, 510, 490] [430, 430, 430, 430, 430, 450, 450, 450] [408, 531] 8 3
[430, 450, 470, 490, 510, 530, 530, 510] [430, 430, 430, 430, 430, 430, 450, 450] [408, 531] 8 3
[410, 430, 450, 470, 490, 510, 530, 530] [430, 430, 430, 430, 430, 430, 430, 450] [408, 531] 8 3
[390, 410, 430, 450, 470, 490, 510, 530] [430, 430, 430, 430, 430, 430, 430, 430] [408, 531] 8 3
[390, 390, 410, 430, 450, 470, 490, 510] [450, 430, 430, 430, 430, 430, 430, 430] [408, 531] 8 0
[390, 390, 390, 410, 430, 450, 470, 490] [470, 450, 430, 430, 430, 430, 430, 430] [408, 531] 8 0
[390, 390, 390, 390, 410, 430, 450, 470] [490, 470, 450, 430, 430, 430, 430, 430] [408, 531] 8 0
[390, 390, 390, 390, 390, 410, 430, 450] [510, 490, 470, 450, 430, 430, 430, 430] [408, 531] 8 0
[390, 390, 390, 390, 390, 390, 410, 430] [530, 510, 490, 470, 450, 430, 430, 430] [408, 531] 8 0
[370, 390, 390, 390, 390, 390, 390, 410, 430] [530, 530, 510, 490, 470, 450, 430, 430, 430] [251, 290] 9 3
[350, 370, 390, 390, 390, 390, 390, 390, 410] [530, 530, 530, 510, 490, 470, 450, 430, 430] [251, 290] 9 3
[330, 350, 370, 390, 390, 390, 390, 390, 390] [530, 530, 530, 530, 510, 490, 470, 450, 430] [251, 290] 9 3
[310, 330, 350, 370, 390, 390, 390, 390, 390] [530, 530, 530, 530, 530, 510, 490, 470, 450] [251, 290] 9 3
[290, 310, 330, 350, 370, 390, 390, 390, 390] [530, 530, 530, 530, 530, 530, 510, 490, 470] [251, 290] 9 3
[270, 290, 310, 330, 350, 370, 390, 390, 390] [530, 530, 530, 530, 530, 530, 530, 510, 490] [251, 290] 9 3
[250, 270, 290, 310, 330, 350, 370, 390, 390] [530, 530, 530, 530, 530, 530, 530, 530, 510] [251, 290] 9 3
[250, 250, 270, 290, 310, 330, 350, 370, 390] [510, 530, 530, 530, 530, 530, 530, 530, 530] [251, 290] 9 2
[250, 250, 250, 270, 290, 310, 330, 350, 370] [490, 510, 530, 530, 530, 530, 530, 530, 530] [251, 290] 9 2
[250, 250, 250, 250, 270, 290, 310, 330, 350] [470, 490, 510, 530, 530, 530, 530, 530, 530] [251, 290] 9 2
[250, 250, 250, 250, 250, 270, 290, 310, 330] [450, 470, 490, 510, 530, 530, 530, 530, 530] [251, 290] 9 2
[250, 250, 250, 250, 250, 250, 270, 290, 310] [430, 450, 470, 490, 510, 530, 530, 530, 530] [251, 290] 9 2
[250, 250, 250, 250, 250, 250, 250, 270, 290] [410, 430, 450, 470, 490, 510, 530, 530, 530] [251, 290] 9 2
[250, 250, 250, 250, 250, 250, 250, 250, 270] [390, 410, 430, 450, 470, 490, 510, 530, 530] [251, 290] 9 2
[250, 250, 250, 250, 250, 250, 250, 250, 250] [370, 390, 410, 430, 450, 470, 490, 510, 530] [251, 290] 9 2
[250, 250, 250, 250, 250, 250, 250, 250, 250] [350, 370, 390, 410, 430, 450, 470, 490, 510] [251, 290] 9 2
[250, 250, 250, 250, 250, 250, 250, 250, 250] [330, 350, 370, 390, 410, 430, 450, 470, 490] [251, 290] 9 2
[250, 250, 250, 250, 250, 250, 250, 250, 250] [310, 330, 350, 370, 390, 410, 430, 450, 470] [251, 290] 9 2
[250, 250, 250, 250, 250, 250, 250, 250, 250] [290, 310, 330, 350, 370, 390, 410, 430, 450] [251, 290] 9 2
[250, 250, 250, 250, 250, 250, 250, 250, 250, 250] [270, 290, 310, 330, 350, 370, 390, 410, 430, 450] [493, 426] 10 2
[250, 250, 250, 250, 250, 250, 250, 250, 250, 250] [250, 270, 290, 310, 330, 350, 370, 390, 410, 430] [493, 426] 10 2
[250, 250, 250, 250, 250, 250, 250, 250, 250, 250] [230, 250, 270, 290, 310, 330, 350, 370, 390, 410] [493, 426] 10 2
[250, 250, 250, 250, 250, 250, 250, 250, 250, 250] [210, 230, 250, 270, 290, 310, 330, 350, 370, 390] [493, 426] 10 2
[270, 250, 250, 250, 250, 250, 250, 250, 250, 250] [210, 210, 230, 250, 270, 290, 310, 330, 350, 370] [493, 426] 10 1
[290, 270, 250, 250, 250, 250, 250, 250, 250, 250] [210, 210, 210, 230, 250, 270, 290, 310, 330, 350] [493, 426] 10 1
[310, 290, 270, 250, 250, 250, 250, 250, 250, 250] [210, 210, 210, 210, 230, 250, 270, 290, 310, 330] [493, 426] 10 1
[330, 310, 290, 270, 250, 250, 250, 250, 250, 250] [210, 210, 210, 210, 210, 230, 250, 270, 290, 310] [493, 426] 10 1
[350, 330, 310, 290, 270, 250, 250, 250, 250, 250] [210, 210, 210, 210, 210, 210, 230, 250, 270, 290] [493, 426] 10 1
[370, 350, 330, 310, 290, 270, 250, 250, 250, 250] [210, 210, 210, 210, 210, 210, 210, 230, 250, 270] [493, 426] 10 1
[390, 370, 350, 330, 310, 290, 270, 250, 250, 250] [210, 210, 210, 210, 210, 210, 210, 210, 230, 250] [493, 426] 10 1
[410, 390, 370, 350, 330, 310, 290, 270, 250, 250] [210, 210, 210, 210, 210, 210, 210, 210, 210, 230] [493, 426] 10 1
[430, 410, 390, 370, 350, 330, 310, 290, 270, 250] [210, 210, 210, 210, 210, 210, 210, 210, 210, 210] [493, 426] 10 1
[450, 430, 410, 390, 370, 350, 330, 310, 290, 270] [210, 210, 210, 210, 210, 210, 210, 210, 210, 210] [493, 426] 10 1
[470, 450, 430, 410, 390, 370, 350, 330, 310, 290] [210, 210, 210, 210, 210, 210, 210, 210, 210, 210] [493, 426] 10 1
[490, 470, 450, 430, 410, 390, 370, 350, 330, 310] [210, 210, 210, 210, 210, 210, 210, 210, 210, 210] [493, 426] 10 1
[490, 490, 470, 450, 430, 410, 390, 370, 350, 330] [230, 210, 210, 210, 210, 210, 210, 210, 210, 210] [493, 426] 10 0
[490, 490, 490, 470, 450, 430, 410, 390, 370, 350] [250, 230, 210, 210, 210, 210, 210, 210, 210, 210] [493, 426] 10 0
[490, 490, 490, 490, 470, 450, 430, 410, 390, 370] [270, 250, 230, 210, 210, 210, 210, 210, 210, 210] [493, 426] 10 0
[490, 490, 490, 490, 490, 470, 450, 430, 410, 390] [290, 270, 250, 230, 210, 210, 210, 210, 210, 210] [493, 426] 10 0
[490, 490, 490, 490, 490, 490, 470, 450, 430, 410] [310, 290, 270, 250, 230, 210, 210, 210, 210, 210] [493, 426] 10 0
[490, 490, 490, 490, 490, 490, 490, 470, 450, 430] [330, 310, 290, 270, 250, 230, 210, 210, 210, 210] [493, 426] 10 0
[490, 490, 490, 490, 490, 490, 490, 490, 470, 450] [350, 330, 310, 290, 270, 250, 230, 210, 210, 210] [493, 426] 10 0
[490, 490, 490, 490, 490, 490, 490, 490, 490, 470] [370, 350, 330, 310, 290, 270, 250, 230, 210, 210] [493, 426] 10 0
[490, 490, 490, 490, 490, 490, 490, 490, 490, 490] [390, 370, 350, 330, 310, 290, 270, 250, 230, 210] [493, 426] 10 0
[490, 490, 490, 490, 490, 490, 490, 490, 490, 490] [410, 390, 370, 350, 330, 310, 290, 270, 250, 230] [493, 426] 10 0
[490, 490, 490, 490, 490, 490, 490, 490, 490, 490, 490] [430, 410, 390, 370, 350, 330, 310, 290, 270, 250, 230] [288, 207] 11 0
[490, 490, 490, 490, 490, 490, 490, 490, 490, 490, 490] [450, 430, 410, 390, 370, 350, 330, 310, 290, 270, 250] [288, 207] 11 0
[470, 490, 490, 490, 490, 490, 490, 490, 490, 490, 490] [450, 450, 430, 410, 390, 370, 350, 330, 310, 290, 270] [288, 207] 11 3
[450, 470, 490, 490, 490, 490, 490, 490, 490, 490, 490] [450, 450, 450, 430, 410, 390, 370, 350, 330, 310, 290] [288, 207] 11 3
[430, 450, 470, 490, 490, 490, 490, 490, 490, 490, 490] [450, 450, 450, 450, 430, 410, 390, 370, 350, 330, 310] [288, 207] 11 3
[410, 430, 450, 470, 490, 490, 490, 490, 490, 490, 490] [450, 450, 450, 450, 450, 430, 410, 390, 370, 350, 330] [288, 207] 11 3
[390, 410, 430, 450, 470, 490, 490, 490, 490, 490, 490] [450, 450, 450, 450, 450, 450, 430, 410, 390, 370, 350] [288, 207] 11 3
[370, 390, 410, 430, 450, 470, 490, 490, 490, 490, 490] [450, 450, 450, 450, 450, 450, 450, 430, 410, 390, 370] [288, 207] 11 3
[350, 370, 390, 410, 430, 450, 470, 490, 490, 490, 490] [450, 450, 450, 450, 450, 450, 450, 450, 430, 410, 390] [288, 207] 11 3
[330, 350, 370, 390, 410, 430, 450, 470, 490, 490, 490] [450, 450, 450, 450, 450, 450, 450, 450, 450, 430, 410] [288, 207] 11 3
[310, 330, 350, 370, 390, 410, 430, 450, 470, 490, 490] [450, 450, 450, 450, 450, 450, 450, 450, 450, 450, 430] [288, 207] 11 3
[290, 310, 330, 350, 370, 390, 410, 430, 450, 470, 490] [450, 450, 450, 450, 450, 450, 450, 450, 450, 450, 450] [288, 207] 11 3
[290, 290, 310, 330, 350, 370, 390, 410, 430, 450, 470] [430, 450, 450, 450, 450, 450, 450, 450, 450, 450, 450] [288, 207] 11 2
[290, 290, 290, 310, 330, 350, 370, 390, 410, 430, 450] [410, 430, 450, 450, 450, 450, 450, 450, 450, 450, 450] [288, 207] 11 2
[290, 290, 290, 290, 310, 330, 350, 370, 390, 410, 430] [390, 410, 430, 450, 450, 450, 450, 450, 450, 450, 450] [288, 207] 11 2
[290, 290, 290, 290, 290, 310, 330, 350, 370, 390, 410] [370, 390, 410, 430, 450, 450, 450, 450, 450, 450, 450] [288, 207] 11 2
[290, 290, 290, 290, 290, 290, 310, 330, 350, 370, 390] [350, 370, 390, 410, 430, 450, 450, 450, 450, 450, 450] [288, 207] 11 2
[290, 290, 290, 290, 290, 290, 290, 310, 330, 350, 370] [330, 350, 370, 390, 410, 430, 450, 450, 450, 450, 450] [288, 207] 11 2
[290, 290, 290, 290, 290, 290, 290, 290, 310, 330, 350] [310, 330, 350, 370, 390, 410, 430, 450, 450, 450, 450] [288, 207] 11 2
[290, 290, 290, 290, 290, 290, 290, 290, 290, 310, 330] [290, 310, 330, 350, 370, 390, 410, 430, 450, 450, 450] [288, 207] 11 2
[290, 290, 290, 290, 290, 290, 290, 290, 290, 290, 310] [270, 290, 310, 330, 350, 370, 390, 410, 430, 450, 450] [288, 207] 11 2
[290, 290, 290, 290, 290, 290, 290, 290, 290, 290, 290] [250, 270, 290, 310, 330, 350, 370, 390, 410, 430, 450] [288, 207] 11 2
[290, 290, 290, 290, 290, 290, 290, 290, 290, 290, 290] [230, 250, 270, 290, 310, 330, 350, 370, 390, 410, 430] [288, 207] 11 2
[290, 290, 290, 290, 290, 290, 290, 290, 290, 290, 290] [210, 230, 250, 270, 290, 310, 330, 350, 370, 390, 410] [288, 207] 11 2
[290, 290, 290, 290, 290, 290, 290, 290, 290, 290, 290, 290] [190, 210, 230, 250, 270, 290, 310, 330, 350, 370, 390, 410] [442, 385] 12 2
[290, 290, 290, 290, 290, 290, 290, 290, 290, 290, 290, 290] [170, 190, 210, 230, 250, 270, 290, 310, 330, 350, 370, 390] [442, 385] 12 2
[290, 290, 290, 290, 290, 290, 290, 290, 290, 290, 290, 290] [150, 170, 190, 210, 230, 250, 270, 290, 310, 330, 350, 370] [442, 385] 12 2
[310, 290, 290, 290, 290, 290, 290, 290, 290, 290, 290, 290] [150, 150, 170, 190, 210, 230, 250, 270, 290, 310, 330, 350] [442, 385] 12 1
[330, 310, 290, 290, 290, 290, 290, 290, 290, 290, 290, 290] [150, 150, 150, 170, 190, 210, 230, 250, 270, 290, 310, 330] [442, 385] 12 1
[350, 330, 310, 290, 290, 290, 290, 290, 290, 290, 290, 290] [150, 150, 150, 150, 170, 190, 210, 230, 250, 270, 290, 310] [442, 385] 12 1
[370, 350, 330, 310, 290, 290, 290, 290, 290, 290, 290, 290] [150, 150, 150, 150, 150, 170, 190, 210, 230, 250, 270, 290] [442, 385] 12 1
[390, 370, 350, 330, 310, 290, 290, 290, 290, 290, 290, 290] [150, 150, 150, 150, 150, 150, 170, 190, 210, 230, 250, 270] [442, 385] 12 1
[410, 390, 370, 350, 330, 310, 290, 290, 290, 290, 290, 290] [150, 150, 150, 150, 150, 150, 150, 170, 190, 210, 230, 250] [442, 385] 12 1
[430, 410, 390, 370, 350, 330, 310, 290, 290, 290, 290, 290] [150, 150, 150, 150, 150, 150, 150, 150, 170, 190, 210, 230] [442, 385] 12 1
[450, 430, 410, 390, 370, 350, 330, 310, 290, 290, 290, 290] [150, 150, 150, 150, 150, 150, 150, 150, 150, 170, 190, 210] [442, 385] 12 1
[450, 450, 430, 410, 390, 370, 350, 330, 310, 290, 290, 290] [170, 150, 150, 150, 150, 150, 150, 150, 150, 150, 170, 190] [442, 385] 12 0
[450, 450, 450, 430, 410, 390, 370, 350, 330, 310, 290, 290] [190, 170, 150, 150, 150, 150, 150, 150, 150, 150, 150, 170] [442, 385] 12 0
[450, 450, 450, 450, 430, 410, 390, 370, 350, 330, 310, 290] [210, 190, 170, 150, 150, 150, 150, 150, 150, 150, 150, 150] [442, 385] 12 0
[450, 450, 450, 450, 450, 430, 410, 390, 370, 350, 330, 310] [230, 210, 190, 170, 150, 150, 150, 150, 150, 150, 150, 150] [442, 385] 12 0
[450, 450, 450, 450, 450, 450, 430, 410, 390, 370, 350, 330] [250, 230, 210, 190, 170, 150, 150, 150, 150, 150, 150, 150] [442, 385] 12 0
[450, 450, 450, 450, 450, 450, 450, 430, 410, 390, 370, 350] [270, 250, 230, 210, 190, 170, 150, 150, 150, 150, 150, 150] [442, 385] 12 0
[450, 450, 450, 450, 450, 450, 450, 450, 430, 410, 390, 370] [290, 270, 250, 230, 210, 190, 170, 150, 150, 150, 150, 150] [442, 385] 12 0
[450, 450, 450, 450, 450, 450, 450, 450, 450, 430, 410, 390] [310, 290, 270, 250, 230, 210, 190, 170, 150, 150, 150, 150] [442, 385] 12 0
[450, 450, 450, 450, 450, 450, 450, 450, 450, 450, 430, 410] [330, 310, 290, 270, 250, 230, 210, 190, 170, 150, 150, 150] [442, 385] 12 0
[450, 450, 450, 450, 450, 450, 450, 450, 450, 450, 450, 430] [350, 330, 310, 290, 270, 250, 230, 210, 190, 170, 150, 150] [442, 385] 12 0
[450, 450, 450, 450, 450, 450, 450, 450, 450, 450, 450, 450] [370, 350, 330, 310, 290, 270, 250, 230, 210, 190, 170, 150] [442, 385] 12 0
[450, 450, 450, 450, 450, 450, 450, 450, 450, 450, 450, 450, 450] [390, 370, 350, 330, 310, 290, 270, 250, 230, 210, 190, 170, 150] [417, 559] 13 0
