[290, 290, 290, 290, 290] [310, 290, 270, 250, 230] [470, 531] 5 0
[290, 290, 290, 290, 290] [330, 310, 290, 270, 250] [470, 531] 5 0
[290, 290, 290, 290, 290] [350, 330, 310, 290, 270] [470, 531] 5 0
[290, 290, 290, 290, 290] [370, 350, 330, 310, 290] [470, 531] 5 0
[290, 290, 290, 290, 290] [390, 370, 350, 330, 310] [470, 531] 5 0
[290, 290, 290, 290, 290] [410, 390, 370, 350, 330] [470, 531] 5 0
[290, 290, 290, 290, 290] [430, 410, 390, 370, 350] [470, 531] 5 0
[290, 290, 290, 290, 290] [450, 430, 410, 390, 370] [470, 531] 5 0
[290, 290, 290, 290, 290] [470, 450, 430, 410, 390] [470, 531] 5 0
[290, 290, 290, 290, 290] [490, 470, 450, 430, 410] [470, 531] 5 0
[310, 290, 290, 290, 290] [490, 490, 470, 450, 430] [470, 531] 5 1
[310, 310, 290, 290, 290] [510, 490, 490, 470, 450] [470, 531] 5 0
[330, 310, 310, 290, 290] [510, 510, 490, 490, 470] [470, 531] 5 1
[350, 330, 310, 310, 290] [510, 510, 510, 490, 490] [470, 531] 5 1
[350, 350, 330, 310, 310] [530, 510, 510, 510, 490] [470, 531] 5 0
[370, 350, 350, 330, 310] [530, 530, 510, 510, 510] [470, 531] 5 1
[390, 370, 350, 350, 330] [530, 530, 530, 510, 510] [470, 531] 5 1
[410, 390, 370, 350, 350] [530, 530, 530, 530, 510] [470, 531] 5 1
[430, 410, 390, 370, 350] [530, 530, 530, 530, 530] [470, 531] 5 1
[450, 430, 410, 390, 370] [530, 530, 530, 530, 530] [470, 531] 5 1
[470, 450, 430, 410, 390] [530, 530, 530, 530, 530] [470, 531] 5 1
[490, 470, 450, 430, 410, 390] [530, 530, 530, 530, 530, 530] [359, 350] 6 1
[490, 490, 470, 450, 430, 410] [510, 530, 530, 530, 530, 530] [359, 350] 6 2
[490, 490, 490, 470, 450, 430] [490, 510, 530, 530, 530, 530] [359, 350] 6 2
[490, 490, 490, 490, 470, 450] [470, 490, 510, 530, 530, 530] [359, 350] 6 2
[490, 490, 490, 490, 490, 470] [450, 470, 490, 510, 530, 530] [359, 350] 6 2
[490, 490, 490, 490, 490, 490] [430, 450, 470, 490, 510, 530] [359, 350] 6 2
[490, 490, 490, 490, 490, 490] [410, 430, 450, 470, 490, 510] [359, 350] 6 2
[490, 490, 490, 490, 490, 490] [390, 410, 430, 450, 470, 490] [359, 350] 6 2
[490, 490, 490, 490, 490, 490] [370, 390, 410, 430, 450, 470] [359, 350] 6 2
[490, 490, 490, 490, 490, 490] [350, 370, 390, 410, 430, 450] [359, 350] 6 2
[470, 490, 490, 490, 490, 490] [350, 350, 370, 390, 410, 430] [359, 350] 6 3
[450, 470, 490, 490, 490, 490] [350, 350, 350, 370, 390, 410] [359, 350] 6 3
[430, 450, 470, 490, 490, 490] [350, 350, 350, 350, 370, 390] [359, 350] 6 3
[410, 430, 450, 470, 490, 490] [350, 350, 350, 350, 350, 370] [359, 350] 6 3
[390, 410, 430, 450, 470, 490] [350, 350, 350, 350, 350, 350] [359, 350] 6 3
[370, 390, 410, 430, 450, 470] [350, 350, 350, 350, 350, 350] [359, 350] 6 3
[350, 370, 390, 410, 430, 450] [350, 350, 350, 350, 350, 350] [359, 350] 6 3
[330, 350, 370, 390, 410, 430, 450] [350, 350, 350, 350, 350, 350, 350] [143, 442] 7 3
[310, 330, 350, 370, 390, 410, 430] [350, 350, 350, 350, 350, 350, 350] [143, 442] 7 3
[290, 310, 330, 350, 370, 390, 410] [350, 350, 350, 350, 350, 350, 350] [143, 442] 7 3
[270, 290, 310, 330, 350, 370, 390] [350, 350, 350, 350, 350, 350, 350] [143, 442] 7 3
[250, 270, 290, 310, 330, 350, 370] [350, 350, 350, 350, 350, 350, 350] [143, 442] 7 3
[230, 250, 270, 290, 310, 330, 350] [350, 350, 350, 350, 350, 350, 350] [143, 442] 7 3
[210, 230, 250, 270, 290, 310, 330] [350, 350, 350, 350, 350, 350, 350] [143, 442] 7 3
[190, 210, 230, 250, 270, 290, 310] [350, 350, 350, 350, 350, 350, 350] [143, 442] 7 3
[170, 190, 210, 230, 250, 270, 290] [350, 350, 350, 350, 350, 350, 350] [143, 442] 7 3
[150, 170, 190, 210, 230, 250, 270] [350, 350, 350, 350, 350, 350, 350] [143, 442] 7 3
[130, 150, 170, 190, 210, 230, 250] [350, 350, 350, 350, 350, 350, 350] [143, 442] 7 3
[130, 130, 150, 170, 190, 210, 230] [370, 350, 350, 350, 350, 350, 350] [143, 442] 7 0
[130, 130, 130, 150, 170, 190, 210] [390, 370, 350, 350, 350, 350, 350] [143, 442] 7 0
[130, 130, 130, 130, 150, 170, 190] [410, 390, 370, 350, 350, 350, 350] [143, 442] 7 0
[130, 130, 130, 130, 130, 150, 170] [430, 410, 390, 370, 350, 350, 350] [143, 442] 7 0
[130, 130, 130, 130, 130, 130, 150, 170] [450, 430, 410, 390, 370, 350, 350, 350] [258, 248] 8 0
[150, 130, 130, 130, 130, 130, 130, 150] [450, 450, 430, 410, 390, 370, 350, 350] [258, 248] 8 1
[170, 150, 130, 130, 130, 130, 130, 130] [450, 450, 450, 430, 410, 390, 370, 350] [258, 248] 8 1
[190, 170, 150, 130, 130, 130, 130, 130] [450, 450, 450, 450, 430, 410, 390, 370] [258, 248] 8 1
[210, 190, 170, 150, 130, 130, 130, 130] [450, 450, 450, 450, 450, 430, 410, 390] [258, 248] 8 1
[230, 210, 190, 170, 150, 130, 130, 130] [450, 450, 450, 450, 450, 450, 430, 410] [258, 248] 8 1
[250, 230, 210, 190, 170, 150, 130, 130] [450, 450, 450, 450, 450, 450, 450, 430] [258, 248] 8 1
[250, 250, 230, 210, 190, 170, 150, 130] [430, 450, 450, 450, 450, 450, 450, 450] [258, 248] 8 2
[250, 250, 250, 230, 210, 190, 170, 150] [410, 430, 450, 450, 450, 450, 450, 450] [258, 248] 8 2
[250, 250, 250, 250, 230, 210, 190, 170] [390, 410, 430, 450, 450, 450, 450, 450] [258, 248] 8 2
[250, 250, 250, 250, 250, 230, 210, 190] [370, 390, 410, 430, 450, 450, 450, 450] [258, 248] 8 2
[250, 250, 250, 250, 250, 250, 230, 210] [350, 370, 390, 410, 430, 450, 450, 450] [258, 248] 8 2
[250, 250, 250, 250, 250, 250, 250, 230] [330, 350, 370, 390, 410, 430, 450, 450] [258, 248] 8 2
[250, 250, 250, 250, 250, 250, 250, 250] [310, 330, 350, 370, 390, 410, 430, 450] [258, 248] 8 2
[250, 250, 250, 250, 250, 250, 250, 250] [290, 310, 330, 350, 370, 390, 410, 430] [258, 248] 8 2
[250, 250, 250, 250, 250, 250, 250, 250] [270, 290, 310, 330, 350, 370, 390, 410] [258, 248] 8 2
[250, 250, 250, 250, 250, 250, 250, 250] [250, 270, 290, 310, 330, 350, 370, 390] [258, 248] 8 2
[250, 250, 250, 250, 250, 250, 250, 250, 250] [230, 250, 270, 290, 310, 330, 350, 370, 390] [102, 211] 9 2
[230, 250, 250, 250, 250, 250, 250, 250, 250] [230, 230, 250, 270, 290, 310, 330, 350, 370] [102, 211] 9 3
[230, 230, 250, 250, 250, 250, 250, 250, 250] [210, 230, 230, 250, 270, 290, 310, 330, 350] [102, 211] 9 2
[210, 230, 230, 250, 250, 250, 250, 250, 250] [210, 210, 230, 230, 250, 270, 290, 310, 330] [102, 211] 9 3
[190, 210, 230, 230, 250, 250, 250, 250, 250] [210, 210, 210, 230, 230, 250, 270, 290, 310] [102, 211] 9 3
[170, 190, 210, 230, 230, 250, 250, 250, 250] [210, 210, 210, 210, 230, 230, 250, 270, 290] [102, 211] 9 3
[150, 170, 190, 210, 230, 230, 250, 250, 250] [210, 210, 210, 210, 210, 230, 230, 250, 270] [102, 211] 9 3
[130, 150, 170, 190, 210, 230, 230, 250, 250] [210, 210, 210, 210, 210, 210, 230, 230, 250] [102, 211] 9 3
[110, 130, 150, 170, 190, 210, 230, 230, 250] [210, 210, 210, 210, 210, 210, 210, 230, 230] [102, 211] 9 3
[90, 110, 130, 150, 170, 190, 210, 230, 230, 250] [210, 210, 210, 210, 210, 210, 210, 210, 230, 230] [388, 194] 10 3
[90, 90, 110, 130, 150, 170, 190, 210, 230, 230] [230, 210, 210, 210, 210, 210, 210, 210, 210, 230] [388, 194] 10 0
[90, 90, 90, 110, 130, 150, 170, 190, 210, 230] [250, 230, 210, 210, 210, 210, 210, 210, 210, 210] [388, 194] 10 0
[90, 90, 90, 90, 110, 130, 150, 170, 190, 210] [270, 250, 230, 210, 210, 210, 210, 210, 210, 210] [388, 194] 10 0
[90, 90, 90, 90, 90, 110, 130, 150, 170, 190] [290, 270, 250, 230, 210, 210, 210, 210, 210, 210] [388, 194] 10 0
[90, 90, 90, 90, 90, 90, 110, 130, 150, 170] [310, 290, 270, 250, 230, 210, 210, 210, 210, 210] [388, 194] 10 0
[90, 90, 90, 90, 90, 90, 90, 110, 130, 150] [330, 310, 290, 270, 250, 230, 210, 210, 210, 210] [388, 194] 10 0
[110, 90, 90, 90, 90, 90, 90, 90, 110, 130] [330, 330, 310, 290, 270, 250, 230, 210, 210, 210] [388, 194] 10 1
[130, 110, 90, 90, 90, 90, 90, 90, 90, 110] [330, 330, 330, 310, 290, 270, 250, 230, 210, 210] [388, 194] 10 1
[150, 130, 110, 90, 90, 90, 90, 90, 90, 90] [330, 330, 330, 330, 310, 290, 270, 250, 230, 210] [388, 194] 10 1
[150, 150, 130, 110, 90, 90, 90, 90, 90, 90] [310, 330, 330, 330, 330, 310, 290, 270, 250, 230] [388, 194] 10 2
[150, 150, 150, 130, 110, 90, 90, 90, 90, 90] [290, 310, 330, 330, 330, 330, 310, 290, 270, 250] [388, 194] 10 2
[150, 150, 150, 150, 130, 110, 90, 90, 90, 90] [270, 290, 310, 330, 330, 330, 330, 310, 290, 270] [388, 194] 10 2
[150, 150, 150, 150, 150, 130, 110, 90, 90, 90] [250, 270, 290, 310, 330, 330, 330, 330, 310, 290] [388, 194] 10 2
[150, 150, 150, 150, 150, 150, 130, 110, 90, 90] [230, 250, 270, 290, 310, 330, 330, 330, 330, 310] [388, 194] 10 2
[150, 150, 150, 150, 150, 150, 150, 130, 110, 90] [210, 230, 250, 270, 290, 310, 330, 330, 330, 330] [388, 194] 10 2
[150, 150, 150, 150, 150, 150, 150, 150, 130, 110] [190, 210, 230, 250, 270, 290, 310, 330, 330, 330] [388, 194] 10 2
[170, 150, 150, 150, 150, 150, 150, 150, 150, 130] [190, 190, 210, 230, 250, 270, 290, 310, 330, 330] [388, 194] 10 1
[190, 170, 150, 150, 150, 150, 150, 150, 150, 150] [190, 190, 190, 210, 230, 250, 270, 290, 310, 330] [388, 194] 10 1
[210, 190, 170, 150, 150, 150, 150, 150, 150, 150] [190, 190, 190, 190, 210, 230, 250, 270, 290, 310] [388, 194] 10 1
[230, 210, 190, 170, 150, 150, 150, 150, 150, 150] [190, 190, 190, 190, 190, 210, 230, 250, 270, 290] [388, 194] 10 1
[250, 230, 210, 190, 170, 150, 150, 150, 150, 150] [190, 190, 190, 190, 190, 190, 210, 230, 250, 270] [388, 194] 10 1
[270, 250, 230, 210, 190, 170, 150, 150, 150, 150] [190, 190, 190, 190, 190, 190, 190, 210, 230, 250] [388, 194] 10 1
[290, 270, 250, 230, 210, 190, 170, 150, 150, 150] [190, 190, 190, 190, 190, 190, 190, 190, 210, 230] [388, 194] 10 1
[310, 290, 270, 250, 230, 210, 190, 170, 150, 150] [190, 190, 190, 190, 190, 190, 190, 190, 190, 210] [388, 194] 10 1
[330, 310, 290, 270, 250, 230, 210, 190, 170, 150] [190, 190, 190, 190, 190, 190, 190, 190, 190, 190] [388, 194] 10 1
[350, 330, 310, 290, 270, 250, 230, 210, 190, 170] [190, 190, 190, 190, 190, 190, 190, 190, 190, 190] [388, 194] 10 1
[370, 350, 330, 310, 290, 270, 250, 230, 210, 190] [190, 190, 190, 190, 190, 190, 190, 190, 190, 190] [388, 194] 10 1
[390, 370, 350, 330, 310, 290, 270, 250, 230, 210, 190] [190, 190, 190, 190, 190, 190, 190, 190, 190, 190, 190] [434, 75] 11 1
[410, 390, 370, 350, 330, 310, 290, 270, 250, 230, 210] [190, 190, 190, 190, 190, 190, 190, 190, 190, 190, 190] [434, 75] 11 1
[430, 410, 390, 370, 350, 330, 310, 290, 270, 250, 230] [190, 190, 190, 190, 190, 190, 190, 190, 190, 190, 190] [434, 75] 11 1
[430, 430, 410, 390, 370, 350, 330, 310, 290, 270, 250] [170, 190, 190, 190, 190, 190, 190, 190, 190, 190, 190] [434, 75] 11 2
[430, 430, 430, 410, 390, 370, 350, 330, 310, 290, 270] [150, 170, 190, 190, 190, 190, 190, 190, 190, 190, 190] [434, 75] 11 2
[430, 430, 430, 430, 410, 390, 370, 350, 330, 310, 290] [130, 150, 170, 190, 190, 190, 190, 190, 190, 190, 190] [434, 75] 11 2
[430, 430, 430, 430, 430, 410, 390, 370, 350, 330, 310] [110, 130, 150, 170, 190, 190, 190, 190, 190, 190, 190] [434, 75] 11 2
[430, 430, 430, 430, 430, 430, 410, 390, 370, 350, 330] [90, 110, 130, 150, 170, 190, 190, 190, 190, 190, 190] [434, 75] 11 2
[430, 430, 430, 430, 430, 430, 430, 410, 390, 370, 350] [70, 90, 110, 130, 150, 170, 190, 190, 190, 190, 190] [434, 75] 11 2
[430, 430, 430, 430, 430, 430, 430, 430, 410, 390, 370, 350] [50, 70, 90, 110, 130, 150, 170, 190, 190, 190, 190, 190] [518, 36] 12 2
[410, 430, 430, 430, 430, 430, 430, 430, 430, 410, 390, 370] [50, 50, 70, 90, 110, 130, 150, 170, 190, 190, 190, 190] [518, 36] 12 3
[410, 410, 430, 430, 430, 430, 430, 430, 430, 430, 410, 390] [30, 50, 50, 70, 90, 110, 130, 150, 170, 190, 190, 190] [518, 36] 12 2
[430, 410, 410, 430, 430, 430, 430, 430, 430, 430, 430, 410] [30, 30, 50, 50, 70, 90, 110, 130, 150, 170, 190, 190] [518, 36] 12 1
[450, 430, 410, 410, 430, 430, 430, 430, 430, 430, 430, 430] [30, 30, 30, 50, 50, 70, 90, 110, 130, 150, 170, 190] [518, 36] 12 1
[470, 450, 430, 410, 410, 430, 430, 430, 430, 430, 430, 430] [30, 30, 30, 30, 50, 50, 70, 90, 110, 130, 150, 170] [518, 36] 12 1
[490, 470, 450, 430, 410, 410, 430, 430, 430, 430, 430, 430] [30, 30, 30, 30, 30, 50, 50, 70, 90, 110, 130, 150] [518, 36] 12 1
[510, 490, 470, 450, 430, 410, 410, 430, 430, 430, 430, 430] [30, 30, 30, 30, 30, 30, 50, 50, 70, 90, 110, 130] [518, 36] 12 1
[530, 510, 490, 470, 450, 430, 410, 410, 430, 430, 430, 430, 430] [30, 30, 30, 30, 30, 30, 30, 50, 50, 70, 90, 110, 130] [212, 62] 13 1
[530, 530, 510, 490, 470, 450, 430, 410, 410, 430, 430, 430, 430] [50, 30, 30, 30, 30, 30, 30, 30, 50, 50, 70, 90, 110] [212, 62] 13 0
[530, 530, 530, 510, 490, 470, 450, 430, 410, 410, 430, 430, 430] [70, 50, 30, 30, 30, 30, 30, 30, 30, 50, 50, 70, 90] [212, 62] 13 0
[530, 530, 530, 530, 510, 490, 470, 450, 430, 410, 410, 430, 430] [90, 70, 50, 30, 30, 30, 30, 30, 30, 30, 50, 50, 70] [212, 62] 13 0
[510, 530, 530, 530, 530, 510, 490, 470, 450, 430, 410, 410, 430] [90, 90, 70, 50, 30, 30, 30, 30, 30, 30, 30, 50, 50] [212, 62] 13 3
[490, 510, 530, 530, 530, 530, 510, 490, 470, 450, 430, 410, 410] [90, 90, 90, 70, 50, 30, 30, 30, 30, 30, 30, 30, 50] [212, 62] 13 3
[470, 490, 510, 530, 530, 530, 530, 510, 490, 470, 450, 430, 410] [90, 90, 90, 90, 70, 50, 30, 30, 30, 30, 30, 30, 30] [212, 62] 13 3
[450, 470, 490, 510, 530, 530, 530, 530, 510, 490, 470, 450, 430] [90, 90, 90, 90, 90, 70, 50, 30, 30, 30, 30, 30, 30] [212, 62] 13 3
[430, 450, 470, 490, 510, 530, 530, 530, 530, 510, 490, 470, 450] [90, 90, 90, 90, 90, 90, 70, 50, 30, 30, 30, 30, 30] [212, 62] 13 3
[430, 430, 450, 470, 490, 510, 530, 530, 530, 530, 510, 490, 470] [70, 90, 90, 90, 90, 90, 90, 70, 50, 30, 30, 30, 30] [212, 62] 13 2
[430, 430, 430, 450, 470, 490, 510, 530, 530, 530, 530, 510, 490] [50, 70, 90, 90, 90, 90, 90, 90, 70, 50, 30, 30, 30] [212, 62] 13 2
[410, 430, 430, 430, 450, 470, 490, 510, 530, 530, 530, 530, 510] [50, 50, 70, 90, 90, 90, 90, 90, 90, 70, 50, 30, 30] [212, 62] 13 3
[390, 410, 430, 430, 430, 450, 470, 490, 510, 530, 530, 530, 530] [50, 50, 50, 70, 90, 90, 90, 90, 90, 90, 70, 50, 30] [212, 62] 13 3
[370, 390, 410, 430, 430, 430, 450, 470, 490, 510, 530, 530, 530] [50, 50, 50, 50, 70, 90, 90, 90, 90, 90, 90, 70, 50] [212, 62] 13 3
[350, 370, 390, 410, 430, 430, 430, 450, 470, 490, 510, 530, 530] [50, 50, 50, 50, 50, 70, 90, 90, 90, 90, 90, 90, 70] [212, 62] 13 3
[330, 350, 370, 390, 410, 430, 430, 430, 450, 470, 490, 510, 530] [50, 50, 50, 50, 50, 50, 70, 90, 90, 90, 90, 90, 90] [212, 62] 13 3
[310, 330, 350, 370, 390, 410, 430, 430, 430, 450, 470, 490, 510] [50, 50, 50, 50, 50, 50, 50, 70, 90, 90, 90, 90, 90] [212, 62] 13 3
[290, 310, 330, 350, 370, 390, 410, 430, 430, 430, 450, 470, 490] [50, 50, 50, 50, 50, 50, 50, 50, 70, 90, 90, 90, 90] [212, 62] 13 3
[270, 290, 310, 330, 350, 370, 390, 410, 430, 430, 430, 450, 470] [50, 50, 50, 50, 50, 50, 50, 50, 50, 70, 90, 90, 90] [212, 62] 13 3
[250, 270, 290, 310, 330, 350, 370, 390, 410, 430, 430, 430, 450] [50, 50, 50, 50, 50, 50, 50, 50, 50, 50, 70, 90, 90] [212, 62] 13 3
[230, 250, 270, 290, 310, 330, 350, 370, 390, 410, 430, 430, 430] [50, 50, 50, 50, 50, 50, 50, 50, 50, 50, 50, 70, 90] [212, 62] 13 3
[210, 230, 250, 270, 290, 310, 330, 350, 370, 390, 410, 430, 430] [50, 50, 50, 50, 50, 50, 50, 50, 50, 50, 50, 50, 70] [212, 62] 13 3
[190, 210, 230, 250, 270, 290, 310, 330, 350, 370, 390, 410, 430, 430] [50, 50, 50, 50, 50, 50, 50, 50, 50, 50, 50, 50, 50, 70] [130, 408] 14 3
[170, 190, 210, 230, 250, 270, 290, 310, 330, 350, 370, 390, 410, 430] [50, 50, 50, 50, 50, 50, 50, 50, 50, 50, 50, 50, 50, 50] [130, 408] 14 3
[150, 170, 190, 210, 230, 250, 270, 290, 310, 330, 350, 370, 390, 410] [50, 50, 50, 50, 50, 50, 50, 50, 50, 50, 50, 50, 50, 50] [130, 408] 14 3
[150, 150, 170, 190, 210, 230, 250, 270, 290, 310, 330, 350, 370, 390] [70, 50, 50, 50, 50, 50, 50, 50, 50, 50, 50, 50, 50, 50] [130, 408] 14 0
[130, 150, 150, 170, 190, 210, 230, 250, 270, 290, 310, 330, 350, 370] [70, 70, 50, 50, 50, 50, 50, 50, 50, 50, 50, 50, 50, 50] [130, 408] 14 3
[130, 130, 150, 150, 170, 190, 210, 230, 250, 270, 290, 310, 330, 350] [90, 70, 70, 50, 50, 50, 50, 50, 50, 50, 50, 50, 50, 50] [130, 408] 14 0
[130, 130, 130, 150, 150, 170, 190, 210, 230, 250, 270, 290, 310, 330] [110, 90, 70, 70, 50, 50, 50, 50, 50, 50, 50, 50, 50, 50] [130, 408] 14 0
[130, 130, 130, 130, 150, 150, 170, 190, 210, 230, 250, 270, 290, 310] [130, 110, 90, 70, 70, 50, 50, 50, 50, 50, 50, 50, 50, 50] [130, 408] 14 0
[130, 130, 130, 130, 130, 150, 150, 170, 190, 210, 230, 250, 270, 290] [150, 130, 110, 90, 70, 70, 50, 50, 50, 50, 50, 50, 50, 50] [130, 408] 14 0
[130, 130, 130, 130, 130, 130, 150, 150, 170, 190, 210, 230, 250, 270] [170, 150, 130, 110, 90, 70, 70, 50, 50, 50, 50, 50, 50, 50] [130, 408] 14 0
[130, 130, 130, 130, 130, 130, 130, 150, 150, 170, 190, 210, 230, 250] [190, 170, 150, 130, 110, 90, 70, 70, 50, 50, 50, 50, 50, 50] [130, 408] 14 0
[130, 130, 130, 130, 130, 130, 130, 130, 150, 150, 170, 190, 210, 230] [210, 190, 170, 150, 130, 110, 90, 70, 70, 50, 50, 50, 50, 50] [130, 408] 14 0
[130, 130, 130, 130, 130, 130, 130, 130, 130, 150, 150, 170, 190, 210] [230, 210, 190, 170, 150, 130, 110, 90, 70, 70, 50, 50, 50, 50] [130, 408] 14 0
[130, 130, 130, 130, 130, 130, 130, 130, 130, 130, 150, 150, 170, 190] [250, 230, 210, 190, 170, 150, 130, 110, 90, 70, 70, 50, 50, 50] [130, 408] 14 0
[130, 130, 130, 130, 130, 130, 130, 130, 130, 130, 130, 150, 150, 170] [270, 250, 230, 210, 190, 170, 150, 130, 110, 90, 70, 70, 50, 50] [130, 408] 14 0
[130, 130, 130, 130, 130, 130, 130, 130, 130, 130, 130, 130, 150, 150] [290, 270, 250, 230, 210, 190, 170, 150, 130, 110, 90, 70, 70, 50] [130, 408] 14 0
[130, 130, 130, 130, 130, 130, 130, 130, 130, 130, 130, 130, 130, 150] [310, 290, 270, 250, 230, 210, 190, 170, 150, 130, 110, 90, 70, 70] [130, 408] 14 0
[130, 130, 130, 130, 130, 130, 130, 130, 130, 130, 130, 130, 130, 130] [330, 310, 290, 270, 250, 230, 210, 190, 170, 150, 130, 110, 90, 70] [130, 408] 14 0
[130, 130, 130, 130, 130, 130, 130, 130, 130, 130, 130, 130, 130, 130] [350, 330, 310, 290, 270, 250, 230, 210, 190, 170, 150, 130, 110, 90] [130, 408] 14 0
[130, 130, 130, 130, 130, 130, 130, 130, 130, 130, 130, 130, 130, 130] [370, 350, 330, 310, 290, 270, 250, 230, 210, 190, 170, 150, 130, 110] [130, 408] 14 0
[130, 130, 130, 130, 130, 130, 130, 130, 130, 130, 130, 130, 130, 130] [390, 370, 350, 330, 310, 290, 270, 250, 230, 210, 190, 170, 150, 130] [130, 408] 14 0
[130, 130, 130, 130, 130, 130, 130, 130, 130, 130, 130, 130, 130, 130, 130] [410, 390, 370, 350, 330, 310, 290, 270, 250, 230, 210, 190, 170, 150, 130] [411, 83] 15 0
[130, 130, 130, 130, 130, 130, 130, 130, 130, 130, 130, 130, 130, 130, 130] [430, 410, 390, 370, 350, 330, 310, 290, 270, 250, 230, 210, 190, 170, 150] [411, 83] 15 0
[150, 130, 130, 130, 130, 130, 130, 130, 130, 130, 130, 130, 130, 130, 130] [430, 430, 410, 390, 370, 350, 330, 310, 290, 270, 250, 230, 210, 190, 170] [411, 83] 15 1
[170, 150, 130, 130, 130, 130, 130, 130, 130, 130, 130, 130, 130, 130, 130] [430, 430, 430, 410, 390, 370, 350, 330, 310, 290, 270, 250, 230, 210, 190] [411, 83] 15 1
[190, 170, 150, 130, 130, 130, 130, 130, 130, 130, 130, 130, 130, 130, 130] [430, 430, 430, 430, 410, 390, 370, 350, 330, 310, 290, 270, 250, 230, 210] [411, 83] 15 1
[210, 190, 170, 150, 130, 130, 130, 130, 130, 130, 130, 130, 130, 130, 130] [430, 430, 430, 430, 430, 410, 390, 370, 350, 330, 310, 290, 270, 250, 230] [411, 83] 15 1
[230, 210, 190, 170, 150, 130, 130, 130, 130, 130, 130, 130, 130, 130, 130] [430, 430, 430, 430, 430, 430, 410, 390, 370, 350, 330, 310, 290, 270, 250] [411, 83] 15 1
[250, 230, 210, 190, 170, 150, 130, 130, 130, 130, 130, 130, 130, 130, 130] [430, 430, 430, 430, 430, 430, 430, 410, 390, 370, 350, 330, 310, 290, 270] [411, 83] 15 1
[270, 250, 230, 210, 190, 170, 150, 130, 130, 130, 130, 130, 130, 130, 130] [430, 430, 430, 430, 430, 430, 430, 430, 410, 390, 370, 350, 330, 310, 290] [411, 83] 15 1
[290, 270, 250, 230, 210, 190, 170, 150, 130, 130, 130, 130, 130, 130, 130] [430, 430, 430, 430, 430, 430, 430, 430, 430, 410, 390, 370, 350, 330, 310] [411, 83] 15 1
[310, 290, 270, 250, 230, 210, 190, 170, 150, 130, 130, 130, 130, 130, 130] [430, 430, 430, 430, 430, 430, 430, 430, 430, 430, 410, 390, 370, 350, 330] [411, 83] 15 1
[330, 310, 290, 270, 250, 230, 210, 190, 170, 150, 130, 130, 130, 130, 130] [430, 430, 430, 430, 430, 430, 430, 430, 430, 430, 430, 410, 390, 370, 350] [411, 83] 15 1
[350, 330, 310, 290, 270, 250, 230, 210, 190, 170, 150, 130, 130, 130, 130] [430, 430, 430, 430, 430, 430, 430, 430, 430, 430, 430, 430, 410, 390, 370] [411, 83] 15 1
[370, 350, 330, 310, 290, 270, 250, 230, 210, 190, 170, 150, 130, 130, 130] [430, 430, 430, 430, 430, 430, 430, 430, 430, 430, 430, 430, 430, 410, 390] [411, 83] 15 1
[390, 370, 350, 330, 310, 290, 270, 250, 230, 210, 190, 170, 150, 130, 130] [430, 430, 430, 430, 430, 430, 430, 430, 430, 430, 430, 430, 430, 430, 410] [411, 83] 15 1
[410, 390, 370, 350, 330, 310, 290, 270, 250, 230, 210, 190, 170, 150, 130] [430, 430, 430, 430, 430, 430, 430, 430, 430, 430, 430, 430, 430, 430, 430] [411, 83] 15 1
[410, 410, 390, 370, 350, 330, 310, 290, 270, 250, 230, 210, 190, 170, 150] [410, 430, 430, 430, 430, 430, 430, 430, 430, 430, 430, 430, 430, 430, 430] [411, 83] 15 2
[410, 410, 410, 390, 370, 350, 330, 310, 290, 270, 250, 230, 210, 190, 170] [390, 410, 430, 430, 430, 430, 430, 430, 430, 430, 430, 430, 430, 430, 430] [411, 83] 15 2
[410, 410, 410, 410, 390, 370, 350, 330, 310, 290, 270, 250, 230, 210, 190] [370, 390, 410, 430, 430, 430, 430, 430, 430, 430, 430, 430, 430, 430, 430] [411, 83] 15 2
[410, 410, 410, 410, 410, 390, 370, 350, 330, 310, 290, 270, 250, 230, 210] [350, 370, 390, 410, 430, 430, 430, 430, 430, 430, 430, 430, 430, 430, 430] [411, 83] 15 2
[410, 410, 410, 410, 410, 410, 390, 370, 350, 330, 310, 290, 270, 250, 230] [330, 350, 370, 390, 410, 430, 430, 430, 430, 430, 430, 430, 430, 430, 430] [411, 83] 15 2
[410, 410, 410, 410, 410, 410, 410, 390, 370, 350, 330, 310, 290, 270, 250] [310, 330, 350, 370, 390, 410, 430, 430, 430, 430, 430, 430, 430, 430, 430] [411, 83] 15 2
[410, 410, 410, 410, 410, 410, 410, 410, 390, 370, 350, 330, 310, 290, 270] [290, 310, 330, 350, 370, 390, 410, 430, 430, 430, 430, 430, 430, 430, 430] [411, 83] 15 2
[410, 410, 410, 410, 410, 410, 410, 410, 410, 390, 370, 350, 330, 310, 290] [270, 290, 310, 330, 350, 370, 390, 410, 430, 430, 430, 430, 430, 430, 430] [411, 83] 15 2
[410, 410, 410, 410, 410, 410, 410, 410, 410, 410, 390, 370, 350, 330, 310] [250, 270, 290, 310, 330, 350, 370, 390, 410, 430, 430, 430, 430, 430, 430] [411, 83] 15 2
[410, 410, 410, 410, 410, 410, 410, 410, 410, 410, 410, 390, 370, 350, 330] [230, 250, 270, 290, 310, 330, 350, 370, 390, 410, 430, 430, 430, 430, 430] [411, 83] 15 2
[410, 410, 410, 410, 410, 410, 410, 410, 410, 410, 410, 410, 390, 370, 350] [210, 230, 250, 270, 290, 310, 330, 350, 370, 390, 410, 430, 430, 430, 430] [411, 83] 15 2
[410, 410, 410, 410, 410, 410, 410, 410, 410, 410, 410, 410, 410, 390, 370] [190, 210, 230, 250, 270, 290, 310, 330, 350, 370, 390, 410, 430, 430, 430] [411, 83] 15 2
[410, 410, 410, 410, 410, 410, 410, 410, 410, 410, 410, 410, 410, 410, 390] [170, 190, 210, 230, 250, 270, 290, 310, 330, 350, 370, 390, 410, 430, 430] [411, 83] 15 2
[410, 410, 410, 410, 410, 410, 410, 410, 410, 410, 410, 410, 410, 410, 410] [150, 170, 190, 210, 230, 250, 270, 290, 310, 330, 350, 370, 390, 410, 430] [411, 83] 15 2
[410, 410, 410, 410, 410, 410, 410, 410, 410, 410, 410, 410, 410, 410, 410] [130, 150, 170, 190, 210, 230, 250, 270, 290, 310, 330, 350, 370, 390, 410] [411, 83] 15 2
[410, 410, 410, 410, 410, 410, 410, 410, 410, 410, 410, 410, 410, 410, 410] [110, 130, 150, 170, 190, 210, 230, 250, 270, 290, 310, 330, 350, 370, 390] [411, 83] 15 2
[410, 410, 410, 410, 410, 410, 410, 410, 410, 410, 410, 410, 410, 410, 410] [90, 110, 130, 150, 170, 190, 210, 230, 250, 270, 290, 310, 330, 350, 370] [411, 83] 15 2
[410, 410, 410, 410, 410, 410, 410, 410, 410, 410, 410, 410, 410, 410, 410, 410] [70, 90, 110, 130, 150, 170, 190, 210, 230, 250, 270, 290, 310, 330, 350, 370] [552, 242] 16 2
[410, 410, 410, 410, 410, 410, 410, 410, 410, 410, 410, 410, 410, 410, 410, 410] [50, 70, 90, 110, 130, 150, 170, 190, 210, 230, 250, 270, 290, 310, 330, 350] [552, 242] 16 2
[390, 410, 410, 410, 410, 410, 410, 410, 410, 410, 410, 410, 410, 410, 410, 410] [50, 50, 70, 90, 110, 130, 150, 170, 190, 210, 230, 250, 270, 290, 310, 330] [552, 242] 16 3
[370, 390, 410, 410, 410, 410, 410, 410, 410, 410, 410, 410, 410, 410, 410, 410] [50, 50, 50, 70, 90, 110, 130, 150, 170, 190, 210, 230, 250, 270, 290, 310] [552, 242] 16 3
[370, 370, 390, 410, 410, 410, 410, 410, 410, 410, 410, 410, 410, 410, 410, 410] [30, 50, 50, 50, 70, 90, 110, 130, 150, 170, 190, 210, 230, 250, 270, 290] [552, 242] 16 2
[390, 370, 370, 390, 410, 410, 410, 410, 410, 410, 410, 410, 410, 410, 410, 410] [30, 30, 50, 50, 50, 70, 90, 110, 130, 150, 170, 190, 210, 230, 250, 270] [552, 242] 16 1
[410, 390, 370, 370, 390, 410, 410, 410, 410, 410, 410, 410, 410, 410, 410, 410] [30, 30, 30, 50, 50, 50, 70, 90, 110, 130, 150, 170, 190, 210, 230, 250] [552, 242] 16 1
[430, 410, 390, 370, 370, 390, 410, 410, 410, 410, 410, 410, 410, 410, 410, 410] [30, 30, 30, 30, 50, 50, 50, 70, 90, 110, 130, 150, 170, 190, 210, 230] [552, 242] 16 1
[450, 430, 410, 390, 370, 370, 390, 410, 410, 410, 410, 410, 410, 410, 410, 410] [30, 30, 30, 30, 30, 50, 50, 50, 70, 90, 110, 130, 150, 170, 190, 210] [552, 242] 16 1
[470, 450, 430, 410, 390, 370, 370, 390, 410, 410, 410, 410, 410, 410, 410, 410] [30, 30, 30, 30, 30, 30, 50, 50, 50, 70, 90, 110, 130, 150, 170, 190] [552, 242] 16 1
[490, 470, 450, 430, 410, 390, 370, 370, 390, 410, 410, 410, 410, 410, 410, 410] [30, 30, 30, 30, 30, 30, 30, 50, 50, 50, 70, 90, 110, 130, 150, 170] [552, 242] 16 1
[510, 490, 470, 450, 430, 410, 390, 370, 370, 390, 410, 410, 410, 410, 410, 410] [30, 30, 30, 30, 30, 30, 30, 30, 50, 50, 50, 70, 90, 110, 130, 150] [552, 242] 16 1
[530, 510, 490, 470, 450, 430, 410, 390, 370, 370, 390, 410, 410, 410, 410, 410] [30, 30, 30, 30, 30, 30, 30, 30, 30, 50, 50, 50, 70, 90, 110, 130] [552, 242] 16 1
[550, 530, 510, 490, 470, 450, 430, 410, 390, 370, 370, 390, 410, 410, 410, 410] [30, 30, 30, 30, 30, 30, 30, 30, 30, 30, 50, 50, 50, 70, 90, 110] [552, 242] 16 1
[550, 550, 530, 510, 490, 470, 450, 430, 410, 390, 370, 370, 390, 410, 410, 410] [50, 30, 30, 30, 30, 30, 30, 30, 30, 30, 30, 50, 50, 50, 70, 90] [552, 242] 16 0
[550, 550, 550, 530, 510, 490, 470, 450, 430, 410, 390, 370, 370, 390, 410, 410] [70, 50, 30, 30, 30, 30, 30, 30, 30, 30, 30, 30, 50, 50, 50, 70] [552, 242] 16 0
[550, 550, 550, 550, 530, 510, 490, 470, 450, 430, 410, 390, 370, 370, 390, 410] [90, 70, 50, 30, 30, 30, 30, 30, 30, 30, 30, 30, 30, 50, 50, 50] [552, 242] 16 0
[550, 550, 550, 550, 550, 530, 510, 490, 470, 450, 430, 410, 390, 370, 370, 390] [110, 90, 70, 50, 30, 30, 30, 30, 30, 30, 30, 30, 30, 30, 50, 50] [552, 242] 16 0
[550, 550, 550, 550, 550, 550, 530, 510, 490, 470, 450, 430, 410, 390, 370, 370] [130, 110, 90, 70, 50, 30, 30, 30, 30, 30, 30, 30, 30, 30, 30, 50] [552, 242] 16 0
[550, 550, 550, 550, 550, 550, 550, 530, 510, 490, 470, 450, 430, 410, 390, 370] [150, 130, 110, 90, 70, 50, 30, 30, 30, 30, 30, 30, 30, 30, 30, 30] [552, 242] 16 0
[550, 550, 550, 550, 550, 550, 550, 550, 530, 510, 490, 470, 450, 430, 410, 390] [170, 150, 130, 110, 90, 70, 50, 30, 30, 30, 30, 30, 30, 30, 30, 30] [552, 242] 16 0
[550, 550, 550, 550, 550, 550, 550, 550, 550, 530, 510, 490, 470, 450, 430, 410] [190, 170, 150, 130, 110, 90, 70, 50, 30, 30, 30, 30, 30, 30, 30, 30] [552, 242] 16 0
[550, 550, 550, 550, 550, 550, 550, 550, 550, 550, 530, 510, 490, 470, 450, 430] [210, 190, 170, 150, 130, 110, 90, 70, 50, 30, 30, 30, 30, 30, 30, 30] [552, 242] 16 0
[550, 550, 550, 550, 550, 550, 550, 550, 550, 550, 550, 530, 510, 490, 470, 450] [230, 210, 190, 170, 150, 130, 110, 90, 70, 50, 30, 30, 30, 30, 30, 30] [552, 242] 16 0
[550, 550, 550, 550, 550, 550, 550, 550, 550, 550, 550, 550, 530, 510, 490, 470, 450] [250, 230, 210, 190, 170, 150, 130, 110, 90, 70, 50, 30, 30, 30, 30, 30, 30] [410, 93] 17 0
[550, 550, 550, 550, 550, 550, 550, 550, 550, 550, 550, 550, 550, 530, 510, 490, 470] [270, 250, 230, 210, 190, 170, 150, 130, 110, 90, 70, 50, 30, 30, 30, 30, 30] [410, 93] 17 0
[550, 550, 550, 550, 550, 550, 550, 550, 550, 550, 550, 550, 550, 550, 530, 510, 490] [290, 270, 250, 230, 210, 190, 170, 150, 130, 110, 90, 70, 50, 30, 30, 30, 30] [410, 93] 17 0
[550, 550, 550, 550, 550, 550, 550, 550, 550, 550, 550, 550, 550, 550, 550, 530, 510] [310, 290, 270, 250, 230, 210, 190, 170, 150, 130, 110, 90, 70, 50, 30, 30, 30] [410, 93] 17 0
[530, 550, 550, 550, 550, 550, 550, 550, 550, 550, 550, 550, 550, 550, 550, 550, 530] [310, 310, 290, 270, 250, 230, 210, 190, 170, 150, 130, 110, 90, 70, 50, 30, 30] [410, 93] 17 3
[510, 530, 550, 550, 550, 550, 550, 550, 550, 550, 550, 550, 550, 550, 550, 550, 550] [310, 310, 310, 290, 270, 250, 230, 210, 190, 170, 150, 130, 110, 90, 70, 50, 30] [410, 93] 17 3
[490, 510, 530, 550, 550, 550, 550, 550, 550, 550, 550, 550, 550, 550, 550, 550, 550] [310, 310, 310, 310, 290, 270, 250, 230, 210, 190, 170, 150, 130, 110, 90, 70, 50] [410, 93] 17 3
[470, 490, 510, 530, 550, 550, 550, 550, 550, 550, 550, 550, 550, 550, 550, 550, 550] [310, 310, 310, 310, 310, 290, 270, 250, 230, 210, 190, 170, 150, 130, 110, 90, 70] [410, 93] 17 3
[450, 470, 490, 510, 530, 550, 550, 550, 550, 550, 550, 550, 550, 550, 550, 550, 550] [310, 310, 310, 310, 310, 310, 290, 270, 250, 230, 210, 190, 170, 150, 130, 110, 90] [410, 93] 17 3
[430, 450, 470, 490, 510, 530, 550, 550, 550, 550, 550, 550, 550, 550, 550, 550, 550] [310, 310, 310, 310, 310, 310, 310, 290, 270, 250, 230, 210, 190, 170, 150, 130, 110] [410, 93] 17 3
[410, 430, 450, 470, 490, 510, 530, 550, 550, 550, 550, 550, 550, 550, 550, 550, 550] [310, 310, 310, 310, 310, 310, 310, 310, 290, 270, 250, 230, 210, 190, 170, 150, 130] [410, 93] 17 3
[410, 410, 430, 450, 470, 490, 510, 530, 550, 550, 550, 550, 550, 550, 550, 550, 550] [290, 310, 310, 310, 310, 310, 310, 310, 310, 290, 270, 250, 230, 210, 190, 170, 150] [410, 93] 17 2
[410, 410, 410, 430, 450, 470, 490, 510, 530, 550, 550, 550, 550, 550, 550, 550, 550] [270, 290, 310, 310, 310, 310, 310, 310, 310, 310, 290, 270, 250, 230, 210, 190, 170] [410, 93] 17 2
[410, 410, 410, 410, 430, 450, 470, 490, 510, 530, 550, 550, 550, 550, 550, 550, 550] [250, 270, 290, 310, 310, 310, 310, 310, 310, 310, 310, 290, 270, 250, 230, 210, 190] [410, 93] 17 2
[410, 410, 410, 410, 410, 430, 450, 470, 490, 510, 530, 550, 550, 550, 550, 550, 550] [230, 250, 270, 290, 310, 310, 310, 310, 310, 310, 310, 310, 290, 270, 250, 230, 210] [410, 93] 17 2
[410, 410, 410, 410, 410, 410, 430, 450, 470, 490, 510, 530, 550, 550, 550, 550, 550] [210, 230, 250, 270, 290, 310, 310, 310, 310, 310, 310, 310, 310, 290, 270, 250, 230] [410, 93] 17 2
[410, 410, 410, 410, 410, 410, 410, 430, 450, 470, 490, 510, 530, 550, 550, 550, 550] [190, 210, 230, 250, 270, 290, 310, 310, 310, 310, 310, 310, 310, 310, 290, 270, 250] [410, 93] 17 2
[410, 410, 410, 410, 410, 410, 410, 410, 430, 450, 470, 490, 510, 530, 550, 550, 550] [170, 190, 210, 230, 250, 270, 290, 310, 310, 310, 310, 310, 310, 310, 310, 290, 270] [410, 93] 17 2
[410, 410, 410, 410, 410, 410, 410, 410, 410, 430, 450, 470, 490, 510, 530, 550, 550] [150, 170, 190, 210, 230, 250, 270, 290, 310, 310, 310, 310, 310, 310, 310, 310, 290] [410, 93] 17 2
[410, 410, 410, 410, 410, 410, 410, 410, 410, 410, 430, 450, 470, 490, 510, 530, 550] [130, 150, 170, 190, 210, 230, 250, 270, 290, 310, 310, 310, 310, 310, 310, 310, 310] [410, 93] 17 2
[410, 410, 410, 410, 410, 410, 410, 410, 410, 410, 410, 430, 450, 470, 490, 510, 530] [110, 130, 150, 170, 190, 210, 230, 250, 270, 290, 310, 310, 310, 310, 310, 310, 310] [410, 93] 17 2
[410, 410, 410, 410, 410, 410, 410, 410, 410, 410, 410, 410, 430, 450, 470, 490, 510] [90, 110, 130, 150, 170, 190, 210, 230, 250, 270, 290, 310, 310, 310, 310, 310, 310] [410, 93] 17 2
[410, 410, 410, 410, 410, 410, 410, 410, 410, 410, 410, 410, 410, 430, 450, 470, 490, 510] [70, 90, 110, 130, 150, 170, 190, 210, 230, 250, 270, 290, 310, 310, 310, 310, 310, 310] [467, 134] 18 2
[390, 410, 410, 410, 410, 410, 410, 410, 410, 410, 410, 410, 410, 410, 430, 450, 470, 490] [70, 70, 90, 110, 130, 150, 170, 190, 210, 230, 250, 270, 290, 310, 310, 310, 310, 310] [467, 134] 18 3
[390, 390, 410, 410, 410, 410, 410, 410, 410, 410, 410, 410, 410, 410, 410, 430, 450, 470] [50, 70, 70, 90, 110, 130, 150, 170, 190, 210, 230, 250, 270, 290, 310, 310, 310, 310] [467, 134] 18 2
[410, 390, 390, 410, 410, 410, 410, 410, 410, 410, 410, 410, 410, 410, 410, 410, 430, 450] [50, 50, 70, 70, 90, 110, 130, 150, 170, 190, 210, 230, 250, 270, 290, 310, 310, 310] [467, 134] 18 1
[430, 410, 390, 390, 410, 410, 410, 410, 410, 410, 410, 410, 410, 410, 410, 410, 410, 430] [50, 50, 50, 70, 70, 90, 110, 130, 150, 170, 190, 210, 230, 250, 270, 290, 310, 310] [467, 134] 18 1
[450, 430, 410, 390, 390, 410, 410, 410, 410, 410, 410, 410, 410, 410, 410, 410, 410, 410] [50, 50, 50, 50, 70, 70, 90, 110, 130, 150, 170, 190, 210, 230, 250, 270, 290, 310] [467, 134] 18 1
[470, 450, 430, 410, 390, 390, 410, 410, 410, 410, 410, 410, 410, 410, 410, 410, 410, 410] [50, 50, 50, 50, 50, 70, 70, 90, 110, 130, 150, 170, 190, 210, 230, 250, 270, 290] [467, 134] 18 1
[470, 470, 450, 430, 410, 390, 390, 410, 410, 410, 410, 410, 410, 410, 410, 410, 410, 410] [70, 50, 50, 50, 50, 50, 70, 70, 90, 110, 130, 150, 170, 190, 210, 230, 250, 270] [467, 134] 18 0
[470, 470, 470, 450, 430, 410, 390, 390, 410, 410, 410, 410, 410, 410, 410, 410, 410, 410] [90, 70, 50, 50, 50, 50, 50, 70, 70, 90, 110, 130, 150, 170, 190, 210, 230, 250] [467, 134] 18 0
[470, 470, 470, 470, 450, 430, 410, 390, 390, 410, 410, 410, 410, 410, 410, 410, 410, 410] [110, 90, 70, 50, 50, 50, 50, 50, 70, 70, 90, 110, 130, 150, 170, 190, 210, 230] [467, 134] 18 0
[470, 470, 470, 470, 470, 450, 430, 410, 390, 390, 410, 410, 410, 410, 410, 410, 410, 410] [130, 110, 90, 70, 50, 50, 50, 50, 50, 70, 70, 90, 110, 130, 150, 170, 190, 210] [467, 134] 18 0
[470, 470, 470, 470, 470, 470, 450, 430, 410, 390, 390, 410, 410, 410, 410, 410, 410, 410, 410] [150, 130, 110, 90, 70, 50, 50, 50, 50, 50, 70, 70, 90, 110, 130, 150, 170, 190, 210] [19, 63] 19 0
[470, 470, 470, 470, 470, 470, 470, 450, 430, 410, 390, 390, 410, 410, 410, 410, 410, 410, 410] [170, 150, 130, 110, 90, 70, 50, 50, 50, 50, 50, 70, 70, 90, 110, 130, 150, 170, 190] [19, 63] 19 0
[470, 470, 470, 470, 470, 470, 470, 470, 450, 430, 410, 390, 390, 410, 410, 410, 410, 410, 410] [190, 170, 150, 130, 110, 90, 70, 50, 50, 50, 50, 50, 70, 70, 90, 110, 130, 150, 170] [19, 63] 19 0
[470, 470, 470, 470, 470, 470, 470, 470, 470, 450, 430, 410, 390, 390, 410, 410, 410, 410, 410] [210, 190, 170, 150, 130, 110, 90, 70, 50, 50, 50, 50, 50, 70, 70, 90, 110, 130, 150] [19, 63] 19 0
[470, 470, 470, 470, 470, 470, 470, 470, 470, 470, 450, 430, 410, 390, 390, 410, 410, 410, 410] [230, 210, 190, 170, 150, 130, 110, 90, 70, 50, 50, 50, 50, 50, 70, 70, 90, 110, 130] [19, 63] 19 0
[470, 470, 470, 470, 470, 470, 470, 470, 470, 470, 470, 450, 430, 410, 390, 390, 410, 410, 410] [250, 230, 210, 190, 170, 150, 130, 110, 90, 70, 50, 50, 50, 50, 50, 70, 70, 90, 110] [19, 63] 19 0
[470, 470, 470, 470, 470, 470, 470, 470, 470, 470, 470, 470, 450, 430, 410, 390, 390, 410, 410] [270, 250, 230, 210, 190, 170, 150, 130, 110, 90, 70, 50, 50, 50, 50, 50, 70, 70, 90] [19, 63] 19 0
[450, 470, 470, 470, 470, 470, 470, 470, 470, 470, 470, 470, 470, 450, 430, 410, 390, 390, 410] [270, 270, 250, 230, 210, 190, 170, 150, 130, 110, 90, 70, 50, 50, 50, 50, 50, 70, 70] [19, 63] 19 3
[430, 450, 470, 470, 470, 470, 470, 470, 470, 470, 470, 470, 470, 470, 450, 430, 410, 390, 390] [270, 270, 270, 250, 230, 210, 190, 170, 150, 130, 110, 90, 70, 50, 50, 50, 50, 50, 70] [19, 63] 19 3
[410, 430, 450, 470, 470, 470, 470, 470, 470, 470, 470, 470, 470, 470, 470, 450, 430, 410, 390] [270, 270, 270, 270, 250, 230, 210, 190, 170, 150, 130, 110, 90, 70, 50, 50, 50, 50, 50] [19, 63] 19 3
[390, 410, 430, 450, 470, 470, 470, 470, 470, 470, 470, 470, 470, 470, 470, 470, 450, 430, 410] [270, 270, 270, 270, 270, 250, 230, 210, 190, 170, 150, 130, 110, 90, 70, 50, 50, 50, 50] [19, 63] 19 3
[370, 390, 410, 430, 450, 470, 470, 470, 470, 470, 470, 470, 470, 470, 470, 470, 470, 450, 430] [270, 270, 270, 270, 270, 270, 250, 230, 210, 190, 170, 150, 130, 110, 90, 70, 50, 50, 50] [19, 63] 19 3
[350, 370, 390, 410, 430, 450, 470, 470, 470, 470, 470, 470, 470, 470, 470, 470, 470, 470, 450] [270, 270, 270, 270, 270, 270, 270, 250, 230, 210, 190, 170, 150, 130, 110, 90, 70, 50, 50] [19, 63] 19 3
[330, 350, 370, 390, 410, 430, 450, 470, 470, 470, 470, 470, 470, 470, 470, 470, 470, 470, 470] [270, 270, 270, 270, 270, 270, 270, 270, 250, 230, 210, 190, 170, 150, 130, 110, 90, 70, 50] [19, 63] 19 3
[310, 330, 350, 370, 390, 410, 430, 450, 470, 470, 470, 470, 470, 470, 470, 470, 470, 470, 470] [270, 270, 270, 270, 270, 270, 270, 270, 270, 250, 230, 210, 190, 170, 150, 130, 110, 90, 70] [19, 63] 19 3
[290, 310, 330, 350, 370, 390, 410, 430, 450, 470, 470, 470, 470, 470, 470, 470, 470, 470, 470] [270, 270, 270, 270, 270, 270, 270, 270, 270, 270, 250, 230, 210, 190, 170, 150, 130, 110, 90] [19, 63] 19 3
[270, 290, 310, 330, 350, 370, 390, 410, 430, 450, 470, 470, 470, 470, 470, 470, 470, 470, 470] [270, 270, 270, 270, 270, 270, 270, 270, 270, 270, 270, 250, 230, 210, 190, 170, 150, 130, 110] [19, 63] 19 3
[250, 270, 290, 310, 330, 350, 370, 390, 410, 430, 450, 470, 470, 470, 470, 470, 470, 470, 470] [270, 270, 270, 270, 270, 270, 270, 270, 270, 270, 270, 270, 250, 230, 210, 190, 170, 150, 130] [19, 63] 19 3
[230, 250, 270, 290, 310, 330, 350, 370, 390, 410, 430, 450, 470, 470, 470, 470, 470, 470, 470] [270, 270, 270, 270, 270, 270, 270, 270, 270, 270, 270, 270, 270, 250, 230, 210, 190, 170, 150] [19, 63] 19 3
[210, 230, 250, 270, 290, 310, 330, 350, 370, 390, 410, 430, 450, 470, 470, 470, 470, 470, 470] [270, 270, 270, 270, 270, 270, 270, 270, 270, 270, 270, 270, 270, 270, 250, 230, 210, 190, 170] [19, 63] 19 3
[190, 210, 230, 250, 270, 290, 310, 330, 350, 370, 390, 410, 430, 450, 470, 470, 470, 470, 470] [270, 270, 270, 270, 270, 270, 270, 270, 270, 270, 270, 270, 270, 270, 270, 250, 230, 210, 190] [19, 63] 19 3
[170, 190, 210, 230, 250, 270, 290, 310, 330, 350, 370, 390, 410, 430, 450, 470, 470, 470, 470] [270, 270, 270, 270, 270, 270, 270, 270, 270, 270, 270, 270, 270, 270, 270, 270, 250, 230, 210] [19, 63] 19 3
[150, 170, 190, 210, 230, 250, 270, 290, 310, 330, 350, 370, 390, 410, 430, 450, 470, 470, 470] [270, 270, 270, 270, 270, 270, 270, 270, 270, 270, 270, 270, 270, 270, 270, 270, 270, 250, 230] [19, 63] 19 3
[130, 150, 170, 190, 210, 230, 250, 270, 290, 310, 330, 350, 370, 390, 410, 430, 450, 470, 470] [270, 270, 270, 270, 270, 270, 270, 270, 270, 270, 270, 270, 270, 270, 270, 270, 270, 270, 250] [19, 63] 19 3
[110, 130, 150, 170, 190, 210, 230, 250, 270, 290, 310, 330, 350, 370, 390, 410, 430, 450, 470] [270, 270, 270, 270, 270, 270, 270, 270, 270, 270, 270, 270, 270, 270, 270, 270, 270, 270, 270] [19, 63] 19 3
[90, 110, 130, 150, 170, 190, 210, 230, 250, 270, 290, 310, 330, 350, 370, 390, 410, 430, 450] [270, 270, 270, 270, 270, 270, 270, 270, 270, 270, 270, 270, 270, 270, 270, 270, 270, 270, 270] [19, 63] 19 3
[70, 90, 110, 130, 150, 170, 190, 210, 230, 250, 270, 290, 310, 330, 350, 370, 390, 410, 430] [270, 270, 270, 270, 270, 270, 270, 270, 270, 270, 270, 270, 270, 270, 270, 270, 270, 270, 270] [19, 63] 19 3
[50, 70, 90, 110, 130, 150, 170, 190, 210, 230, 250, 270, 290, 310, 330, 350, 370, 390, 410] [270, 270, 270, 270, 270, 270, 270, 270, 270, 270, 270, 270, 270, 270, 270, 270, 270, 270, 270] [19, 63] 19 3
[30, 50, 70, 90, 110, 130, 150, 170, 190, 210, 230, 250, 270, 290, 310, 330, 350, 370, 390] [270, 270, 270, 270, 270, 270, 270, 270, 270, 270, 270, 270, 270, 270, 270, 270, 270, 270, 270] [19, 63] 19 3
[10, 30, 50, 70, 90, 110, 130, 150, 170, 190, 210, 230, 250, 270, 290, 310, 330, 350, 370] [270, 270, 270, 270, 270, 270, 270, 270, 270, 270, 270, 270, 270, 270, 270, 270, 270, 270, 270] [19, 63] 19 3
[10, 10, 30, 50, 70, 90, 110, 130, 150, 170, 190, 210, 230, 250, 270, 290, 310, 330, 350] [250, 270, 270, 270, 270, 270, 270, 270, 270, 270, 270, 270, 270, 270, 270, 270, 270, 270, 270] [19, 63] 19 2
[10, 10, 10, 30, 50, 70, 90, 110, 130, 150, 170, 190, 210, 230, 250, 270, 290, 310, 330] [230, 250, 270, 270, 270, 270, 270, 270, 270, 270, 270, 270, 270, 270, 270, 270, 270, 270, 270] [19, 63] 19 2
[10, 10, 10, 10, 30, 50, 70, 90, 110, 130, 150, 170, 190, 210, 230, 250, 270, 290, 310] [210, 230, 250, 270, 270, 270, 270, 270, 270, 270, 270, 270, 270, 270, 270, 270, 270, 270, 270] [19, 63] 19 2
[10, 10, 10, 10, 10, 30, 50, 70, 90, 110, 130, 150, 170, 190, 210, 230, 250, 270, 290] [190, 210, 230, 250, 270, 270, 270, 270, 270, 270, 270, 270, 270, 270, 270, 270, 270, 270, 270] [19, 63] 19 2
[10, 10, 10, 10, 10, 10, 30, 50, 70, 90, 110, 130, 150, 170, 190, 210, 230, 250, 270] [170, 190, 210, 230, 250, 270, 270, 270, 270, 270, 270, 270, 270, 270, 270, 270, 270, 270, 270] [19, 63] 19 2
[10, 10, 10, 10, 10, 10, 10, 30, 50, 70, 90, 110, 130, 150, 170, 190, 210, 230, 250] [150, 170, 190, 210, 230, 250, 270, 270, 270, 270, 270, 270, 270, 270, 270, 270, 270, 270, 270] [19, 63] 19 2
[10, 10, 10, 10, 10, 10, 10, 10, 30, 50, 70, 90, 110, 130, 150, 170, 190, 210, 230] [130, 150, 170, 190, 210, 230, 250, 270, 270, 270, 270, 270, 270, 270, 270, 270, 270, 270, 270] [19, 63] 19 2
[10, 10, 10, 10, 10, 10, 10, 10, 10, 30, 50, 70, 90, 110, 130, 150, 170, 190, 210] [110, 130, 150, 170, 190, 210, 230, 250, 270, 270, 270, 270, 270, 270, 270, 270, 270, 270, 270] [19, 63] 19 2
[10, 10, 10, 10, 10, 10, 10, 10, 10, 10, 30, 50, 70, 90, 110, 130, 150, 170, 190] [90, 110, 130, 150, 170, 190, 210, 230, 250, 270, 270, 270, 270, 270, 270, 270, 270, 270, 270] [19, 63] 19 2
[10, 10, 10, 10, 10, 10, 10, 10, 10, 10, 10, 30, 50, 70, 90, 110, 130, 150, 170] [70, 90, 110, 130, 150, 170, 190, 210, 230, 250, 270, 270, 270, 270, 270, 270, 270, 270, 270] [19, 63] 19 2
[30, 10, 10, 10, 10, 10, 10, 10, 10, 10, 10, 10, 30, 50, 70, 90, 110, 130, 150, 170] [70, 70, 90, 110, 130, 150, 170, 190, 210, 230, 250, 270, 270, 270, 270, 270, 270, 270, 270, 270] [312, 383] 20 1
[50, 30, 10, 10, 10, 10, 10, 10, 10, 10, 10, 10, 10, 30, 50, 70, 90, 110, 130, 150] [70, 70, 70, 90, 110, 130, 150, 170, 190, 210, 230, 250, 270, 270, 270, 270, 270, 270, 270, 270] [312, 383] 20 1
[70, 50, 30, 10, 10, 10, 10, 10, 10, 10, 10, 10, 10, 10, 30, 50, 70, 90, 110, 130] [70, 70, 70, 70, 90, 110, 130, 150, 170, 190, 210, 230, 250, 270, 270, 270, 270, 270, 270, 270] [312, 383] 20 1
[90, 70, 50, 30, 10, 10, 10, 10, 10, 10, 10, 10, 10, 10, 10, 30, 50, 70, 90, 110] [70, 70, 70, 70, 70, 90, 110, 130, 150, 170, 190, 210, 230, 250, 270, 270, 270, 270, 270, 270] [312, 383] 20 1
[110, 90, 70, 50, 30, 10, 10, 10, 10, 10, 10, 10, 10, 10, 10, 10, 30, 50, 70, 90] [70, 70, 70, 70, 70, 70, 90, 110, 130, 150, 170, 190, 210, 230, 250, 270, 270, 270, 270, 270] [312, 383] 20 1
[130, 110, 90, 70, 50, 30, 10, 10, 10, 10, 10, 10, 10, 10, 10, 10, 10, 30, 50, 70] [70, 70, 70, 70, 70, 70, 70, 90, 110, 130, 150, 170, 190, 210, 230, 250, 270, 270, 270, 270] [312, 383] 20 1
[150, 130, 110, 90, 70, 50, 30, 10, 10, 10, 10, 10, 10, 10, 10, 10, 10, 10, 30, 50] [70, 70, 70, 70, 70, 70, 70, 70, 90, 110, 130, 150, 170, 190, 210, 230, 250, 270, 270, 270] [312, 383] 20 1
[170, 150, 130, 110, 90, 70, 50, 30, 10, 10, 10, 10, 10, 10, 10, 10, 10, 10, 10, 30] [70, 70, 70, 70, 70, 70, 70, 70, 70, 90, 110, 130, 150, 170, 190, 210, 230, 250, 270, 270] [312, 383] 20 1
[190, 170, 150, 130, 110, 90, 70, 50, 30, 10, 10, 10, 10, 10, 10, 10, 10, 10, 10, 10] [70, 70, 70, 70, 70, 70, 70, 70, 70, 70, 90, 110, 130, 150, 170, 190, 210, 230, 250, 270] [312, 383] 20 1
[210, 190, 170, 150, 130, 110, 90, 70, 50, 30, 10, 10, 10, 10, 10, 10, 10, 10, 10, 10] [70, 70, 70, 70, 70, 70, 70, 70, 70, 70, 70, 90, 110, 130, 150, 170, 190, 210, 230, 250] [312, 383] 20 1
[230, 210, 190, 170, 150, 130, 110, 90, 70, 50, 30, 10, 10, 10, 10, 10, 10, 10, 10, 10] [70, 70, 70, 70, 70, 70, 70, 70, 70, 70, 70, 70, 90, 110, 130, 150, 170, 190, 210, 230] [312, 383] 20 1
[250, 230, 210, 190, 170, 150, 130, 110, 90, 70, 50, 30, 10, 10, 10, 10, 10, 10, 10, 10] [70, 70, 70, 70, 70, 70, 70, 70, 70, 70, 70, 70, 70, 90, 110, 130, 150, 170, 190, 210] [312, 383] 20 1
[270, 250, 230, 210, 190, 170, 150, 130, 110, 90, 70, 50, 30, 10, 10, 10, 10, 10, 10, 10] [70, 70, 70, 70, 70, 70, 70, 70, 70, 70, 70, 70, 70, 70, 90, 110, 130, 150, 170, 190] [312, 383] 20 1
[290, 270, 250, 230, 210, 190, 170, 150, 130, 110, 90, 70, 50, 30, 10, 10, 10, 10, 10, 10] [70, 70, 70, 70, 70, 70, 70, 70, 70, 70, 70, 70, 70, 70, 70, 90, 110, 130, 150, 170] [312, 383] 20 1
[310, 290, 270, 250, 230, 210, 190, 170, 150, 130, 110, 90, 70, 50, 30, 10, 10, 10, 10, 10] [70, 70, 70, 70, 70, 70, 70, 70, 70, 70, 70, 70, 70, 70, 70, 70, 90, 110, 130, 150] [312, 383] 20 1
[310, 310, 290, 270, 250, 230, 210, 190, 170, 150, 130, 110, 90, 70, 50, 30, 10, 10, 10, 10] [90, 70, 70, 70, 70, 70, 70, 70, 70, 70, 70, 70, 70, 70, 70, 70, 70, 90, 110, 130] [312, 383] 20 0
[310, 310, 310, 290, 270, 250, 230, 210, 190, 170, 150, 130, 110, 90, 70, 50, 30, 10, 10, 10] [110, 90, 70, 70, 70, 70, 70, 70, 70, 70, 70, 70, 70, 70, 70, 70, 70, 70, 90, 110] [312, 383] 20 0
[310, 310, 310, 310, 290, 270, 250, 230, 210, 190, 170, 150, 130, 110, 90, 70, 50, 30, 10, 10] [130, 110, 90, 70, 70, 70, 70, 70, 70, 70, 70, 70, 70, 70, 70, 70, 70, 70, 70, 90] [312, 383] 20 0
[310, 310, 310, 310, 310, 290, 270, 250, 230, 210, 190, 170, 150, 130, 110, 90, 70, 50, 30, 10] [150, 130, 110, 90, 70, 70, 70, 70, 70, 70, 70, 70, 70, 70, 70, 70, 70, 70, 70, 70] [312, 383] 20 0
[310, 310, 310, 310, 310, 310, 290, 270, 250, 230, 210, 190, 170, 150, 130, 110, 90, 70, 50, 30] [170, 150, 130, 110, 90, 70, 70, 70, 70, 70, 70, 70, 70, 70, 70, 70, 70, 70, 70, 70] [312, 383] 20 0
[310, 310, 310, 310, 310, 310, 310, 290, 270, 250, 230, 210, 190, 170, 150, 130, 110, 90, 70, 50] [190, 170, 150, 130, 110, 90, 70, 70, 70, 70, 70, 70, 70, 70, 70, 70, 70, 70, 70, 70] [312, 383] 20 0
[310, 310, 310, 310, 310, 310, 310, 310, 290, 270, 250, 230, 210, 190, 170, 150, 130, 110, 90, 70] [210, 190, 170, 150, 130, 110, 90, 70, 70, 70, 70, 70, 70, 70, 70, 70, 70, 70, 70, 70] [312, 383] 20 0
[310, 310, 310, 310, 310, 310, 310, 310, 310, 290, 270, 250, 230, 210, 190, 170, 150, 130, 110, 90] [230, 210, 190, 170, 150, 130, 110, 90, 70, 70, 70, 70, 70, 70, 70, 70, 70, 70, 70, 70] [312, 383] 20 0
[310, 310, 310, 310, 310, 310, 310, 310, 310, 310, 290, 270, 250, 230, 210, 190, 170, 150, 130, 110] [250, 230, 210, 190, 170, 150, 130, 110, 90, 70, 70, 70, 70, 70, 70, 70, 70, 70, 70, 70] [312, 383] 20 0
[310, 310, 310, 310, 310, 310, 310, 310, 310, 310, 310, 290, 270, 250, 230, 210, 190, 170, 150, 130] [270, 250, 230, 210, 190, 170, 150, 130, 110, 90, 70, 70, 70, 70, 70, 70, 70, 70, 70, 70] [312, 383] 20 0
[310, 310, 310, 310, 310, 310, 310, 310, 310, 310, 310, 310, 290, 270, 250, 230, 210, 190, 170, 150] [290, 270, 250, 230, 210, 190, 170, 150, 130, 110, 90, 70, 70, 70, 70, 70, 70, 70, 70, 70] [312, 383] 20 0
[310, 310, 310, 310, 310, 310, 310, 310, 310, 310, 310, 310, 310, 290, 270, 250, 230, 210, 190, 170] [310, 290, 270, 250, 230, 210, 190, 170, 150, 130, 110, 90, 70, 70, 70, 70, 70, 70, 70, 70] [312, 383] 20 0
[310, 310, 310, 310, 310, 310, 310, 310, 310, 310, 310, 310, 310, 310, 290, 270, 250, 230, 210, 190] [330, 310, 290, 270, 250, 230, 210, 190, 170, 150, 130, 110, 90, 70, 70, 70, 70, 70, 70, 70] [312, 383] 20 0
[310, 310, 310, 310, 310, 310, 310, 310, 310, 310, 310, 310, 310, 310, 310, 290, 270, 250, 230, 210] [350, 330, 310, 290, 270, 250, 230, 210, 190, 170, 150, 130, 110, 90, 70, 70, 70, 70, 70, 70] [312, 383] 20 0
[310, 310, 310, 310, 310, 310, 310, 310, 310, 310, 310, 310, 310, 310, 310, 310, 290, 270, 250, 230] [370, 350, 330, 310, 290, 270, 250, 230, 210, 190, 170, 150, 130, 110, 90, 70, 70, 70, 70, 70] [312, 383] 20 0
[310, 310, 310, 310, 310, 310, 310, 310, 310, 310, 310, 310, 310, 310, 310, 310, 310, 290, 270, 250, 230] [390, 370, 350, 330, 310, 290, 270, 250, 230, 210, 190, 170, 150, 130, 110, 90, 70, 70, 70, 70, 70] [37, 198] 21 0
[310, 310, 310, 310, 310, 310, 310, 310, 310, 310, 310, 310, 310, 310, 310, 310, 310, 310, 290, 270, 250] [410, 390, 370, 350, 330, 310, 290, 270, 250, 230, 210, 190, 170, 150, 130, 110, 90, 70, 70, 70, 70] [37, 198] 21 0
[290, 310, 310, 310, 310, 310, 310, 310, 310, 310, 310, 310, 310, 310, 310, 310, 310, 310, 310, 290, 270] [410, 410, 390, 370, 350, 330, 310, 290, 270, 250, 230, 210, 190, 170, 150, 130, 110, 90, 70, 70, 70] [37, 198] 21 3
[270, 290, 310, 310, 310, 310, 310, 310, 310, 310, 310, 310, 310, 310, 310, 310, 310, 310, 310, 310, 290] [410, 410, 410, 390, 370, 350, 330, 310, 290, 270, 250, 230, 210, 190, 170, 150, 130, 110, 90, 70, 70] [37, 198] 21 3
[250, 270, 290, 310, 310, 310, 310, 310, 310, 310, 310, 310, 310, 310, 310, 310, 310, 310, 310, 310, 310] [410, 410, 410, 410, 390, 370, 350, 330, 310, 290, 270, 250, 230, 210, 190, 170, 150, 130, 110, 90, 70] [37, 198] 21 3
[230, 250, 270, 290, 310, 310, 310, 310, 310, 310, 310, 310, 310, 310, 310, 310, 310, 310, 310, 310, 310] [410, 410, 410, 410, 410, 390, 370, 350, 330, 310, 290, 270, 250, 230, 210, 190, 170, 150, 130, 110, 90] [37, 198] 21 3
[210, 230, 250, 270, 290, 310, 310, 310, 310, 310, 310, 310, 310, 310, 310, 310, 310, 310, 310, 310, 310] [410, 410, 410, 410, 410, 410, 390, 370, 350, 330, 310, 290, 270, 250, 230, 210, 190, 170, 150, 130, 110] [37, 198] 21 3
[190, 210, 230, 250, 270, 290, 310, 310, 310, 310, 310, 310, 310, 310, 310, 310, 310, 310, 310, 310, 310] [410, 410, 410, 410, 410, 410, 410, 390, 370, 350, 330, 310, 290, 270, 250, 230, 210, 190, 170, 150, 130] [37, 198] 21 3
[170, 190, 210, 230, 250, 270, 290, 310, 310, 310, 310, 310, 310, 310, 310, 310, 310, 310, 310, 310, 310] [410, 410, 410, 410, 410, 410, 410, 410, 390, 370, 350, 330, 310, 290, 270, 250, 230, 210, 190, 170, 150] [37, 198] 21 3
[150, 170, 190, 210, 230, 250, 270, 290, 310, 310, 310, 310, 310, 310, 310, 310, 310, 310, 310, 310, 310] [410, 410, 410, 410, 410, 410, 410, 410, 410, 390, 370, 350, 330, 310, 290, 270, 250, 230, 210, 190, 170] [37, 198] 21 3
[130, 150, 170, 190, 210, 230, 250, 270, 290, 310, 310, 310, 310, 310, 310, 310, 310, 310, 310, 310, 310] [410, 410, 410, 410, 410, 410, 410, 410, 410, 410, 390, 370, 350, 330, 310, 290, 270, 250, 230, 210, 190] [37, 198] 21 3
[110, 130, 150, 170, 190, 210, 230, 250, 270, 290, 310, 310, 310, 310, 310, 310, 310, 310, 310, 310, 310] [410, 410, 410, 410, 410, 410, 410, 410, 410, 410, 410, 390, 370, 350, 330, 310, 290, 270, 250, 230, 210] [37, 198] 21 3
[90, 110, 130, 150, 170, 190, 210, 230, 250, 270, 290, 310, 310, 310, 310, 310, 310, 310, 310, 310, 310] [410, 410, 410, 410, 410, 410, 410, 410, 410, 410, 410, 410, 390, 370, 350, 330, 310, 290, 270, 250, 230] [37, 198] 21 3
[70, 90, 110, 130, 150, 170, 190, 210, 230, 250, 270, 290, 310, 310, 310, 310, 310, 310, 310, 310, 310] [410, 410, 410, 410, 410, 410, 410, 410, 410, 410, 410, 410, 410, 390, 370, 350, 330, 310, 290, 270, 250] [37, 198] 21 3
[50, 70, 90, 110, 130, 150, 170, 190, 210, 230, 250, 270, 290, 310, 310, 310, 310, 310, 310, 310, 310] [410, 410, 410, 410, 410, 410, 410, 410, 410, 410, 410, 410, 410, 410, 390, 370, 350, 330, 310, 290, 270] [37, 198] 21 3
[30, 50, 70, 90, 110, 130, 150, 170, 190, 210, 230, 250, 270, 290, 310, 310, 310, 310, 310, 310, 310] [410, 410, 410, 410, 410, 410, 410, 410, 410, 410, 410, 410, 410, 410, 410, 390, 370, 350, 330, 310, 290] [37, 198] 21 3
[10, 30, 50, 70, 90, 110, 130, 150, 170, 190, 210, 230, 250, 270, 290, 310, 310, 310, 310, 310, 310] [410, 410, 410, 410, 410, 410, 410, 410, 410, 410, 410, 410, 410, 410, 410, 410, 390, 370, 350, 330, 310] [37, 198] 21 3
[10, 10, 30, 50, 70, 90, 110, 130, 150, 170, 190, 210, 230, 250, 270, 290, 310, 310, 310, 310, 310] [390, 410, 410, 410, 410, 410, 410, 410, 410, 410, 410, 410, 410, 410, 410, 410, 410, 390, 370, 350, 330] [37, 198] 21 2
[10, 10, 10, 30, 50, 70, 90, 110, 130, 150, 170, 190, 210, 230, 250, 270, 290, 310, 310, 310, 310] [370, 390, 410, 410, 410, 410, 410, 410, 410, 410, 410, 410, 410, 410, 410, 410, 410, 410, 390, 370, 350] [37, 198] 21 2
[10, 10, 10, 10, 30, 50, 70, 90, 110, 130, 150, 170, 190, 210, 230, 250, 270, 290, 310, 310, 310] [350, 370, 390, 410, 410, 410, 410, 410, 410, 410, 410, 410, 410, 410, 410, 410, 410, 410, 410, 390, 370] [37, 198] 21 2
[10, 10, 10, 10, 10, 30, 50, 70, 90, 110, 130, 150, 170, 190, 210, 230, 250, 270, 290, 310, 310] [330, 350, 370, 390, 410, 410, 410, 410, 410, 410, 410, 410, 410, 410, 410, 410, 410, 410, 410, 410, 390] [37, 198] 21 2
[10, 10, 10, 10, 10, 10, 30, 50, 70, 90, 110, 130, 150, 170, 190, 210, 230, 250, 270, 290, 310] [310, 330, 350, 370, 390, 410, 410, 410, 410, 410, 410, 410, 410, 410, 410, 410, 410, 410, 410, 410, 410] [37, 198] 21 2
[10, 10, 10, 10, 10, 10, 10, 30, 50, 70, 90, 110, 130, 150, 170, 190, 210, 230, 250, 270, 290] [290, 310, 330, 350, 370, 390, 410, 410, 410, 410, 410, 410, 410, 410, 410, 410, 410, 410, 410, 410, 410] [37, 198] 21 2
[10, 10, 10, 10, 10, 10, 10, 10, 30, 50, 70, 90, 110, 130, 150, 170, 190, 210, 230, 250, 270] [270, 290, 310, 330, 350, 370, 390, 410, 410, 410, 410, 410, 410, 410, 410, 410, 410, 410, 410, 410, 410] [37, 198] 21 2
[10, 10, 10, 10, 10, 10, 10, 10, 10, 30, 50, 70, 90, 110, 130, 150, 170, 190, 210, 230, 250] [250, 270, 290, 310, 330, 350, 370, 390, 410, 410, 410, 410, 410, 410, 410, 410, 410, 410, 410, 410, 410] [37, 198] 21 2
[10, 10, 10, 10, 10, 10, 10, 10, 10, 10, 30, 50, 70, 90, 110, 130, 150, 170, 190, 210, 230] [230, 250, 270, 290, 310, 330, 350, 370, 390, 410, 410, 410, 410, 410, 410, 410, 410, 410, 410, 410, 410] [37, 198] 21 2
[10, 10, 10, 10, 10, 10, 10, 10, 10, 10, 10, 30, 50, 70, 90, 110, 130, 150, 170, 190, 210] [210, 230, 250, 270, 290, 310, 330, 350, 370, 390, 410, 410, 410, 410, 410, 410, 410, 410, 410, 410, 410] [37, 198] 21 2
[10, 10, 10, 10, 10, 10, 10, 10, 10, 10, 10, 10, 30, 50, 70, 90, 110, 130, 150, 170, 190] [190, 210, 230, 250, 270, 290, 310, 330, 350, 370, 390, 410, 410, 410, 410, 410, 410, 410, 410, 410, 410] [37, 198] 21 2
[30, 10, 10, 10, 10, 10, 10, 10, 10, 10, 10, 10, 10, 30, 50, 70, 90, 110, 130, 150, 170] [190, 190, 210, 230, 250, 270, 290, 310, 330, 350, 370, 390, 410, 410, 410, 410, 410, 410, 410, 410, 410] [37, 198] 21 1
[50, 30, 10, 10, 10, 10, 10, 10, 10, 10, 10, 10, 10, 10, 30, 50, 70, 90, 110, 130, 150, 170] [190, 190, 190, 210, 230, 250, 270, 290, 310, 330, 350, 370, 390, 410, 410, 410, 410, 410, 410, 410, 410, 410] [407, 471] 22 1
