[310, 290, 290, 290, 290] [290, 290, 270, 250, 230] [181, 8] 5 1
[310, 310, 290, 290, 290] [270, 290, 290, 270, 250] [181, 8] 5 2
[310, 310, 310, 290, 290] [250, 270, 290, 290, 270] [181, 8] 5 2
[310, 310, 310, 310, 290] [230, 250, 270, 290, 290] [181, 8] 5 2
[310, 310, 310, 310, 310] [210, 230, 250, 270, 290] [181, 8] 5 2
[310, 310, 310, 310, 310] [190, 210, 230, 250, 270] [181, 8] 5 2
[310, 310, 310, 310, 310] [170, 190, 210, 230, 250] [181, 8] 5 2
[310, 310, 310, 310, 310] [150, 170, 190, 210, 230] [181, 8] 5 2
[310, 310, 310, 310, 310] [130, 150, 170, 190, 210] [181, 8] 5 2
[310, 310, 310, 310, 310] [110, 130, 150, 170, 190] [181, 8] 5 2
[310, 310, 310, 310, 310] [90, 110, 130, 150, 170] [181, 8] 5 2
[310, 310, 310, 310, 310] [70, 90, 110, 130, 150] [181, 8] 5 2
[310, 310, 310, 310, 310] [50, 70, 90, 110, 130] [181, 8] 5 2
[310, 310, 310, 310, 310] [30, 50, 70, 90, 110] [181, 8] 5 2
[310, 310, 310, 310, 310] [10, 30, 50, 70, 90] [181, 8] 5 2
[290, 310, 310, 310, 310] [10, 10, 30, 50, 70] [181, 8] 5 3
[270, 290, 310, 310, 310] [10, 10, 10, 30, 50] [181, 8] 5 3
[250, 270, 290, 310, 310] [10, 10, 10, 10, 30] [181, 8] 5 3
[230, 250, 270, 290, 310] [10, 10, 10, 10, 10] [181, 8] 5 3
[210, 230, 250, 270, 290] [10, 10, 10, 10, 10] [181, 8] 5 3
[190, 210, 230, 250, 270] [10, 10, 10, 10, 10] [181, 8] 5 3
[170, 190, 210, 230, 250, 270] [10, 10, 10, 10, 10, 10] [47, 467] 6 3
[170, 170, 190, 210, 230, 250] [30, 10, 10, 10, 10, 10] [47, 467] 6 0
[170, 170, 170, 190, 210, 230] [50, 30, 10, 10, 10, 10] [47, 467] 6 0
[170, 170, 170, 170, 190, 210] [70, 50, 30, 10, 10, 10] [47, 467] 6 0
[170, 170, 170, 170, 170, 190] [90, 70, 50, 30, 10, 10] [47, 467] 6 0
[170, 170, 170, 170, 170, 170] [110, 90, 70, 50, 30, 10] [47, 467] 6 0
[170, 170, 170, 170, 170, 170] [130, 110, 90, 70, 50, 30] [47, 467] 6 0
[170, 170, 170, 170, 170, 170] [150, 130, 110, 90, 70, 50] [47, 467] 6 0
[170, 170, 170, 170, 170, 170] [170, 150, 130, 110, 90, 70] [47, 467] 6 0
[170, 170, 170, 170, 170, 170] [190, 170, 150, 130, 110, 90] [47, 467] 6 0
[170, 170, 170, 170, 170, 170] [210, 190, 170, 150, 130, 110] [47, 467] 6 0
[170, 170, 170, 170, 170, 170] [230, 210, 190, 170, 150, 130] [47, 467] 6 0
[170, 170, 170, 170, 170, 170] [250, 230, 210, 190, 170, 150] [47, 467] 6 0
[170, 170, 170, 170, 170, 170] [270, 250, 230, 210, 190, 170] [47, 467] 6 0
[170, 170, 170, 170, 170, 170] [290, 270, 250, 230, 210, 190] [47, 467] 6 0
[170, 170, 170, 170, 170, 170] [310, 290, 270, 250, 230, 210] [47, 467] 6 0
[170, 170, 170, 170, 170, 170] [330, 310, 290, 270, 250, 230] [47, 467] 6 0
[170, 170, 170, 170, 170, 170] [350, 330, 310, 290, 270, 250] [47, 467] 6 0
[170, 170, 170, 170, 170, 170] [370, 350, 330, 310, 290, 270] [47, 467] 6 0
[170, 170, 170, 170, 170, 170] [390, 370, 350, 330, 310, 290] [47, 467] 6 0
[170, 170, 170, 170, 170, 170] [410, 390, 370, 350, 330, 310] [47, 467] 6 0
[170, 170, 170, 170, 170, 170] [430, 410, 390, 370, 350, 330] [47, 467] 6 0
[170, 170, 170, 170, 170, 170] [450, 430, 410, 390, 370, 350] [47, 467] 6 0
[170, 170, 170, 170, 170, 170] [470, 450, 430, 410, 390, 370] [47, 467] 6 0
[150, 170, 170, 170, 170, 170] [470, 470, 450, 430, 410, 390] [47, 467] 6 3
[130, 150, 170, 170, 170, 170] [470, 470, 470, 450, 430, 410] [47, 467] 6 3
[110, 130, 150, 170, 170, 170] [470, 470, 470, 470, 450, 430] [47, 467] 6 3
[90, 110, 130, 150, 170, 170] [470, 470, 470, 470, 470, 450] [47, 467] 6 3
[70, 90, 110, 130, 150, 170] [470, 470, 470, 470, 470, 470] [47, 467] 6 3
[50, 70, 90, 110, 130, 150] [470, 470, 470, 470, 470, 470] [47, 467] 6 3
[50, 50, 70, 90, 110, 130, 150] [450, 470, 470, 470, 470, 470, 470] [54, 457] 7 2
[70, 50, 50, 70, 90, 110, 130, 150] [450, 450, 470, 470, 470, 470, 470, 470] [425, 350] 8 1
[90, 70, 50, 50, 70, 90, 110, 130] [450, 450, 450, 470, 470, 470, 470, 470] [425, 350] 8 1
[110, 90, 70, 50, 50, 70, 90, 110] [450, 450, 450, 450, 470, 470, 470, 470] [425, 350] 8 1
[130, 110, 90, 70, 50, 50, 70, 90] [450, 450, 450, 450, 450, 470, 470, 470] [425, 350] 8 1
[150, 130, 110, 90, 70, 50, 50, 70] [450, 450, 450, 450, 450, 450, 470, 470] [425, 350] 8 1
[170, 150, 130, 110, 90, 70, 50, 50] [450, 450, 450, 450, 450, 450, 450, 470] [425, 350] 8 1
[190, 170, 150, 130, 110, 90, 70, 50] [450, 450, 450, 450, 450, 450, 450, 450] [425, 350] 8 1
[210, 190, 170, 150, 130, 110, 90, 70] [450, 450, 450, 450, 450, 450, 450, 450] [425, 350] 8 1
[230, 210, 190, 170, 150, 130, 110, 90] [450, 450, 450, 450, 450, 450, 450, 450] [425, 350] 8 1
[250, 230, 210, 190, 170, 150, 130, 110] [450, 450, 450, 450, 450, 450, 450, 450] [425, 350] 8 1
[270, 250, 230, 210, 190, 170, 150, 130] [450, 450, 450, 450, 450, 450, 450, 450] [425, 350] 8 1
[290, 270, 250, 230, 210, 190, 170, 150] [450, 450, 450, 450, 450, 450, 450, 450] [425, 350] 8 1
[310, 290, 270, 250, 230, 210, 190, 170] [450, 450, 450, 450, 450, 450, 450, 450] [425, 350] 8 1
[330, 310, 290, 270, 250, 230, 210, 190] [450, 450, 450, 450, 450, 450, 450, 450] [425, 350] 8 1
[350, 330, 310, 290, 270, 250, 230, 210] [450, 450, 450, 450, 450, 450, 450, 450] [425, 350] 8 1
[370, 350, 330, 310, 290, 270, 250, 230] [450, 450, 450, 450, 450, 450, 450, 450] [425, 350] 8 1
[390, 370, 350, 330, 310, 290, 270, 250] [450, 450, 450, 450, 450, 450, 450, 450] [425, 350] 8 1
[410, 390, 370, 350, 330, 310, 290, 270] [450, 450, 450, 450, 450, 450, 450, 450] [425, 350] 8 1
[410, 410, 390, 370, 350, 330, 310, 290] [430, 450, 450, 450, 450, 450, 450, 450] [425, 350] 8 2
[430, 410, 410, 390, 370, 350, 330, 310] [430, 430, 450, 450, 450, 450, 450, 450] [425, 350] 8 1
[430, 430, 410, 410, 390, 370, 350, 330] [410, 430, 430, 450, 450, 450, 450, 450] [425, 350] 8 2
[430, 430, 430, 410, 410, 390, 370, 350] [390, 410, 430, 430, 450, 450, 450, 450] [425, 350] 8 2
[430, 430, 430, 430, 410, 410, 390, 370] [370, 390, 410, 430, 430, 450, 450, 450] [425, 350] 8 2
[430, 430, 430, 430, 430, 410, 410, 390] [350, 370, 390, 410, 430, 430, 450, 450] [425, 350] 8 2
[430, 430, 430, 430, 430, 430, 410, 410, 390] [330, 350, 370, 390, 410, 430, 430, 450, 450] [472, 140] 9 2
[410, 430, 430, 430, 430, 430, 430, 410, 410] [330, 330, 350, 370, 390, 410, 430, 430, 450] [472, 140] 9 3
[390, 410, 430, 430, 430, 430, 430, 430, 410] [330, 330, 330, 350, 370, 390, 410, 430, 430] [472, 140] 9 3
[390, 390, 410, 430, 430, 430, 430, 430, 430] [310, 330, 330, 330, 350, 370, 390, 410, 430] [472, 140] 9 2
[410, 390, 390, 410, 430, 430, 430, 430, 430] [310, 310, 330, 330, 330, 350, 370, 390, 410] [472, 140] 9 1
[430, 410, 390, 390, 410, 430, 430, 430, 430] [310, 310, 310, 330, 330, 330, 350, 370, 390] [472, 140] 9 1
[450, 430, 410, 390, 390, 410, 430, 430, 430] [310, 310, 310, 310, 330, 330, 330, 350, 370] [472, 140] 9 1
[470, 450, 430, 410, 390, 390, 410, 430, 430] [310, 310, 310, 310, 310, 330, 330, 330, 350] [472, 140] 9 1
[470, 470, 450, 430, 410, 390, 390, 410, 430] [290, 310, 310, 310, 310, 310, 330, 330, 330] [472, 140] 9 2
[470, 470, 470, 450, 430, 410, 390, 390, 410] [270, 290, 310, 310, 310, 310, 310, 330, 330] [472, 140] 9 2
[470, 470, 470, 470, 450, 430, 410, 390, 390] [250, 270, 290, 310, 310, 310, 310, 310, 330] [472, 140] 9 2
[470, 470, 470, 470, 470, 450, 430, 410, 390] [230, 250, 270, 290, 310, 310, 310, 310, 310] [472, 140] 9 2
[470, 470, 470, 470, 470, 470, 450, 430, 410] [210, 230, 250, 270, 290, 310, 310, 310, 310] [472, 140] 9 2
[470, 470, 470, 470, 470, 470, 470, 450, 430] [190, 210, 230, 250, 270, 290, 310, 310, 310] [472, 140] 9 2
[470, 470, 470, 470, 470, 470, 470, 470, 450] [170, 190, 210, 230, 250, 270, 290, 310, 310] [472, 140] 9 2
[470, 470, 470, 470, 470, 470, 470, 470, 470] [150, 170, 190, 210, 230, 250, 270, 290, 310] [472, 140] 9 2
[470, 470, 470, 470, 470, 470, 470, 470, 470] [130, 150, 170, 190, 210, 230, 250, 270, 290] [472, 140] 9 2
[450, 470, 470, 470, 470, 470, 470, 470, 470, 470] [130, 130, 150, 170, 190, 210, 230, 250, 270, 290] [70, 147] 10 3
[430, 450, 470, 470, 470, 470, 470, 470, 470, 470] [130, 130, 130, 150, 170, 190, 210, 230, 250, 270] [70, 147] 10 3
[410, 430, 450, 470, 470, 470, 470, 470, 470, 470] [130, 130, 130, 130, 150, 170, 190, 210, 230, 250] [70, 147] 10 3
[390, 410, 430, 450, 470, 470, 470, 470, 470, 470] [130, 130, 130, 130, 130, 150, 170, 190, 210, 230] [70, 147] 10 3
[370, 390, 410, 430, 450, 470, 470, 470, 470, 470] [130, 130, 130, 130, 130, 130, 150, 170, 190, 210] [70, 147] 10 3
[350, 370, 390, 410, 430, 450, 470, 470, 470, 470] [130, 130, 130, 130, 130, 130, 130, 150, 170, 190] [70, 147] 10 3
[330, 350, 370, 390, 410, 430, 450, 470, 470, 470] [130, 130, 130, 130, 130, 130, 130, 130, 150, 170] [70, 147] 10 3
[310, 330, 350, 370, 390, 410, 430, 450, 470, 470] [130, 130, 130, 130, 130, 130, 130, 130, 130, 150] [70, 147] 10 3
[290, 310, 330, 350, 370, 390, 410, 430, 450, 470] [130, 130, 130, 130, 130, 130, 130, 130, 130, 130] [70, 147] 10 3
[270, 290, 310, 330, 350, 370, 390, 410, 430, 450] [130, 130, 130, 130, 130, 130, 130, 130, 130, 130] [70, 147] 10 3
[250, 270, 290, 310, 330, 350, 370, 390, 410, 430] [130, 130, 130, 130, 130, 130, 130, 130, 130, 130] [70, 147] 10 3
[230, 250, 270, 290, 310, 330, 350, 370, 390, 410] [130, 130, 130, 130, 130, 130, 130, 130, 130, 130] [70, 147] 10 3
[210, 230, 250, 270, 290, 310, 330, 350, 370, 390] [130, 130, 130, 130, 130, 130, 130, 130, 130, 130] [70, 147] 10 3
[190, 210, 230, 250, 270, 290, 310, 330, 350, 370] [130, 130, 130, 130, 130, 130, 130, 130, 130, 130] [70, 147] 10 3
[170, 190, 210, 230, 250, 270, 290, 310, 330, 350] [130, 130, 130, 130, 130, 130, 130, 130, 130, 130] [70, 147] 10 3
[150, 170, 190, 210, 230, 250, 270, 290, 310, 330] [130, 130, 130, 130, 130, 130, 130, 130, 130, 130] [70, 147] 10 3
[130, 150, 170, 190, 210, 230, 250, 270, 290, 310] [130, 130, 130, 130, 130, 130, 130, 130, 130, 130] [70, 147] 10 3
[110, 130, 150, 170, 190, 210, 230, 250, 270, 290] [130, 130, 130, 130, 130, 130, 130, 130, 130, 130] [70, 147] 10 3
[90, 110, 130, 150, 170, 190, 210, 230, 250, 270] [130, 130, 130, 130, 130, 130, 130, 130, 130, 130] [70, 147] 10 3
[70, 90, 110, 130, 150, 170, 190, 210, 230, 250] [130, 130, 130, 130, 130, 130, 130, 130, 130, 130] [70, 147] 10 3
[70, 70, 90, 110, 130, 150, 170, 190, 210, 230, 250] [150, 130, 130, 130, 130, 130, 130, 130, 130, 130, 130] [27, 357] 11 0
[70, 70, 70, 90, 110, 130, 150, 170, 190, 210, 230] [170, 150, 130, 130, 130, 130, 130, 130, 130, 130, 130] [27, 357] 11 0
[70, 70, 70, 70, 90, 110, 130, 150, 170, 190, 210] [190, 170, 150, 130, 130, 130, 130, 130, 130, 130, 130] [27, 357] 11 0
[70, 70, 70, 70, 70, 90, 110, 130, 150, 170, 190] [210, 190, 170, 150, 130, 130, 130, 130, 130, 130, 130] [27, 357] 11 0
[70, 70, 70, 70, 70, 70, 90, 110, 130, 150, 170] [230, 210, 190, 170, 150, 130, 130, 130, 130, 130, 130] [27, 357] 11 0
[70, 70, 70, 70, 70, 70, 70, 90, 110, 130, 150] [250, 230, 210, 190, 170, 150, 130, 130, 130, 130, 130] [27, 357] 11 0
[50, 70, 70, 70, 70, 70, 70, 70, 90, 110, 130] [250, 250, 230, 210, 190, 170, 150, 130, 130, 130, 130] [27, 357] 11 3
[30, 50, 70, 70, 70, 70, 70, 70, 70, 90, 110] [250, 250, 250, 230, 210, 190, 170, 150, 130, 130, 130] [27, 357] 11 3
[30, 30, 50, 70, 70, 70, 70, 70, 70, 70, 90] [270, 250, 250, 250, 230, 210, 190, 170, 150, 130, 130] [27, 357] 11 0
[30, 30, 30, 50, 70, 70, 70, 70, 70, 70, 70] [290, 270, 250, 250, 250, 230, 210, 190, 170, 150, 130] [27, 357] 11 0
[30, 30, 30, 30, 50, 70, 70, 70, 70, 70, 70] [310, 290, 270, 250, 250, 250, 230, 210, 190, 170, 150] [27, 357] 11 0
[30, 30, 30, 30, 30, 50, 70, 70, 70, 70, 70] [330, 310, 290, 270, 250, 250, 250, 230, 210, 190, 170] [27, 357] 11 0
[30, 30, 30, 30, 30, 30, 50, 70, 70, 70, 70] [350, 330, 310, 290, 270, 250, 250, 250, 230, 210, 190] [27, 357] 11 0
[50, 30, 30, 30, 30, 30, 30, 50, 70, 70, 70, 70] [350, 350, 330, 310, 290, 270, 250, 250, 250, 230, 210, 190] [538, 533] 12 1
