[290, 290, 290, 290, 290] [310, 290, 270, 250, 230] [355, 45] 5 0
[290, 290, 290, 290, 290] [330, 310, 290, 270, 250] [355, 45] 5 0
[310, 290, 290, 290, 290] [330, 330, 310, 290, 270] [355, 45] 5 1
[330, 310, 290, 290, 290] [330, 330, 330, 310, 290] [355, 45] 5 1
[330, 330, 310, 290, 290] [310, 330, 330, 330, 310] [355, 45] 5 2
[330, 330, 330, 310, 290] [290, 310, 330, 330, 330] [355, 45] 5 2
[330, 330, 330, 330, 310] [270, 290, 310, 330, 330] [355, 45] 5 2
[330, 330, 330, 330, 330] [250, 270, 290, 310, 330] [355, 45] 5 2
[330, 330, 330, 330, 330] [230, 250, 270, 290, 310] [355, 45] 5 2
[330, 330, 330, 330, 330] [210, 230, 250, 270, 290] [355, 45] 5 2
[330, 330, 330, 330, 330] [190, 210, 230, 250, 270] [355, 45] 5 2
[330, 330, 330, 330, 330] [170, 190, 210, 230, 250] [355, 45] 5 2
[330, 330, 330, 330, 330] [150, 170, 190, 210, 230] [355, 45] 5 2
[330, 330, 330, 330, 330] [130, 150, 170, 190, 210] [355, 45] 5 2
[330, 330, 330, 330, 330] [110, 130, 150, 170, 190] [355, 45] 5 2
[330, 330, 330, 330, 330] [90, 110, 130, 150, 170] [355, 45] 5 2
[330, 330, 330, 330, 330] [70, 90, 110, 130, 150] [355, 45] 5 2
[330, 330, 330, 330, 330] [50, 70, 90, 110, 130] [355, 45] 5 2
[350, 330, 330, 330, 330] [50, 50, 70, 90, 110] [355, 45] 5 1
[370, 350, 330, 330, 330, 330] [50, 50, 50, 70, 90, 110] [402, 560] 6 1
[370, 370, 350, 330, 330, 330] [70, 50, 50, 50, 70, 90] [402, 560] 6 0
[370, 370, 370, 350, 330, 330] [90, 70, 50, 50, 50, 70] [402, 560] 6 0
[370, 370, 370, 370, 350, 330] [110, 90, 70, 50, 50, 50] [402, 560] 6 0
[370, 370, 370, 370, 370, 350] [130, 110, 90, 70, 50, 50] [402, 560] 6 0
[370, 370, 370, 370, 370, 370] [150, 130, 110, 90, 70, 50] [402, 560] 6 0
[370, 370, 370, 370, 370, 370] [170, 150, 130, 110, 90, 70] [402, 560] 6 0
[370, 370, 370, 370, 370, 370] [190, 170, 150, 130, 110, 90] [402, 560] 6 0
[370, 370, 370, 370, 370, 370] [210, 190, 170, 150, 130, 110] [402, 560] 6 0
[370, 370, 370, 370, 370, 370] [230, 210, 190, 170, 150, 130] [402, 560] 6 0
[370, 370, 370, 370, 370, 370] [250, 230, 210, 190, 170, 150] [402, 560] 6 0
[370, 370, 370, 370, 370, 370] [270, 250, 230, 210, 190, 170] [402, 560] 6 0
[370, 370, 370, 370, 370, 370] [290, 270, 250, 230, 210, 190] [402, 560] 6 0
[370, 370, 370, 370, 370, 370] [310, 290, 270, 250, 230, 210] [402, 560] 6 0
[370, 370, 370, 370, 370, 370] [330, 310, 290, 270, 250, 230] [402, 560] 6 0
[370, 370, 370, 370, 370, 370] [350, 330, 310, 290, 270, 250] [402, 560] 6 0
[370, 370, 370, 370, 370, 370] [370, 350, 330, 310, 290, 270] [402, 560] 6 0
[370, 370, 370, 370, 370, 370] [390, 370, 350, 330, 310, 290] [402, 560] 6 0
[370, 370, 370, 370, 370, 370] [410, 390, 370, 350, 330, 310] [402, 560] 6 0
[370, 370, 370, 370, 370, 370] [430, 410, 390, 370, 350, 330] [402, 560] 6 0
[370, 370, 370, 370, 370, 370] [450, 430, 410, 390, 370, 350] [402, 560] 6 0
[370, 370, 370, 370, 370, 370] [470, 450, 430, 410, 390, 370] [402, 560] 6 0
[370, 370, 370, 370, 370, 370] [490, 470, 450, 430, 410, 390] [402, 560] 6 0
[370, 370, 370, 370, 370, 370] [510, 490, 470, 450, 430, 410] [402, 560] 6 0
[370, 370, 370, 370, 370, 370] [530, 510, 490, 470, 450, 430] [402, 560] 6 0
[370, 370, 370, 370, 370, 370] [550, 530, 510, 490, 470, 450] [402, 560] 6 0
[390, 370, 370, 370, 370, 370] [550, 550, 530, 510, 490, 470] [402, 560] 6 1
[410, 390, 370, 370, 370, 370, 370] [550, 550, 550, 530, 510, 490, 470] [519, 392] 7 1
[430, 410, 390, 370, 370, 370, 370] [550, 550, 550, 550, 530, 510, 490] [519, 392] 7 1
[450, 430, 410, 390, 370, 370, 370] [550, 550, 550, 550, 550, 530, 510] [519, 392] 7 1
[470, 450, 430, 410, 390, 370, 370] [550, 550, 550, 550, 550, 550, 530] [519, 392] 7 1
[490, 470, 450, 430, 410, 390, 370] [550, 550, 550, 550, 550, 550, 550] [519, 392] 7 1
[510, 490, 470, 450, 430, 410, 390] [550, 550, 550, 550, 550, 550, 550] [519, 392] 7 1
[530, 510, 490, 470, 450, 430, 410] [550, 550, 550, 550, 550, 550, 550] [519, 392] 7 1
[530, 530, 510, 490, 470, 450, 430] [530, 550, 550, 550, 550, 550, 550] [519, 392] 7 2
[530, 530, 530, 510, 490, 470, 450] [510, 530, 550, 550, 550, 550, 550] [519, 392] 7 2
[530, 530, 530, 530, 510, 490, 470] [490, 510, 530, 550, 550, 550, 550] [519, 392] 7 2
[530, 530, 530, 530, 530, 510, 490] [470, 490, 510, 530, 550, 550, 550] [519, 392] 7 2
[530, 530, 530, 530, 530, 530, 510] [450, 470, 490, 510, 530, 550, 550] [519, 392] 7 2
[530, 530, 530, 530, 530, 530, 530] [430, 450, 470, 490, 510, 530, 550] [519, 392] 7 2
[530, 530, 530, 530, 530, 530, 530] [410, 430, 450, 470, 490, 510, 530] [519, 392] 7 2
[530, 530, 530, 530, 530, 530, 530] [390, 410, 430, 450, 470, 490, 510] [519, 392] 7 2
[530, 530, 530, 530, 530, 530, 530] [370, 390, 410, 430, 450, 470, 490] [519, 392] 7 2
[530, 530, 530, 530, 530, 530, 530] [350, 370, 390, 410, 430, 450, 470] [519, 392] 7 2
[530, 530, 530, 530, 530, 530, 530] [330, 350, 370, 390, 410, 430, 450] [519, 392] 7 2
[530, 530, 530, 530, 530, 530, 530] [310, 330, 350, 370, 390, 410, 430] [519, 392] 7 2
[530, 530, 530, 530, 530, 530, 530] [290, 310, 330, 350, 370, 390, 410] [519, 392] 7 2
[530, 530, 530, 530, 530, 530, 530] [270, 290, 310, 330, 350, 370, 390] [519, 392] 7 2
[530, 530, 530, 530, 530, 530, 530] [250, 270, 290, 310, 330, 350, 370] [519, 392] 7 2
[530, 530, 530, 530, 530, 530, 530] [230, 250, 270, 290, 310, 330, 350] [519, 392] 7 2
[530, 530, 530, 530, 530, 530, 530] [210, 230, 250, 270, 290, 310, 330] [519, 392] 7 2
[530, 530, 530, 530, 530, 530, 530] [190, 210, 230, 250, 270, 290, 310] [519, 392] 7 2
[530, 530, 530, 530, 530, 530, 530] [170, 190, 210, 230, 250, 270, 290] [519, 392] 7 2
[530, 530, 530, 530, 530, 530, 530] [150, 170, 190, 210, 230, 250, 270] [519, 392] 7 2
[530, 530, 530, 530, 530, 530, 530] [130, 150, 170, 190, 210, 230, 250] [519, 392] 7 2
[530, 530, 530, 530, 530, 530, 530] [110, 130, 150, 170, 190, 210, 230] [519, 392] 7 2
[510, 530, 530, 530, 530, 530, 530] [110, 110, 130, 150, 170, 190, 210] [519, 392] 7 3
[510, 510, 530, 530, 530, 530, 530] [130, 110, 110, 130, 150, 170, 190] [519, 392] 7 0
[510, 510, 510, 530, 530, 530, 530] [150, 130, 110, 110, 130, 150, 170] [519, 392] 7 0
[510, 510, 510, 510, 530, 530, 530] [170, 150, 130, 110, 110, 130, 150] [519, 392] 7 0
[510, 510, 510, 510, 510, 530, 530] [190, 170, 150, 130, 110, 110, 130] [519, 392] 7 0
[510, 510, 510, 510, 510, 510, 530] [210, 190, 170, 150, 130, 110, 110] [519, 392] 7 0
[510, 510, 510, 510, 510, 510, 510] [230, 210, 190, 170, 150, 130, 110] [519, 392] 7 0
[510, 510, 510, 510, 510, 510, 510] [250, 230, 210, 190, 170, 150, 130] [519, 392] 7 0
[510, 510, 510, 510, 510, 510, 510] [270, 250, 230, 210, 190, 170, 150] [519, 392] 7 0
[510, 510, 510, 510, 510, 510, 510] [290, 270, 250, 230, 210, 190, 170] [519, 392] 7 0
[510, 510, 510, 510, 510, 510, 510] [310, 290, 270, 250, 230, 210, 190] [519, 392] 7 0
[510, 510, 510, 510, 510, 510, 510] [330, 310, 290, 270, 250, 230, 210] [519, 392] 7 0
[510, 510, 510, 510, 510, 510, 510] [350, 330, 310, 290, 270, 250, 230] [519, 392] 7 0
[510, 510, 510, 510, 510, 510, 510] [370, 350, 330, 310, 290, 270, 250] [519, 392] 7 0
[510, 510, 510, 510, 510, 510, 510] [390, 370, 350, 330, 310, 290, 270] [519, 392] 7 0
[510, 510, 510, 510, 510, 510, 510, 510] [410, 390, 370, 350, 330, 310, 290, 270] [517, 264] 8 0
[510, 510, 510, 510, 510, 510, 510, 510] [430, 410, 390, 370, 350, 330, 310, 290] [517, 264] 8 0
[490, 510, 510, 510, 510, 510, 510, 510] [430, 430, 410, 390, 370, 350, 330, 310] [517, 264] 8 3
[490, 490, 510, 510, 510, 510, 510, 510] [410, 430, 430, 410, 390, 370, 350, 330] [517, 264] 8 2
[490, 490, 490, 510, 510, 510, 510, 510] [390, 410, 430, 430, 410, 390, 370, 350] [517, 264] 8 2
[490, 490, 490, 490, 510, 510, 510, 510] [370, 390, 410, 430, 430, 410, 390, 370] [517, 264] 8 2
[490, 490, 490, 490, 490, 510, 510, 510] [350, 370, 390, 410, 430, 430, 410, 390] [517, 264] 8 2
[510, 490, 490, 490, 490, 490, 510, 510] [350, 350, 370, 390, 410, 430, 430, 410] [517, 264] 8 1
[510, 510, 490, 490, 490, 490, 490, 510] [330, 350, 350, 370, 390, 410, 430, 430] [517, 264] 8 2
[510, 510, 510, 490, 490, 490, 490, 490] [310, 330, 350, 350, 370, 390, 410, 430] [517, 264] 8 2
[510, 510, 510, 510, 490, 490, 490, 490] [290, 310, 330, 350, 350, 370, 390, 410] [517, 264] 8 2
[510, 510, 510, 510, 510, 490, 490, 490] [270, 290, 310, 330, 350, 350, 370, 390] [517, 264] 8 2
[510, 510, 510, 510, 510, 510, 490, 490, 490] [250, 270, 290, 310, 330, 350, 350, 370, 390] [345, 538] 9 2
[510, 510, 510, 510, 510, 510, 510, 490, 490] [230, 250, 270, 290, 310, 330, 350, 350, 370] [345, 538] 9 2
[510, 510, 510, 510, 510, 510, 510, 510, 490] [210, 230, 250, 270, 290, 310, 330, 350, 350] [345, 538] 9 2
[510, 510, 510, 510, 510, 510, 510, 510, 510] [190, 210, 230, 250, 270, 290, 310, 330, 350] [345, 538] 9 2
[490, 510, 510, 510, 510, 510, 510, 510, 510] [190, 190, 210, 230, 250, 270, 290, 310, 330] [345, 538] 9 3
[470, 490, 510, 510, 510, 510, 510, 510, 510] [190, 190, 190, 210, 230, 250, 270, 290, 310] [345, 538] 9 3
[450, 470, 490, 510, 510, 510, 510, 510, 510] [190, 190, 190, 190, 210, 230, 250, 270, 290] [345, 538] 9 3
[430, 450, 470, 490, 510, 510, 510, 510, 510] [190, 190, 190, 190, 190, 210, 230, 250, 270] [345, 538] 9 3
[410, 430, 450, 470, 490, 510, 510, 510, 510] [190, 190, 190, 190, 190, 190, 210, 230, 250] [345, 538] 9 3
[390, 410, 430, 450, 470, 490, 510, 510, 510] [190, 190, 190, 190, 190, 190, 190, 210, 230] [345, 538] 9 3
[370, 390, 410, 430, 450, 470, 490, 510, 510] [190, 190, 190, 190, 190, 190, 190, 190, 210] [345, 538] 9 3
[350, 370, 390, 410, 430, 450, 470, 490, 510] [190, 190, 190, 190, 190, 190, 190, 190, 190] [345, 538] 9 3
[350, 350, 370, 390, 410, 430, 450, 470, 490] [210, 190, 190, 190, 190, 190, 190, 190, 190] [345, 538] 9 0
[350, 350, 350, 370, 390, 410, 430, 450, 470] [230, 210, 190, 190, 190, 190, 190, 190, 190] [345, 538] 9 0
[350, 350, 350, 350, 370, 390, 410, 430, 450] [250, 230, 210, 190, 190, 190, 190, 190, 190] [345, 538] 9 0
[350, 350, 350, 350, 350, 370, 390, 410, 430] [270, 250, 230, 210, 190, 190, 190, 190, 190] [345, 538] 9 0
[350, 350, 350, 350, 350, 350, 370, 390, 410] [290, 270, 250, 230, 210, 190, 190, 190, 190] [345, 538] 9 0
[350, 350, 350, 350, 350, 350, 350, 370, 390] [310, 290, 270, 250, 230, 210, 190, 190, 190] [345, 538] 9 0
[350, 350, 350, 350, 350, 350, 350, 350, 370] [330, 310, 290, 270, 250, 230, 210, 190, 190] [345, 538] 9 0
[350, 350, 350, 350, 350, 350, 350, 350, 350] [350, 330, 310, 290, 270, 250, 230, 210, 190] [345, 538] 9 0
[350, 350, 350, 350, 350, 350, 350, 350, 350] [370, 350, 330, 310, 290, 270, 250, 230, 210] [345, 538] 9 0
[350, 350, 350, 350, 350, 350, 350, 350, 350] [390, 370, 350, 330, 310, 290, 270, 250, 230] [345, 538] 9 0
[350, 350, 350, 350, 350, 350, 350, 350, 350] [410, 390, 370, 350, 330, 310, 290, 270, 250] [345, 538] 9 0
[350, 350, 350, 350, 350, 350, 350, 350, 350] [430, 410, 390, 370, 350, 330, 310, 290, 270] [345, 538] 9 0
[350, 350, 350, 350, 350, 350, 350, 350, 350] [450, 430, 410, 390, 370, 350, 330, 310, 290] [345, 538] 9 0
[350, 350, 350, 350, 350, 350, 350, 350, 350] [470, 450, 430, 410, 390, 370, 350, 330, 310] [345, 538] 9 0
[350, 350, 350, 350, 350, 350, 350, 350, 350] [490, 470, 450, 430, 410, 390, 370, 350, 330] [345, 538] 9 0
[350, 350, 350, 350, 350, 350, 350, 350, 350] [510, 490, 470, 450, 430, 410, 390, 370, 350] [345, 538] 9 0
[350, 350, 350, 350, 350, 350, 350, 350, 350] [530, 510, 490, 470, 450, 430, 410, 390, 370] [345, 538] 9 0
[330, 350, 350, 350, 350, 350, 350, 350, 350, 350] [530, 530, 510, 490, 470, 450, 430, 410, 390, 370] [574, 203] 10 3
[310, 330, 350, 350, 350, 350, 350, 350, 350, 350] [530, 530, 530, 510, 490, 470, 450, 430, 410, 390] [574, 203] 10 3
[310, 310, 330, 350, 350, 350, 350, 350, 350, 350] [510, 530, 530, 530, 510, 490, 470, 450, 430, 410] [574, 203] 10 2
[310, 310, 310, 330, 350, 350, 350, 350, 350, 350] [490, 510, 530, 530, 530, 510, 490, 470, 450, 430] [574, 203] 10 2
[310, 310, 310, 310, 330, 350, 350, 350, 350, 350] [470, 490, 510, 530, 530, 530, 510, 490, 470, 450] [574, 203] 10 2
[310, 310, 310, 310, 310, 330, 350, 350, 350, 350] [450, 470, 490, 510, 530, 530, 530, 510, 490, 470] [574, 203] 10 2
[310, 310, 310, 310, 310, 310, 330, 350, 350, 350] [430, 450, 470, 490, 510, 530, 530, 530, 510, 490] [574, 203] 10 2
[310, 310, 310, 310, 310, 310, 310, 330, 350, 350] [410, 430, 450, 470, 490, 510, 530, 530, 530, 510] [574, 203] 10 2
[310, 310, 310, 310, 310, 310, 310, 310, 330, 350] [390, 410, 430, 450, 470, 490, 510, 530, 530, 530] [574, 203] 10 2
[310, 310, 310, 310, 310, 310, 310, 310, 310, 330] [370, 390, 410, 430, 450, 470, 490, 510, 530, 530] [574, 203] 10 2
[310, 310, 310, 310, 310, 310, 310, 310, 310, 310] [350, 370, 390, 410, 430, 450, 470, 490, 510, 530] [574, 203] 10 2
[310, 310, 310, 310, 310, 310, 310, 310, 310, 310] [330, 350, 370, 390, 410, 430, 450, 470, 490, 510] [574, 203] 10 2
[310, 310, 310, 310, 310, 310, 310, 310, 310, 310] [310, 330, 350, 370, 390, 410, 430, 450, 470, 490] [574, 203] 10 2
[310, 310, 310, 310, 310, 310, 310, 310, 310, 310] [290, 310, 330, 350, 370, 390, 410, 430, 450, 470] [574, 203] 10 2
[310, 310, 310, 310, 310, 310, 310, 310, 310, 310] [270, 290, 310, 330, 350, 370, 390, 410, 430, 450] [574, 203] 10 2
[310, 310, 310, 310, 310, 310, 310, 310, 310, 310] [250, 270, 290, 310, 330, 350, 370, 390, 410, 430] [574, 203] 10 2
[310, 310, 310, 310, 310, 310, 310, 310, 310, 310] [230, 250, 270, 290, 310, 330, 350, 370, 390, 410] [574, 203] 10 2
[310, 310, 310, 310, 310, 310, 310, 310, 310, 310] [210, 230, 250, 270, 290, 310, 330, 350, 370, 390] [574, 203] 10 2
[310, 310, 310, 310, 310, 310, 310, 310, 310, 310] [190, 210, 230, 250, 270, 290, 310, 330, 350, 370] [574, 203] 10 2
[330, 310, 310, 310, 310, 310, 310, 310, 310, 310] [190, 190, 210, 230, 250, 270, 290, 310, 330, 350] [574, 203] 10 1
[350, 330, 310, 310, 310, 310, 310, 310, 310, 310] [190, 190, 190, 210, 230, 250, 270, 290, 310, 330] [574, 203] 10 1
[370, 350, 330, 310, 310, 310, 310, 310, 310, 310] [190, 190, 190, 190, 210, 230, 250, 270, 290, 310] [574, 203] 10 1
[390, 370, 350, 330, 310, 310, 310, 310, 310, 310] [190, 190, 190, 190, 190, 210, 230, 250, 270, 290] [574, 203] 10 1
[410, 390, 370, 350, 330, 310, 310, 310, 310, 310] [190, 190, 190, 190, 190, 190, 210, 230, 250, 270] [574, 203] 10 1
[430, 410, 390, 370, 350, 330, 310, 310, 310, 310] [190, 190, 190, 190, 190, 190, 190, 210, 230, 250] [574, 203] 10 1
[450, 430, 410, 390, 370, 350, 330, 310, 310, 310] [190, 190, 190, 190, 190, 190, 190, 190, 210, 230] [574, 203] 10 1
[470, 450, 430, 410, 390, 370, 350, 330, 310, 310] [190, 190, 190, 190, 190, 190, 190, 190, 190, 210] [574, 203] 10 1
[490, 470, 450, 430, 410, 390, 370, 350, 330, 310] [190, 190, 190, 190, 190, 190, 190, 190, 190, 190] [574, 203] 10 1
[510, 490, 470, 450, 430, 410, 390, 370, 350, 330] [190, 190, 190, 190, 190, 190, 190, 190, 190, 190] [574, 203] 10 1
[530, 510, 490, 470, 450, 430, 410, 390, 370, 350] [190, 190, 190, 190, 190, 190, 190, 190, 190, 190] [574, 203] 10 1
[550, 530, 510, 490, 470, 450, 430, 410, 390, 370] [190, 190, 190, 190, 190, 190, 190, 190, 190, 190] [574, 203] 10 1
[570, 550, 530, 510, 490, 470, 450, 430, 410, 390] [190, 190, 190, 190, 190, 190, 190, 190, 190, 190] [574, 203] 10 1
[570, 570, 550, 530, 510, 490, 470, 450, 430, 410, 390] [210, 190, 190, 190, 190, 190, 190, 190, 190, 190, 190] [83, 175] 11 0
[570, 570, 570, 550, 530, 510, 490, 470, 450, 430, 410] [230, 210, 190, 190, 190, 190, 190, 190, 190, 190, 190] [83, 175] 11 0
[570, 570, 570, 570, 550, 530, 510, 490, 470, 450, 430] [250, 230, 210, 190, 190, 190, 190, 190, 190, 190, 190] [83, 175] 11 0
[570, 570, 570, 570, 570, 550, 530, 510, 490, 470, 450] [270, 250, 230, 210, 190, 190, 190, 190, 190, 190, 190] [83, 175] 11 0
[570, 570, 570, 570, 570, 570, 550, 530, 510, 490, 470] [290, 270, 250, 230, 210, 190, 190, 190, 190, 190, 190] [83, 175] 11 0
[570, 570, 570, 570, 570, 570, 570, 550, 530, 510, 490] [310, 290, 270, 250, 230, 210, 190, 190, 190, 190, 190] [83, 175] 11 0
[570, 570, 570, 570, 570, 570, 570, 570, 550, 530, 510] [330, 310, 290, 270, 250, 230, 210, 190, 190, 190, 190] [83, 175] 11 0
[570, 570, 570, 570, 570, 570, 570, 570, 570, 550, 530] [350, 330, 310, 290, 270, 250, 230, 210, 190, 190, 190] [83, 175] 11 0
[570, 570, 570, 570, 570, 570, 570, 570, 570, 570, 550] [370, 350, 330, 310, 290, 270, 250, 230, 210, 190, 190] [83, 175] 11 0
[570, 570, 570, 570, 570, 570, 570, 570, 570, 570, 570] [390, 370, 350, 330, 310, 290, 270, 250, 230, 210, 190] [83, 175] 11 0
[570, 570, 570, 570, 570, 570, 570, 570, 570, 570, 570] [410, 390, 370, 350, 330, 310, 290, 270, 250, 230, 210] [83, 175] 11 0
[570, 570, 570, 570, 570, 570, 570, 570, 570, 570, 570] [430, 410, 390, 370, 350, 330, 310, 290, 270, 250, 230] [83, 175] 11 0
[570, 570, 570, 570, 570, 570, 570, 570, 570, 570, 570] [450, 430, 410, 390, 370, 350, 330, 310, 290, 270, 250] [83, 175] 11 0
[550, 570, 570, 570, 570, 570, 570, 570, 570, 570, 570] [450, 450, 430, 410, 390, 370, 350, 330, 310, 290, 270] [83, 175] 11 3
[530, 550, 570, 570, 570, 570, 570, 570, 570, 570, 570] [450, 450, 450, 430, 410, 390, 370, 350, 330, 310, 290] [83, 175] 11 3
[510, 530, 550, 570, 570, 570, 570, 570, 570, 570, 570] [450, 450, 450, 450, 430, 410, 390, 370, 350, 330, 310] [83, 175] 11 3
[490, 510, 530, 550, 570, 570, 570, 570, 570, 570, 570] [450, 450, 450, 450, 450, 430, 410, 390, 370, 350, 330] [83, 175] 11 3
[470, 490, 510, 530, 550, 570, 570, 570, 570, 570, 570] [450, 450, 450, 450, 450, 450, 430, 410, 390, 370, 350] [83, 175] 11 3
[450, 470, 490, 510, 530, 550, 570, 570, 570, 570, 570] [450, 450, 450, 450, 450, 450, 450, 430, 410, 390, 370] [83, 175] 11 3
[430, 450, 470, 490, 510, 530, 550, 570, 570, 570, 570] [450, 450, 450, 450, 450, 450, 450, 450, 430, 410, 390] [83, 175] 11 3
[410, 430, 450, 470, 490, 510, 530, 550, 570, 570, 570] [450, 450, 450, 450, 450, 450, 450, 450, 450, 430, 410] [83, 175] 11 3
[390, 410, 430, 450, 470, 490, 510, 530, 550, 570, 570] [450, 450, 450, 450, 450, 450, 450, 450, 450, 450, 430] [83, 175] 11 3
[370, 390, 410, 430, 450, 470, 490, 510, 530, 550, 570] [450, 450, 450, 450, 450, 450, 450, 450, 450, 450, 450] [83, 175] 11 3
[350, 370, 390, 410, 430, 450, 470, 490, 510, 530, 550] [450, 450, 450, 450, 450, 450, 450, 450, 450, 450, 450] [83, 175] 11 3
[330, 350, 370, 390, 410, 430, 450, 470, 490, 510, 530] [450, 450, 450, 450, 450, 450, 450, 450, 450, 450, 450] [83, 175] 11 3
[310, 330, 350, 370, 390, 410, 430, 450, 470, 490, 510] [450, 450, 450, 450, 450, 450, 450, 450, 450, 450, 450] [83, 175] 11 3
[290, 310, 330, 350, 370, 390, 410, 430, 450, 470, 490] [450, 450, 450, 450, 450, 450, 450, 450, 450, 450, 450] [83, 175] 11 3
[270, 290, 310, 330, 350, 370, 390, 410, 430, 450, 470] [450, 450, 450, 450, 450, 450, 450, 450, 450, 450, 450] [83, 175] 11 3
[250, 270, 290, 310, 330, 350, 370, 390, 410, 430, 450] [450, 450, 450, 450, 450, 450, 450, 450, 450, 450, 450] [83, 175] 11 3
[230, 250, 270, 290, 310, 330, 350, 370, 390, 410, 430] [450, 450, 450, 450, 450, 450, 450, 450, 450, 450, 450] [83, 175] 11 3
[210, 230, 250, 270, 290, 310, 330, 350, 370, 390, 410] [450, 450, 450, 450, 450, 450, 450, 450, 450, 450, 450] [83, 175] 11 3
[190, 210, 230, 250, 270, 290, 310, 330, 350, 370, 390] [450, 450, 450, 450, 450, 450, 450, 450, 450, 450, 450] [83, 175] 11 3
[170, 190, 210, 230, 250, 270, 290, 310, 330, 350, 370] [450, 450, 450, 450, 450, 450, 450, 450, 450, 450, 450] [83, 175] 11 3
[150, 170, 190, 210, 230, 250, 270, 290, 310, 330, 350] [450, 450, 450, 450, 450, 450, 450, 450, 450, 450, 450] [83, 175] 11 3
[130, 150, 170, 190, 210, 230, 250, 270, 290, 310, 330] [450, 450, 450, 450, 450, 450, 450, 450, 450, 450, 450] [83, 175] 11 3
[110, 130, 150, 170, 190, 210, 230, 250, 270, 290, 310] [450, 450, 450, 450, 450, 450, 450, 450, 450, 450, 450] [83, 175] 11 3
[90, 110, 130, 150, 170, 190, 210, 230, 250, 270, 290] [450, 450, 450, 450, 450, 450, 450, 450, 450, 450, 450] [83, 175] 11 3
[70, 90, 110, 130, 150, 170, 190, 210, 230, 250, 270] [450, 450, 450, 450, 450, 450, 450, 450, 450, 450, 450] [83, 175] 11 3
[50, 70, 90, 110, 130, 150, 170, 190, 210, 230, 250] [450, 450, 450, 450, 450, 450, 450, 450, 450, 450, 450] [83, 175] 11 3
[50, 50, 70, 90, 110, 130, 150, 170, 190, 210, 230] [430, 450, 450, 450, 450, 450, 450, 450, 450, 450, 450] [83, 175] 11 2
[50, 50, 50, 70, 90, 110, 130, 150, 170, 190, 210] [410, 430, 450, 450, 450, 450, 450, 450, 450, 450, 450] [83, 175] 11 2
[50, 50, 50, 50, 70, 90, 110, 130, 150, 170, 190] [390, 410, 430, 450, 450, 450, 450, 450, 450, 450, 450] [83, 175] 11 2
[50, 50, 50, 50, 50, 70, 90, 110, 130, 150, 170] [370, 390, 410, 430, 450, 450, 450, 450, 450, 450, 450] [83, 175] 11 2
[50, 50, 50, 50, 50, 50, 70, 90, 110, 130, 150] [350, 370, 390, 410, 430, 450, 450, 450, 450, 450, 450] [83, 175] 11 2
[50, 50, 50, 50, 50, 50, 50, 70, 90, 110, 130] [330, 350, 370, 390, 410, 430, 450, 450, 450, 450, 450] [83, 175] 11 2
[50, 50, 50, 50, 50, 50, 50, 50, 70, 90, 110] [310, 330, 350, 370, 390, 410, 430, 450, 450, 450, 450] [83, 175] 11 2
[50, 50, 50, 50, 50, 50, 50, 50, 50, 70, 90] [290, 310, 330, 350, 370, 390, 410, 430, 450, 450, 450] [83, 175] 11 2
[50, 50, 50, 50, 50, 50, 50, 50, 50, 50, 70] [270, 290, 310, 330, 350, 370, 390, 410, 430, 450, 450] [83, 175] 11 2
[50, 50, 50, 50, 50, 50, 50, 50, 50, 50, 50] [250, 270, 290, 310, 330, 350, 370, 390, 410, 430, 450] [83, 175] 11 2
[50, 50, 50, 50, 50, 50, 50, 50, 50, 50, 50] [230, 250, 270, 290, 310, 330, 350, 370, 390, 410, 430] [83, 175] 11 2
[50, 50, 50, 50, 50, 50, 50, 50, 50, 50, 50] [210, 230, 250, 270, 290, 310, 330, 350, 370, 390, 410] [83, 175] 11 2
[50, 50, 50, 50, 50, 50, 50, 50, 50, 50, 50] [190, 210, 230, 250, 270, 290, 310, 330, 350, 370, 390] [83, 175] 11 2
[50, 50, 50, 50, 50, 50, 50, 50, 50, 50, 50] [170, 190, 210, 230, 250, 270, 290, 310, 330, 350, 370] [83, 175] 11 2
[70, 50, 50, 50, 50, 50, 50, 50, 50, 50, 50] [170, 170, 190, 210, 230, 250, 270, 290, 310, 330, 350] [83, 175] 11 1
[90, 70, 50, 50, 50, 50, 50, 50, 50, 50, 50, 50] [170, 170, 170, 190, 210, 230, 250, 270, 290, 310, 330, 350] [430, 12] 12 1
[110, 90, 70, 50, 50, 50, 50, 50, 50, 50, 50, 50] [170, 170, 170, 170, 190, 210, 230, 250, 270, 290, 310, 330] [430, 12] 12 1
[130, 110, 90, 70, 50, 50, 50, 50, 50, 50, 50, 50] [170, 170, 170, 170, 170, 190, 210, 230, 250, 270, 290, 310] [430, 12] 12 1
[150, 130, 110, 90, 70, 50, 50, 50, 50, 50, 50, 50] [170, 170, 170, 170, 170, 170, 190, 210, 230, 250, 270, 290] [430, 12] 12 1
[170, 150, 130, 110, 90, 70, 50, 50, 50, 50, 50, 50] [170, 170, 170, 170, 170, 170, 170, 190, 210, 230, 250, 270] [430, 12] 12 1
[190, 170, 150, 130, 110, 90, 70, 50, 50, 50, 50, 50] [170, 170, 170, 170, 170, 170, 170, 170, 190, 210, 230, 250] [430, 12] 12 1
[210, 190, 170, 150, 130, 110, 90, 70, 50, 50, 50, 50] [170, 170, 170, 170, 170, 170, 170, 170, 170, 190, 210, 230] [430, 12] 12 1
[230, 210, 190, 170, 150, 130, 110, 90, 70, 50, 50, 50] [170, 170, 170, 170, 170, 170, 170, 170, 170, 170, 190, 210] [430, 12] 12 1
[250, 230, 210, 190, 170, 150, 130, 110, 90, 70, 50, 50] [170, 170, 170, 170, 170, 170, 170, 170, 170, 170, 170, 190] [430, 12] 12 1
[270, 250, 230, 210, 190, 170, 150, 130, 110, 90, 70, 50] [170, 170, 170, 170, 170, 170, 170, 170, 170, 170, 170, 170] [430, 12] 12 1
[290, 270, 250, 230, 210, 190, 170, 150, 130, 110, 90, 70] [170, 170, 170, 170, 170, 170, 170, 170, 170, 170, 170, 170] [430, 12] 12 1
[310, 290, 270, 250, 230, 210, 190, 170, 150, 130, 110, 90] [170, 170, 170, 170, 170, 170, 170, 170, 170, 170, 170, 170] [430, 12] 12 1
[330, 310, 290, 270, 250, 230, 210, 190, 170, 150, 130, 110] [170, 170, 170, 170, 170, 170, 170, 170, 170, 170, 170, 170] [430, 12] 12 1
[350, 330, 310, 290, 270, 250, 230, 210, 190, 170, 150, 130] [170, 170, 170, 170, 170, 170, 170, 170, 170, 170, 170, 170] [430, 12] 12 1
[370, 350, 330, 310, 290, 270, 250, 230, 210, 190, 170, 150] [170, 170, 170, 170, 170, 170, 170, 170, 170, 170, 170, 170] [430, 12] 12 1
[390, 370, 350, 330, 310, 290, 270, 250, 230, 210, 190, 170] [170, 170, 170, 170, 170, 170, 170, 170, 170, 170, 170, 170] [430, 12] 12 1
[410, 390, 370, 350, 330, 310, 290, 270, 250, 230, 210, 190] [170, 170, 170, 170, 170, 170, 170, 170, 170, 170, 170, 170] [430, 12] 12 1
[430, 410, 390, 370, 350, 330, 310, 290, 270, 250, 230, 210] [170, 170, 170, 170, 170, 170, 170, 170, 170, 170, 170, 170] [430, 12] 12 1
[450, 430, 410, 390, 370, 350, 330, 310, 290, 270, 250, 230] [170, 170, 170, 170, 170, 170, 170, 170, 170, 170, 170, 170] [430, 12] 12 1
[470, 450, 430, 410, 390, 370, 350, 330, 310, 290, 270, 250] [170, 170, 170, 170, 170, 170, 170, 170, 170, 170, 170, 170] [430, 12] 12 1
[490, 470, 450, 430, 410, 390, 370, 350, 330, 310, 290, 270] [170, 170, 170, 170, 170, 170, 170, 170, 170, 170, 170, 170] [430, 12] 12 1
[510, 490, 470, 450, 430, 410, 390, 370, 350, 330, 310, 290] [170, 170, 170, 170, 170, 170, 170, 170, 170, 170, 170, 170] [430, 12] 12 1
[530, 510, 490, 470, 450, 430, 410, 390, 370, 350, 330, 310] [170, 170, 170, 170, 170, 170, 170, 170, 170, 170, 170, 170] [430, 12] 12 1
[530, 530, 510, 490, 470, 450, 430, 410, 390, 370, 350, 330] [150, 170, 170, 170, 170, 170, 170, 170, 170, 170, 170, 170] [430, 12] 12 2
[530, 530, 530, 510, 490, 470, 450, 430, 410, 390, 370, 350] [130, 150, 170, 170, 170, 170, 170, 170, 170, 170, 170, 170] [430, 12] 12 2
[530, 530, 530, 530, 510, 490, 470, 450, 430, 410, 390, 370] [110, 130, 150, 170, 170, 170, 170, 170, 170, 170, 170, 170] [430, 12] 12 2
[530, 530, 530, 530, 530, 510, 490, 470, 450, 430, 410, 390] [90, 110, 130, 150, 170, 170, 170, 170, 170, 170, 170, 170] [430, 12] 12 2
[530, 530, 530, 530, 530, 530, 510, 490, 470, 450, 430, 410] [70, 90, 110, 130, 150, 170, 170, 170, 170, 170, 170, 170] [430, 12] 12 2
[530, 530, 530, 530, 530, 530, 530, 510, 490, 470, 450, 430] [50, 70, 90, 110, 130, 150, 170, 170, 170, 170, 170, 170] [430, 12] 12 2
[530, 530, 530, 530, 530, 530, 530, 530, 510, 490, 470, 450] [30, 50, 70, 90, 110, 130, 150, 170, 170, 170, 170, 170] [430, 12] 12 2
[530, 530, 530, 530, 530, 530, 530, 530, 530, 510, 490, 470] [10, 30, 50, 70, 90, 110, 130, 150, 170, 170, 170, 170] [430, 12] 12 2
[510, 530, 530, 530, 530, 530, 530, 530, 530, 530, 510, 490] [10, 10, 30, 50, 70, 90, 110, 130, 150, 170, 170, 170] [430, 12] 12 3
[490, 510, 530, 530, 530, 530, 530, 530, 530, 530, 530, 510] [10, 10, 10, 30, 50, 70, 90, 110, 130, 150, 170, 170] [430, 12] 12 3
[470, 490, 510, 530, 530, 530, 530, 530, 530, 530, 530, 530] [10, 10, 10, 10, 30, 50, 70, 90, 110, 130, 150, 170] [430, 12] 12 3
[450, 470, 490, 510, 530, 530, 530, 530, 530, 530, 530, 530] [10, 10, 10, 10, 10, 30, 50, 70, 90, 110, 130, 150] [430, 12] 12 3
[430, 450, 470, 490, 510, 530, 530, 530, 530, 530, 530, 530] [10, 10, 10, 10, 10, 10, 30, 50, 70, 90, 110, 130] [430, 12] 12 3
[410, 430, 450, 470, 490, 510, 530, 530, 530, 530, 530, 530, 530] [10, 10, 10, 10, 10, 10, 10, 30, 50, 70, 90, 110, 130] [513, 237] 13 3
