[290, 290, 290, 290, 290] [290, 270, 250, 230, 210] [32, 475] 5 0
[290, 290, 290, 290, 290] [310, 290, 270, 250, 230] [32, 475] 5 0
[290, 290, 290, 290, 290] [330, 310, 290, 270, 250] [32, 475] 5 0
[290, 290, 290, 290, 290] [350, 330, 310, 290, 270] [32, 475] 5 0
[290, 290, 290, 290, 290] [370, 350, 330, 310, 290] [32, 475] 5 0
[290, 290, 290, 290, 290] [390, 370, 350, 330, 310] [32, 475] 5 0
[290, 290, 290, 290, 290] [410, 390, 370, 350, 330] [32, 475] 5 0
[290, 290, 290, 290, 290] [430, 410, 390, 370, 350] [32, 475] 5 0
[290, 290, 290, 290, 290] [450, 430, 410, 390, 370] [32, 475] 5 0
[290, 290, 290, 290, 290] [470, 450, 430, 410, 390] [32, 475] 5 0
[270, 290, 290, 290, 290] [470, 470, 450, 430, 410] [32, 475] 5 3
[250, 270, 290, 290, 290] [470, 470, 470, 450, 430] [32, 475] 5 3
[230, 250, 270, 290, 290] [470, 470, 470, 470, 450] [32, 475] 5 3
[210, 230, 250, 270, 290] [470, 470, 470, 470, 470] [32, 475] 5 3
[190, 210, 230, 250, 270] [470, 470, 470, 470, 470] [32, 475] 5 3
[170, 190, 210, 230, 250] [470, 470, 470, 470, 470] [32, 475] 5 3
[150, 170, 190, 210, 230] [470, 470, 470, 470, 470] [32, 475] 5 3
[130, 150, 170, 190, 210] [470, 470, 470, 470, 470] [32, 475] 5 3
[110, 130, 150, 170, 190] [470, 470, 470, 470, 470] [32, 475] 5 3
[90, 110, 130, 150, 170] [470, 470, 470, 470, 470] [32, 475] 5 3
[70, 90, 110, 130, 150] [470, 470, 470, 470, 470] [32, 475] 5 3
[50, 70, 90, 110, 130] [470, 470, 470, 470, 470] [32, 475] 5 3
[30, 50, 70, 90, 110] [470, 470, 470, 470, 470] [32, 475] 5 3
[10, 30, 50, 70, 90, 110] [470, 470, 470, 470, 470, 470] [76, 586] 6 3
[10, 10, 30, 50, 70, 90] [450, 470, 470, 470, 470, 470] [76, 586] 6 2
[30, 10, 10, 30, 50, 70] [450, 450, 470, 470, 470, 470] [76, 586] 6 1
[50, 30, 10, 10, 30, 50] [450, 450, 450, 470, 470, 470] [76, 586] 6 1
[70, 50, 30, 10, 10, 30] [450, 450, 450, 450, 470, 470] [76, 586] 6 1
[70, 70, 50, 30, 10, 10] [470, 450, 450, 450, 450, 470] [76, 586] 6 0
[70, 70, 70, 50, 30, 10] [490, 470, 450, 450, 450, 450] [76, 586] 6 0
[70, 70, 70, 70, 50, 30] [510, 490, 470, 450, 450, 450] [76, 586] 6 0
[70, 70, 70, 70, 70, 50] [530, 510, 490, 470, 450, 450] [76, 586] 6 0
[70, 70, 70, 70, 70, 70] [550, 530, 510, 490, 470, 450] [76, 586] 6 0
[70, 70, 70, 70, 70, 70] [570, 550, 530, 510, 490, 470] [76, 586] 6 0
