[310, 290, 290, 290, 290] [290, 290, 270, 250, 230] [472, 452] 5 1
[330, 310, 290, 290, 290] [290, 290, 290, 270, 250] [472, 452] 5 1
[350, 330, 310, 290, 290] [290, 290, 290, 290, 270] [472, 452] 5 1
[370, 350, 330, 310, 290] [290, 290, 290, 290, 290] [472, 452] 5 1
[390, 370, 350, 330, 310] [290, 290, 290, 290, 290] [472, 452] 5 1
[410, 390, 370, 350, 330] [290, 290, 290, 290, 290] [472, 452] 5 1
[430, 410, 390, 370, 350] [290, 290, 290, 290, 290] [472, 452] 5 1
[450, 430, 410, 390, 370] [290, 290, 290, 290, 290] [472, 452] 5 1
[470, 450, 430, 410, 390] [290, 290, 290, 290, 290] [472, 452] 5 1
[470, 470, 450, 430, 410] [310, 290, 290, 290, 290] [472, 452] 5 0
[470, 470, 470, 450, 430] [330, 310, 290, 290, 290] [472, 452] 5 0
[470, 470, 470, 470, 450] [350, 330, 310, 290, 290] [472, 452] 5 0
[470, 470, 470, 470, 470] [370, 350, 330, 310, 290] [472, 452] 5 0
[470, 470, 470, 470, 470] [390, 370, 350, 330, 310] [472, 452] 5 0
[470, 470, 470, 470, 470] [410, 390, 370, 350, 330] [472, 452] 5 0
[470, 470, 470, 470, 470] [430, 410, 390, 370, 350] [472, 452] 5 0
[470, 470, 470, 470, 470] [450, 430, 410, 390, 370] [472, 452] 5 0
[470, 470, 470, 470, 470, 470] [470, 450, 430, 410, 390, 370] [105, 435] 6 0
[470, 470, 470, 470, 470, 470] [490, 470, 450, 430, 410, 390] [105, 435] 6 0
[470, 470, 470, 470, 470, 470] [510, 490, 470, 450, 430, 410] [105, 435] 6 0
[450, 470, 470, 470, 470, 470] [510, 510, 490, 470, 450, 430] [105, 435] 6 3
[430, 450, 470, 470, 470, 470] [510, 510, 510, 490, 470, 450] [105, 435] 6 3
[410, 430, 450, 470, 470, 470] [510, 510, 510, 510, 490, 470] [105, 435] 6 3
[390, 410, 430, 450, 470, 470] [510, 510, 510, 510, 510, 490] [105, 435] 6 3
[370, 390, 410, 430, 450, 470] [510, 510, 510, 510, 510, 510] [105, 435] 6 3
[350, 370, 390, 410, 430, 450] [510, 510, 510, 510, 510, 510] [105, 435] 6 3
[330, 350, 370, 390, 410, 430] [510, 510, 510, 510, 510, 510] [105, 435] 6 3
[310, 330, 350, 370, 390, 410] [510, 510, 510, 510, 510, 510] [105, 435] 6 3
[290, 310, 330, 350, 370, 390] [510, 510, 510, 510, 510, 510] [105, 435] 6 3
[270, 290, 310, 330, 350, 370] [510, 510, 510, 510, 510, 510] [105, 435] 6 3
[250, 270, 290, 310, 330, 350] [510, 510, 510, 510, 510, 510] [105, 435] 6 3
[230, 250, 270, 290, 310, 330] [510, 510, 510, 510, 510, 510] [105, 435] 6 3
[210, 230, 250, 270, 290, 310] [510, 510, 510, 510, 510, 510] [105, 435] 6 3
[190, 210, 230, 250, 270, 290] [510, 510, 510, 510, 510, 510] [105, 435] 6 3
[170, 190, 210, 230, 250, 270] [510, 510, 510, 510, 510, 510] [105, 435] 6 3
[150, 170, 190, 210, 230, 250] [510, 510, 510, 510, 510, 510] [105, 435] 6 3
[130, 150, 170, 190, 210, 230] [510, 510, 510, 510, 510, 510] [105, 435] 6 3
[110, 130, 150, 170, 190, 210] [510, 510, 510, 510, 510, 510] [105, 435] 6 3
[90, 110, 130, 150, 170, 190] [510, 510, 510, 510, 510, 510] [105, 435] 6 3
[90, 90, 110, 130, 150, 170] [490, 510, 510, 510, 510, 510] [105, 435] 6 2
[90, 90, 90, 110, 130, 150] [470, 490, 510, 510, 510, 510] [105, 435] 6 2
[90, 90, 90, 90, 110, 130] [450, 470, 490, 510, 510, 510] [105, 435] 6 2
[90, 90, 90, 90, 90, 110] [430, 450, 470, 490, 510, 510] [105, 435] 6 2
[90, 90, 90, 90, 90, 90, 110] [410, 430, 450, 470, 490, 510, 510] [515, 490] 7 2
