[310, 290, 290, 290, 290] [290, 290, 270, 250, 230] [451, 363] 5 1
[330, 310, 290, 290, 290] [290, 290, 290, 270, 250] [451, 363] 5 1
[350, 330, 310, 290, 290] [290, 290, 290, 290, 270] [451, 363] 5 1
[370, 350, 330, 310, 290] [290, 290, 290, 290, 290] [451, 363] 5 1
[390, 370, 350, 330, 310] [290, 290, 290, 290, 290] [451, 363] 5 1
[410, 390, 370, 350, 330] [290, 290, 290, 290, 290] [451, 363] 5 1
[430, 410, 390, 370, 350] [290, 290, 290, 290, 290] [451, 363] 5 1
[430, 430, 410, 390, 370] [310, 290, 290, 290, 290] [451, 363] 5 0
[430, 430, 430, 410, 390] [330, 310, 290, 290, 290] [451, 363] 5 0
[430, 430, 430, 430, 410] [350, 330, 310, 290, 290] [451, 363] 5 0
[450, 430, 430, 430, 430] [350, 350, 330, 310, 290] [451, 363] 5 1
[470, 450, 430, 430, 430, 430] [350, 350, 350, 330, 310, 290] [510, 122] 6 1
