[290, 290, 290, 290, 290] [290, 270, 250, 230, 210] [274, 149] 5 0
[290, 290, 290, 290, 290] [310, 290, 270, 250, 230] [274, 149] 5 0
[290, 290, 290, 290, 290] [330, 310, 290, 270, 250] [274, 149] 5 0
[270, 290, 290, 290, 290] [330, 330, 310, 290, 270] [274, 149] 5 3
[270, 270, 290, 290, 290] [310, 330, 330, 310, 290] [274, 149] 5 2
[270, 270, 270, 290, 290] [290, 310, 330, 330, 310] [274, 149] 5 2
[270, 270, 270, 270, 290] [270, 290, 310, 330, 330] [274, 149] 5 2
[270, 270, 270, 270, 270] [250, 270, 290, 310, 330] [274, 149] 5 2
[270, 270, 270, 270, 270] [230, 250, 270, 290, 310] [274, 149] 5 2
[270, 270, 270, 270, 270] [210, 230, 250, 270, 290] [274, 149] 5 2
[270, 270, 270, 270, 270] [190, 210, 230, 250, 270] [274, 149] 5 2
[270, 270, 270, 270, 270] [170, 190, 210, 230, 250] [274, 149] 5 2
[270, 270, 270, 270, 270] [150, 170, 190, 210, 230] [274, 149] 5 2
[270, 270, 270, 270, 270, 270] [130, 150, 170, 190, 210, 230] [252, 290] 6 2
[250, 270, 270, 270, 270, 270] [130, 130, 150, 170, 190, 210] [252, 290] 6 3
[250, 250, 270, 270, 270, 270] [150, 130, 130, 150, 170, 190] [252, 290] 6 0
[250, 250, 250, 270, 270, 270] [170, 150, 130, 130, 150, 170] [252, 290] 6 0
[250, 250, 250, 250, 270, 270] [190, 170, 150, 130, 130, 150] [252, 290] 6 0
[250, 250, 250, 250, 250, 270] [210, 190, 170, 150, 130, 130] [252, 290] 6 0
[250, 250, 250, 250, 250, 250] [230, 210, 190, 170, 150, 130] [252, 290] 6 0
[250, 250, 250, 250, 250, 250] [250, 230, 210, 190, 170, 150] [252, 290] 6 0
[250, 250, 250, 250, 250, 250] [270, 250, 230, 210, 190, 170] [252, 290] 6 0
[250, 250, 250, 250, 250, 250] [290, 270, 250, 230, 210, 190] [252, 290] 6 0
[270, 250, 250, 250, 250, 250, 250] [290, 290, 270, 250, 230, 210, 190] [407, 412] 7 1
[290, 270, 250, 250, 250, 250, 250] [290, 290, 290, 270, 250, 230, 210] [407, 412] 7 1
[310, 290, 270, 250, 250, 250, 250] [290, 290, 290, 290, 270, 250, 230] [407, 412] 7 1
[330, 310, 290, 270, 250, 250, 250] [290, 290, 290, 290, 290, 270, 250] [407, 412] 7 1
[350, 330, 310, 290, 270, 250, 250] [290, 290, 290, 290, 290, 290, 270] [407, 412] 7 1
[370, 350, 330, 310, 290, 270, 250] [290, 290, 290, 290, 290, 290, 290] [407, 412] 7 1
[390, 370, 350, 330, 310, 290, 270] [290, 290, 290, 290, 290, 290, 290] [407, 412] 7 1
[390, 390, 370, 350, 330, 310, 290] [310, 290, 290, 290, 290, 290, 290] [407, 412] 7 0
[390, 390, 390, 370, 350, 330, 310] [330, 310, 290, 290, 290, 290, 290] [407, 412] 7 0
[390, 390, 390, 390, 370, 350, 330] [350, 330, 310, 290, 290, 290, 290] [407, 412] 7 0
[390, 390, 390, 390, 390, 370, 350] [370, 350, 330, 310, 290, 290, 290] [407, 412] 7 0
[390, 390, 390, 390, 390, 390, 370] [390, 370, 350, 330, 310, 290, 290] [407, 412] 7 0
[390, 390, 390, 390, 390, 390, 390] [410, 390, 370, 350, 330, 310, 290] [407, 412] 7 0
[390, 390, 390, 390, 390, 390, 390, 390] [430, 410, 390, 370, 350, 330, 310, 290] [91, 94] 8 0
[370, 390, 390, 390, 390, 390, 390, 390] [430, 430, 410, 390, 370, 350, 330, 310] [91, 94] 8 3
[350, 370, 390, 390, 390, 390, 390, 390] [430, 430, 430, 410, 390, 370, 350, 330] [91, 94] 8 3
[330, 350, 370, 390, 390, 390, 390, 390] [430, 430, 430, 430, 410, 390, 370, 350] [91, 94] 8 3
[310, 330, 350, 370, 390, 390, 390, 390] [430, 430, 430, 430, 430, 410, 390, 370] [91, 94] 8 3
[290, 310, 330, 350, 370, 390, 390, 390] [430, 430, 430, 430, 430, 430, 410, 390] [91, 94] 8 3
[270, 290, 310, 330, 350, 370, 390, 390] [430, 430, 430, 430, 430, 430, 430, 410] [91, 94] 8 3
[250, 270, 290, 310, 330, 350, 370, 390] [430, 430, 430, 430, 430, 430, 430, 430] [91, 94] 8 3
[230, 250, 270, 290, 310, 330, 350, 370] [430, 430, 430, 430, 430, 430, 430, 430] [91, 94] 8 3
[210, 230, 250, 270, 290, 310, 330, 350] [430, 430, 430, 430, 430, 430, 430, 430] [91, 94] 8 3
[190, 210, 230, 250, 270, 290, 310, 330] [430, 430, 430, 430, 430, 430, 430, 430] [91, 94] 8 3
[170, 190, 210, 230, 250, 270, 290, 310] [430, 430, 430, 430, 430, 430, 430, 430] [91, 94] 8 3
[150, 170, 190, 210, 230, 250, 270, 290] [430, 430, 430, 430, 430, 430, 430, 430] [91, 94] 8 3
[130, 150, 170, 190, 210, 230, 250, 270] [430, 430, 430, 430, 430, 430, 430, 430] [91, 94] 8 3
[110, 130, 150, 170, 190, 210, 230, 250] [430, 430, 430, 430, 430, 430, 430, 430] [91, 94] 8 3
[90, 110, 130, 150, 170, 190, 210, 230] [430, 430, 430, 430, 430, 430, 430, 430] [91, 94] 8 3
[70, 90, 110, 130, 150, 170, 190, 210] [430, 430, 430, 430, 430, 430, 430, 430] [91, 94] 8 3
[70, 70, 90, 110, 130, 150, 170, 190] [410, 430, 430, 430, 430, 430, 430, 430] [91, 94] 8 2
[70, 70, 70, 90, 110, 130, 150, 170] [390, 410, 430, 430, 430, 430, 430, 430] [91, 94] 8 2
[70, 70, 70, 70, 90, 110, 130, 150] [370, 390, 410, 430, 430, 430, 430, 430] [91, 94] 8 2
[70, 70, 70, 70, 70, 90, 110, 130] [350, 370, 390, 410, 430, 430, 430, 430] [91, 94] 8 2
[70, 70, 70, 70, 70, 70, 90, 110] [330, 350, 370, 390, 410, 430, 430, 430] [91, 94] 8 2
[70, 70, 70, 70, 70, 70, 70, 90] [310, 330, 350, 370, 390, 410, 430, 430] [91, 94] 8 2
[70, 70, 70, 70, 70, 70, 70, 70] [290, 310, 330, 350, 370, 390, 410, 430] [91, 94] 8 2
[70, 70, 70, 70, 70, 70, 70, 70] [270, 290, 310, 330, 350, 370, 390, 410] [91, 94] 8 2
[70, 70, 70, 70, 70, 70, 70, 70] [250, 270, 290, 310, 330, 350, 370, 390] [91, 94] 8 2
[70, 70, 70, 70, 70, 70, 70, 70] [230, 250, 270, 290, 310, 330, 350, 370] [91, 94] 8 2
[70, 70, 70, 70, 70, 70, 70, 70] [210, 230, 250, 270, 290, 310, 330, 350] [91, 94] 8 2
[70, 70, 70, 70, 70, 70, 70, 70] [190, 210, 230, 250, 270, 290, 310, 330] [91, 94] 8 2
[70, 70, 70, 70, 70, 70, 70, 70] [170, 190, 210, 230, 250, 270, 290, 310] [91, 94] 8 2
[70, 70, 70, 70, 70, 70, 70, 70] [150, 170, 190, 210, 230, 250, 270, 290] [91, 94] 8 2
[70, 70, 70, 70, 70, 70, 70, 70] [130, 150, 170, 190, 210, 230, 250, 270] [91, 94] 8 2
[70, 70, 70, 70, 70, 70, 70, 70] [110, 130, 150, 170, 190, 210, 230, 250] [91, 94] 8 2
[70, 70, 70, 70, 70, 70, 70, 70] [90, 110, 130, 150, 170, 190, 210, 230] [91, 94] 8 2
[90, 70, 70, 70, 70, 70, 70, 70] [90, 90, 110, 130, 150, 170, 190, 210] [91, 94] 8 1
[110, 90, 70, 70, 70, 70, 70, 70, 70] [90, 90, 90, 110, 130, 150, 170, 190, 210] [67, 485] 9 1
[110, 110, 90, 70, 70, 70, 70, 70, 70] [110, 90, 90, 90, 110, 130, 150, 170, 190] [67, 485] 9 0
[110, 110, 110, 90, 70, 70, 70, 70, 70] [130, 110, 90, 90, 90, 110, 130, 150, 170] [67, 485] 9 0
[110, 110, 110, 110, 90, 70, 70, 70, 70] [150, 130, 110, 90, 90, 90, 110, 130, 150] [67, 485] 9 0
[110, 110, 110, 110, 110, 90, 70, 70, 70] [170, 150, 130, 110, 90, 90, 90, 110, 130] [67, 485] 9 0
[110, 110, 110, 110, 110, 110, 90, 70, 70] [190, 170, 150, 130, 110, 90, 90, 90, 110] [67, 485] 9 0
[110, 110, 110, 110, 110, 110, 110, 90, 70] [210, 190, 170, 150, 130, 110, 90, 90, 90] [67, 485] 9 0
[110, 110, 110, 110, 110, 110, 110, 110, 90] [230, 210, 190, 170, 150, 130, 110, 90, 90] [67, 485] 9 0
[110, 110, 110, 110, 110, 110, 110, 110, 110] [250, 230, 210, 190, 170, 150, 130, 110, 90] [67, 485] 9 0
[110, 110, 110, 110, 110, 110, 110, 110, 110] [270, 250, 230, 210, 190, 170, 150, 130, 110] [67, 485] 9 0
[110, 110, 110, 110, 110, 110, 110, 110, 110] [290, 270, 250, 230, 210, 190, 170, 150, 130] [67, 485] 9 0
[110, 110, 110, 110, 110, 110, 110, 110, 110] [310, 290, 270, 250, 230, 210, 190, 170, 150] [67, 485] 9 0
[110, 110, 110, 110, 110, 110, 110, 110, 110] [330, 310, 290, 270, 250, 230, 210, 190, 170] [67, 485] 9 0
[110, 110, 110, 110, 110, 110, 110, 110, 110] [350, 330, 310, 290, 270, 250, 230, 210, 190] [67, 485] 9 0
[110, 110, 110, 110, 110, 110, 110, 110, 110] [370, 350, 330, 310, 290, 270, 250, 230, 210] [67, 485] 9 0
[110, 110, 110, 110, 110, 110, 110, 110, 110] [390, 370, 350, 330, 310, 290, 270, 250, 230] [67, 485] 9 0
[110, 110, 110, 110, 110, 110, 110, 110, 110] [410, 390, 370, 350, 330, 310, 290, 270, 250] [67, 485] 9 0
[90, 110, 110, 110, 110, 110, 110, 110, 110] [410, 410, 390, 370, 350, 330, 310, 290, 270] [67, 485] 9 3
[70, 90, 110, 110, 110, 110, 110, 110, 110] [410, 410, 410, 390, 370, 350, 330, 310, 290] [67, 485] 9 3
[70, 70, 90, 110, 110, 110, 110, 110, 110] [430, 410, 410, 410, 390, 370, 350, 330, 310] [67, 485] 9 0
[70, 70, 70, 90, 110, 110, 110, 110, 110] [450, 430, 410, 410, 410, 390, 370, 350, 330] [67, 485] 9 0
[70, 70, 70, 70, 90, 110, 110, 110, 110] [470, 450, 430, 410, 410, 410, 390, 370, 350] [67, 485] 9 0
[70, 70, 70, 70, 70, 90, 110, 110, 110, 110] [490, 470, 450, 430, 410, 410, 410, 390, 370, 350] [400, 374] 10 0
[90, 70, 70, 70, 70, 70, 90, 110, 110, 110] [490, 490, 470, 450, 430, 410, 410, 410, 390, 370] [400, 374] 10 1
[110, 90, 70, 70, 70, 70, 70, 90, 110, 110] [490, 490, 490, 470, 450, 430, 410, 410, 410, 390] [400, 374] 10 1
[130, 110, 90, 70, 70, 70, 70, 70, 90, 110] [490, 490, 490, 490, 470, 450, 430, 410, 410, 410] [400, 374] 10 1
[150, 130, 110, 90, 70, 70, 70, 70, 70, 90] [490, 490, 490, 490, 490, 470, 450, 430, 410, 410] [400, 374] 10 1
[170, 150, 130, 110, 90, 70, 70, 70, 70, 70] [490, 490, 490, 490, 490, 490, 470, 450, 430, 410] [400, 374] 10 1
[190, 170, 150, 130, 110, 90, 70, 70, 70, 70] [490, 490, 490, 490, 490, 490, 490, 470, 450, 430] [400, 374] 10 1
[210, 190, 170, 150, 130, 110, 90, 70, 70, 70] [490, 490, 490, 490, 490, 490, 490, 490, 470, 450] [400, 374] 10 1
[230, 210, 190, 170, 150, 130, 110, 90, 70, 70] [490, 490, 490, 490, 490, 490, 490, 490, 490, 470] [400, 374] 10 1
[250, 230, 210, 190, 170, 150, 130, 110, 90, 70] [490, 490, 490, 490, 490, 490, 490, 490, 490, 490] [400, 374] 10 1
[270, 250, 230, 210, 190, 170, 150, 130, 110, 90] [490, 490, 490, 490, 490, 490, 490, 490, 490, 490] [400, 374] 10 1
[290, 270, 250, 230, 210, 190, 170, 150, 130, 110] [490, 490, 490, 490, 490, 490, 490, 490, 490, 490] [400, 374] 10 1
[310, 290, 270, 250, 230, 210, 190, 170, 150, 130] [490, 490, 490, 490, 490, 490, 490, 490, 490, 490] [400, 374] 10 1
[330, 310, 290, 270, 250, 230, 210, 190, 170, 150] [490, 490, 490, 490, 490, 490, 490, 490, 490, 490] [400, 374] 10 1
[350, 330, 310, 290, 270, 250, 230, 210, 190, 170] [490, 490, 490, 490, 490, 490, 490, 490, 490, 490] [400, 374] 10 1
[370, 350, 330, 310, 290, 270, 250, 230, 210, 190] [490, 490, 490, 490, 490, 490, 490, 490, 490, 490] [400, 374] 10 1
[390, 370, 350, 330, 310, 290, 270, 250, 230, 210] [490, 490, 490, 490, 490, 490, 490, 490, 490, 490] [400, 374] 10 1
[410, 390, 370, 350, 330, 310, 290, 270, 250, 230] [490, 490, 490, 490, 490, 490, 490, 490, 490, 490] [400, 374] 10 1
[410, 410, 390, 370, 350, 330, 310, 290, 270, 250] [470, 490, 490, 490, 490, 490, 490, 490, 490, 490] [400, 374] 10 2
[410, 410, 410, 390, 370, 350, 330, 310, 290, 270] [450, 470, 490, 490, 490, 490, 490, 490, 490, 490] [400, 374] 10 2
[410, 410, 410, 410, 390, 370, 350, 330, 310, 290] [430, 450, 470, 490, 490, 490, 490, 490, 490, 490] [400, 374] 10 2
[410, 410, 410, 410, 410, 390, 370, 350, 330, 310] [410, 430, 450, 470, 490, 490, 490, 490, 490, 490] [400, 374] 10 2
[410, 410, 410, 410, 410, 410, 390, 370, 350, 330] [390, 410, 430, 450, 470, 490, 490, 490, 490, 490] [400, 374] 10 2
[410, 410, 410, 410, 410, 410, 410, 390, 370, 350] [370, 390, 410, 430, 450, 470, 490, 490, 490, 490] [400, 374] 10 2
[410, 410, 410, 410, 410, 410, 410, 410, 390, 370] [350, 370, 390, 410, 430, 450, 470, 490, 490, 490] [400, 374] 10 2
[390, 410, 410, 410, 410, 410, 410, 410, 410, 390] [350, 350, 370, 390, 410, 430, 450, 470, 490, 490] [400, 374] 10 3
[390, 390, 410, 410, 410, 410, 410, 410, 410, 410] [370, 350, 350, 370, 390, 410, 430, 450, 470, 490] [400, 374] 10 0
[390, 390, 390, 410, 410, 410, 410, 410, 410, 410, 410] [390, 370, 350, 350, 370, 390, 410, 430, 450, 470, 490] [569, 29] 11 0
[370, 390, 390, 390, 410, 410, 410, 410, 410, 410, 410] [390, 390, 370, 350, 350, 370, 390, 410, 430, 450, 470] [569, 29] 11 3
[370, 370, 390, 390, 390, 410, 410, 410, 410, 410, 410] [370, 390, 390, 370, 350, 350, 370, 390, 410, 430, 450] [569, 29] 11 2
[370, 370, 370, 390, 390, 390, 410, 410, 410, 410, 410] [350, 370, 390, 390, 370, 350, 350, 370, 390, 410, 430] [569, 29] 11 2
[370, 370, 370, 370, 390, 390, 390, 410, 410, 410, 410] [330, 350, 370, 390, 390, 370, 350, 350, 370, 390, 410] [569, 29] 11 2
[370, 370, 370, 370, 370, 390, 390, 390, 410, 410, 410] [310, 330, 350, 370, 390, 390, 370, 350, 350, 370, 390] [569, 29] 11 2
[370, 370, 370, 370, 370, 370, 390, 390, 390, 410, 410] [290, 310, 330, 350, 370, 390, 390, 370, 350, 350, 370] [569, 29] 11 2
[370, 370, 370, 370, 370, 370, 370, 390, 390, 390, 410] [270, 290, 310, 330, 350, 370, 390, 390, 370, 350, 350] [569, 29] 11 2
[370, 370, 370, 370, 370, 370, 370, 370, 390, 390, 390] [250, 270, 290, 310, 330, 350, 370, 390, 390, 370, 350] [569, 29] 11 2
[370, 370, 370, 370, 370, 370, 370, 370, 370, 390, 390] [230, 250, 270, 290, 310, 330, 350, 370, 390, 390, 370] [569, 29] 11 2
[370, 370, 370, 370, 370, 370, 370, 370, 370, 370, 390] [210, 230, 250, 270, 290, 310, 330, 350, 370, 390, 390] [569, 29] 11 2
[370, 370, 370, 370, 370, 370, 370, 370, 370, 370, 370] [190, 210, 230, 250, 270, 290, 310, 330, 350, 370, 390] [569, 29] 11 2
[370, 370, 370, 370, 370, 370, 370, 370, 370, 370, 370] [170, 190, 210, 230, 250, 270, 290, 310, 330, 350, 370] [569, 29] 11 2
[370, 370, 370, 370, 370, 370, 370, 370, 370, 370, 370] [150, 170, 190, 210, 230, 250, 270, 290, 310, 330, 350] [569, 29] 11 2
[370, 370, 370, 370, 370, 370, 370, 370, 370, 370, 370] [130, 150, 170, 190, 210, 230, 250, 270, 290, 310, 330] [569, 29] 11 2
[370, 370, 370, 370, 370, 370, 370, 370, 370, 370, 370] [110, 130, 150, 170, 190, 210, 230, 250, 270, 290, 310] [569, 29] 11 2
[370, 370, 370, 370, 370, 370, 370, 370, 370, 370, 370] [90, 110, 130, 150, 170, 190, 210, 230, 250, 270, 290] [569, 29] 11 2
[370, 370, 370, 370, 370, 370, 370, 370, 370, 370, 370] [70, 90, 110, 130, 150, 170, 190, 210, 230, 250, 270] [569, 29] 11 2
[370, 370, 370, 370, 370, 370, 370, 370, 370, 370, 370] [50, 70, 90, 110, 130, 150, 170, 190, 210, 230, 250] [569, 29] 11 2
[370, 370, 370, 370, 370, 370, 370, 370, 370, 370, 370] [30, 50, 70, 90, 110, 130, 150, 170, 190, 210, 230] [569, 29] 11 2
[390, 370, 370, 370, 370, 370, 370, 370, 370, 370, 370] [30, 30, 50, 70, 90, 110, 130, 150, 170, 190, 210] [569, 29] 11 1
[410, 390, 370, 370, 370, 370, 370, 370, 370, 370, 370] [30, 30, 30, 50, 70, 90, 110, 130, 150, 170, 190] [569, 29] 11 1
[430, 410, 390, 370, 370, 370, 370, 370, 370, 370, 370] [30, 30, 30, 30, 50, 70, 90, 110, 130, 150, 170] [569, 29] 11 1
[450, 430, 410, 390, 370, 370, 370, 370, 370, 370, 370] [30, 30, 30, 30, 30, 50, 70, 90, 110, 130, 150] [569, 29] 11 1
[470, 450, 430, 410, 390, 370, 370, 370, 370, 370, 370] [30, 30, 30, 30, 30, 30, 50, 70, 90, 110, 130] [569, 29] 11 1
[490, 470, 450, 430, 410, 390, 370, 370, 370, 370, 370] [30, 30, 30, 30, 30, 30, 30, 50, 70, 90, 110] [569, 29] 11 1
[510, 490, 470, 450, 430, 410, 390, 370, 370, 370, 370] [30, 30, 30, 30, 30, 30, 30, 30, 50, 70, 90] [569, 29] 11 1
[530, 510, 490, 470, 450, 430, 410, 390, 370, 370, 370] [30, 30, 30, 30, 30, 30, 30, 30, 30, 50, 70] [569, 29] 11 1
[550, 530, 510, 490, 470, 450, 430, 410, 390, 370, 370] [30, 30, 30, 30, 30, 30, 30, 30, 30, 30, 50] [569, 29] 11 1
[550, 550, 530, 510, 490, 470, 450, 430, 410, 390, 370, 370] [50, 30, 30, 30, 30, 30, 30, 30, 30, 30, 30, 50] [366, 277] 12 0
[550, 550, 550, 530, 510, 490, 470, 450, 430, 410, 390, 370] [70, 50, 30, 30, 30, 30, 30, 30, 30, 30, 30, 30] [366, 277] 12 0
[550, 550, 550, 550, 530, 510, 490, 470, 450, 430, 410, 390] [90, 70, 50, 30, 30, 30, 30, 30, 30, 30, 30, 30] [366, 277] 12 0
[550, 550, 550, 550, 550, 530, 510, 490, 470, 450, 430, 410] [110, 90, 70, 50, 30, 30, 30, 30, 30, 30, 30, 30] [366, 277] 12 0
[550, 550, 550, 550, 550, 550, 530, 510, 490, 470, 450, 430] [130, 110, 90, 70, 50, 30, 30, 30, 30, 30, 30, 30] [366, 277] 12 0
[550, 550, 550, 550, 550, 550, 550, 530, 510, 490, 470, 450] [150, 130, 110, 90, 70, 50, 30, 30, 30, 30, 30, 30] [366, 277] 12 0
[550, 550, 550, 550, 550, 550, 550, 550, 530, 510, 490, 470] [170, 150, 130, 110, 90, 70, 50, 30, 30, 30, 30, 30] [366, 277] 12 0
[550, 550, 550, 550, 550, 550, 550, 550, 550, 530, 510, 490] [190, 170, 150, 130, 110, 90, 70, 50, 30, 30, 30, 30] [366, 277] 12 0
[550, 550, 550, 550, 550, 550, 550, 550, 550, 550, 530, 510] [210, 190, 170, 150, 130, 110, 90, 70, 50, 30, 30, 30] [366, 277] 12 0
[550, 550, 550, 550, 550, 550, 550, 550, 550, 550, 550, 530] [230, 210, 190, 170, 150, 130, 110, 90, 70, 50, 30, 30] [366, 277] 12 0
[550, 550, 550, 550, 550, 550, 550, 550, 550, 550, 550, 550] [250, 230, 210, 190, 170, 150, 130, 110, 90, 70, 50, 30] [366, 277] 12 0
[550, 550, 550, 550, 550, 550, 550, 550, 550, 550, 550, 550] [270, 250, 230, 210, 190, 170, 150, 130, 110, 90, 70, 50] [366, 277] 12 0
[530, 550, 550, 550, 550, 550, 550, 550, 550, 550, 550, 550] [270, 270, 250, 230, 210, 190, 170, 150, 130, 110, 90, 70] [366, 277] 12 3
[510, 530, 550, 550, 550, 550, 550, 550, 550, 550, 550, 550] [270, 270, 270, 250, 230, 210, 190, 170, 150, 130, 110, 90] [366, 277] 12 3
[490, 510, 530, 550, 550, 550, 550, 550, 550, 550, 550, 550] [270, 270, 270, 270, 250, 230, 210, 190, 170, 150, 130, 110] [366, 277] 12 3
[470, 490, 510, 530, 550, 550, 550, 550, 550, 550, 550, 550] [270, 270, 270, 270, 270, 250, 230, 210, 190, 170, 150, 130] [366, 277] 12 3
[450, 470, 490, 510, 530, 550, 550, 550, 550, 550, 550, 550] [270, 270, 270, 270, 270, 270, 250, 230, 210, 190, 170, 150] [366, 277] 12 3
[430, 450, 470, 490, 510, 530, 550, 550, 550, 550, 550, 550] [270, 270, 270, 270, 270, 270, 270, 250, 230, 210, 190, 170] [366, 277] 12 3
[410, 430, 450, 470, 490, 510, 530, 550, 550, 550, 550, 550] [270, 270, 270, 270, 270, 270, 270, 270, 250, 230, 210, 190] [366, 277] 12 3
[390, 410, 430, 450, 470, 490, 510, 530, 550, 550, 550, 550] [270, 270, 270, 270, 270, 270, 270, 270, 270, 250, 230, 210] [366, 277] 12 3
[370, 390, 410, 430, 450, 470, 490, 510, 530, 550, 550, 550] [270, 270, 270, 270, 270, 270, 270, 270, 270, 270, 250, 230] [366, 277] 12 3
[350, 370, 390, 410, 430, 450, 470, 490, 510, 530, 550, 550, 550] [270, 270, 270, 270, 270, 270, 270, 270, 270, 270, 270, 250, 230] [127, 72] 13 3
[330, 350, 370, 390, 410, 430, 450, 470, 490, 510, 530, 550, 550] [270, 270, 270, 270, 270, 270, 270, 270, 270, 270, 270, 270, 250] [127, 72] 13 3
[310, 330, 350, 370, 390, 410, 430, 450, 470, 490, 510, 530, 550] [270, 270, 270, 270, 270, 270, 270, 270, 270, 270, 270, 270, 270] [127, 72] 13 3
[290, 310, 330, 350, 370, 390, 410, 430, 450, 470, 490, 510, 530] [270, 270, 270, 270, 270, 270, 270, 270, 270, 270, 270, 270, 270] [127, 72] 13 3
[270, 290, 310, 330, 350, 370, 390, 410, 430, 450, 470, 490, 510] [270, 270, 270, 270, 270, 270, 270, 270, 270, 270, 270, 270, 270] [127, 72] 13 3
[250, 270, 290, 310, 330, 350, 370, 390, 410, 430, 450, 470, 490] [270, 270, 270, 270, 270, 270, 270, 270, 270, 270, 270, 270, 270] [127, 72] 13 3
[230, 250, 270, 290, 310, 330, 350, 370, 390, 410, 430, 450, 470] [270, 270, 270, 270, 270, 270, 270, 270, 270, 270, 270, 270, 270] [127, 72] 13 3
[210, 230, 250, 270, 290, 310, 330, 350, 370, 390, 410, 430, 450] [270, 270, 270, 270, 270, 270, 270, 270, 270, 270, 270, 270, 270] [127, 72] 13 3
[190, 210, 230, 250, 270, 290, 310, 330, 350, 370, 390, 410, 430] [270, 270, 270, 270, 270, 270, 270, 270, 270, 270, 270, 270, 270] [127, 72] 13 3
[170, 190, 210, 230, 250, 270, 290, 310, 330, 350, 370, 390, 410] [270, 270, 270, 270, 270, 270, 270, 270, 270, 270, 270, 270, 270] [127, 72] 13 3
[150, 170, 190, 210, 230, 250, 270, 290, 310, 330, 350, 370, 390] [270, 270, 270, 270, 270, 270, 270, 270, 270, 270, 270, 270, 270] [127, 72] 13 3
[130, 150, 170, 190, 210, 230, 250, 270, 290, 310, 330, 350, 370] [270, 270, 270, 270, 270, 270, 270, 270, 270, 270, 270, 270, 270] [127, 72] 13 3
[110, 130, 150, 170, 190, 210, 230, 250, 270, 290, 310, 330, 350] [270, 270, 270, 270, 270, 270, 270, 270, 270, 270, 270, 270, 270] [127, 72] 13 3
[110, 110, 130, 150, 170, 190, 210, 230, 250, 270, 290, 310, 330] [250, 270, 270, 270, 270, 270, 270, 270, 270, 270, 270, 270, 270] [127, 72] 13 2
[110, 110, 110, 130, 150, 170, 190, 210, 230, 250, 270, 290, 310] [230, 250, 270, 270, 270, 270, 270, 270, 270, 270, 270, 270, 270] [127, 72] 13 2
[110, 110, 110, 110, 130, 150, 170, 190, 210, 230, 250, 270, 290] [210, 230, 250, 270, 270, 270, 270, 270, 270, 270, 270, 270, 270] [127, 72] 13 2
[110, 110, 110, 110, 110, 130, 150, 170, 190, 210, 230, 250, 270] [190, 210, 230, 250, 270, 270, 270, 270, 270, 270, 270, 270, 270] [127, 72] 13 2
[110, 110, 110, 110, 110, 110, 130, 150, 170, 190, 210, 230, 250] [170, 190, 210, 230, 250, 270, 270, 270, 270, 270, 270, 270, 270] [127, 72] 13 2
[110, 110, 110, 110, 110, 110, 110, 130, 150, 170, 190, 210, 230] [150, 170, 190, 210, 230, 250, 270, 270, 270, 270, 270, 270, 270] [127, 72] 13 2
[110, 110, 110, 110, 110, 110, 110, 110, 130, 150, 170, 190, 210] [130, 150, 170, 190, 210, 230, 250, 270, 270, 270, 270, 270, 270] [127, 72] 13 2
[110, 110, 110, 110, 110, 110, 110, 110, 110, 130, 150, 170, 190] [110, 130, 150, 170, 190, 210, 230, 250, 270, 270, 270, 270, 270] [127, 72] 13 2
[110, 110, 110, 110, 110, 110, 110, 110, 110, 110, 130, 150, 170] [90, 110, 130, 150, 170, 190, 210, 230, 250, 270, 270, 270, 270] [127, 72] 13 2
[110, 110, 110, 110, 110, 110, 110, 110, 110, 110, 110, 130, 150] [70, 90, 110, 130, 150, 170, 190, 210, 230, 250, 270, 270, 270] [127, 72] 13 2
[110, 110, 110, 110, 110, 110, 110, 110, 110, 110, 110, 110, 130, 150] [50, 70, 90, 110, 130, 150, 170, 190, 210, 230, 250, 270, 270, 270] [294, 313] 14 2
[130, 110, 110, 110, 110, 110, 110, 110, 110, 110, 110, 110, 110, 130] [50, 50, 70, 90, 110, 130, 150, 170, 190, 210, 230, 250, 270, 270] [294, 313] 14 1
[150, 130, 110, 110, 110, 110, 110, 110, 110, 110, 110, 110, 110, 110] [50, 50, 50, 70, 90, 110, 130, 150, 170, 190, 210, 230, 250, 270] [294, 313] 14 1
[170, 150, 130, 110, 110, 110, 110, 110, 110, 110, 110, 110, 110, 110] [50, 50, 50, 50, 70, 90, 110, 130, 150, 170, 190, 210, 230, 250] [294, 313] 14 1
[190, 170, 150, 130, 110, 110, 110, 110, 110, 110, 110, 110, 110, 110] [50, 50, 50, 50, 50, 70, 90, 110, 130, 150, 170, 190, 210, 230] [294, 313] 14 1
[210, 190, 170, 150, 130, 110, 110, 110, 110, 110, 110, 110, 110, 110] [50, 50, 50, 50, 50, 50, 70, 90, 110, 130, 150, 170, 190, 210] [294, 313] 14 1
[230, 210, 190, 170, 150, 130, 110, 110, 110, 110, 110, 110, 110, 110] [50, 50, 50, 50, 50, 50, 50, 70, 90, 110, 130, 150, 170, 190] [294, 313] 14 1
[250, 230, 210, 190, 170, 150, 130, 110, 110, 110, 110, 110, 110, 110] [50, 50, 50, 50, 50, 50, 50, 50, 70, 90, 110, 130, 150, 170] [294, 313] 14 1
[270, 250, 230, 210, 190, 170, 150, 130, 110, 110, 110, 110, 110, 110] [50, 50, 50, 50, 50, 50, 50, 50, 50, 70, 90, 110, 130, 150] [294, 313] 14 1
[290, 270, 250, 230, 210, 190, 170, 150, 130, 110, 110, 110, 110, 110] [50, 50, 50, 50, 50, 50, 50, 50, 50, 50, 70, 90, 110, 130] [294, 313] 14 1
[290, 290, 270, 250, 230, 210, 190, 170, 150, 130, 110, 110, 110, 110] [70, 50, 50, 50, 50, 50, 50, 50, 50, 50, 50, 70, 90, 110] [294, 313] 14 0
[290, 290, 290, 270, 250, 230, 210, 190, 170, 150, 130, 110, 110, 110] [90, 70, 50, 50, 50, 50, 50, 50, 50, 50, 50, 50, 70, 90] [294, 313] 14 0
[290, 290, 290, 290, 270, 250, 230, 210, 190, 170, 150, 130, 110, 110] [110, 90, 70, 50, 50, 50, 50, 50, 50, 50, 50, 50, 50, 70] [294, 313] 14 0
[290, 290, 290, 290, 290, 270, 250, 230, 210, 190, 170, 150, 130, 110] [130, 110, 90, 70, 50, 50, 50, 50, 50, 50, 50, 50, 50, 50] [294, 313] 14 0
[290, 290, 290, 290, 290, 290, 270, 250, 230, 210, 190, 170, 150, 130] [150, 130, 110, 90, 70, 50, 50, 50, 50, 50, 50, 50, 50, 50] [294, 313] 14 0
[290, 290, 290, 290, 290, 290, 290, 270, 250, 230, 210, 190, 170, 150] [170, 150, 130, 110, 90, 70, 50, 50, 50, 50, 50, 50, 50, 50] [294, 313] 14 0
[290, 290, 290, 290, 290, 290, 290, 290, 270, 250, 230, 210, 190, 170] [190, 170, 150, 130, 110, 90, 70, 50, 50, 50, 50, 50, 50, 50] [294, 313] 14 0
[290, 290, 290, 290, 290, 290, 290, 290, 290, 270, 250, 230, 210, 190] [210, 190, 170, 150, 130, 110, 90, 70, 50, 50, 50, 50, 50, 50] [294, 313] 14 0
[290, 290, 290, 290, 290, 290, 290, 290, 290, 290, 270, 250, 230, 210] [230, 210, 190, 170, 150, 130, 110, 90, 70, 50, 50, 50, 50, 50] [294, 313] 14 0
[290, 290, 290, 290, 290, 290, 290, 290, 290, 290, 290, 270, 250, 230] [250, 230, 210, 190, 170, 150, 130, 110, 90, 70, 50, 50, 50, 50] [294, 313] 14 0
[290, 290, 290, 290, 290, 290, 290, 290, 290, 290, 290, 290, 270, 250] [270, 250, 230, 210, 190, 170, 150, 130, 110, 90, 70, 50, 50, 50] [294, 313] 14 0
[290, 290, 290, 290, 290, 290, 290, 290, 290, 290, 290, 290, 290, 270] [290, 270, 250, 230, 210, 190, 170, 150, 130, 110, 90, 70, 50, 50] [294, 313] 14 0
[290, 290, 290, 290, 290, 290, 290, 290, 290, 290, 290, 290, 290, 290] [310, 290, 270, 250, 230, 210, 190, 170, 150, 130, 110, 90, 70, 50] [294, 313] 14 0
