[290, 290, 290, 290, 290] [290, 270, 250, 230, 210] [503, 50] 5 0
[310, 290, 290, 290, 290] [290, 290, 270, 250, 230] [503, 50] 5 1
[330, 310, 290, 290, 290] [290, 290, 290, 270, 250] [503, 50] 5 1
[350, 330, 310, 290, 290] [290, 290, 290, 290, 270] [503, 50] 5 1
[370, 350, 330, 310, 290] [290, 290, 290, 290, 290] [503, 50] 5 1
[390, 370, 350, 330, 310] [290, 290, 290, 290, 290] [503, 50] 5 1
[410, 390, 370, 350, 330] [290, 290, 290, 290, 290] [503, 50] 5 1
[430, 410, 390, 370, 350] [290, 290, 290, 290, 290] [503, 50] 5 1
[450, 430, 410, 390, 370] [290, 290, 290, 290, 290] [503, 50] 5 1
[470, 450, 430, 410, 390] [290, 290, 290, 290, 290] [503, 50] 5 1
[490, 470, 450, 430, 410] [290, 290, 290, 290, 290] [503, 50] 5 1
[510, 490, 470, 450, 430] [290, 290, 290, 290, 290] [503, 50] 5 1
[510, 510, 490, 470, 450] [270, 290, 290, 290, 290] [503, 50] 5 2
[510, 510, 510, 490, 470] [250, 270, 290, 290, 290] [503, 50] 5 2
[510, 510, 510, 510, 490] [230, 250, 270, 290, 290] [503, 50] 5 2
[510, 510, 510, 510, 510] [210, 230, 250, 270, 290] [503, 50] 5 2
[510, 510, 510, 510, 510] [190, 210, 230, 250, 270] [503, 50] 5 2
[510, 510, 510, 510, 510] [170, 190, 210, 230, 250] [503, 50] 5 2
[510, 510, 510, 510, 510] [150, 170, 190, 210, 230] [503, 50] 5 2
[510, 510, 510, 510, 510] [130, 150, 170, 190, 210] [503, 50] 5 2
[510, 510, 510, 510, 510] [110, 130, 150, 170, 190] [503, 50] 5 2
[510, 510, 510, 510, 510] [90, 110, 130, 150, 170] [503, 50] 5 2
[510, 510, 510, 510, 510] [70, 90, 110, 130, 150] [503, 50] 5 2
[510, 510, 510, 510, 510] [50, 70, 90, 110, 130] [503, 50] 5 2
