[290, 290, 290, 290, 290] [290, 270, 250, 230, 210] [467, 320] 5 0
[310, 290, 290, 290, 290] [290, 290, 270, 250, 230] [467, 320] 5 1
[330, 310, 290, 290, 290] [290, 290, 290, 270, 250] [467, 320] 5 1
[350, 330, 310, 290, 290] [290, 290, 290, 290, 270] [467, 320] 5 1
[370, 350, 330, 310, 290] [290, 290, 290, 290, 290] [467, 320] 5 1
[390, 370, 350, 330, 310] [290, 290, 290, 290, 290] [467, 320] 5 1
[410, 390, 370, 350, 330] [290, 290, 290, 290, 290] [467, 320] 5 1
[430, 410, 390, 370, 350] [290, 290, 290, 290, 290] [467, 320] 5 1
[450, 430, 410, 390, 370] [290, 290, 290, 290, 290] [467, 320] 5 1
[470, 450, 430, 410, 390] [290, 290, 290, 290, 290] [467, 320] 5 1
[470, 470, 450, 430, 410] [310, 290, 290, 290, 290] [467, 320] 5 0
[450, 470, 470, 450, 430, 410] [310, 310, 290, 290, 290, 290] [562, 223] 6 3
[430, 450, 470, 470, 450, 430] [310, 310, 310, 290, 290, 290] [562, 223] 6 3
[410, 430, 450, 470, 470, 450] [310, 310, 310, 310, 290, 290] [562, 223] 6 3
[390, 410, 430, 450, 470, 470] [310, 310, 310, 310, 310, 290] [562, 223] 6 3
[370, 390, 410, 430, 450, 470] [310, 310, 310, 310, 310, 310] [562, 223] 6 3
[370, 370, 390, 410, 430, 450] [290, 310, 310, 310, 310, 310] [562, 223] 6 2
[370, 370, 370, 390, 410, 430] [270, 290, 310, 310, 310, 310] [562, 223] 6 2
[370, 370, 370, 370, 390, 410] [250, 270, 290, 310, 310, 310] [562, 223] 6 2
[390, 370, 370, 370, 370, 390] [250, 250, 270, 290, 310, 310] [562, 223] 6 1
[410, 390, 370, 370, 370, 370] [250, 250, 250, 270, 290, 310] [562, 223] 6 1
[430, 410, 390, 370, 370, 370] [250, 250, 250, 250, 270, 290] [562, 223] 6 1
[450, 430, 410, 390, 370, 370] [250, 250, 250, 250, 250, 270] [562, 223] 6 1
[470, 450, 430, 410, 390, 370] [250, 250, 250, 250, 250, 250] [562, 223] 6 1
[490, 470, 450, 430, 410, 390] [250, 250, 250, 250, 250, 250] [562, 223] 6 1
[510, 490, 470, 450, 430, 410] [250, 250, 250, 250, 250, 250] [562, 223] 6 1
[530, 510, 490, 470, 450, 430] [250, 250, 250, 250, 250, 250] [562, 223] 6 1
[550, 530, 510, 490, 470, 450] [250, 250, 250, 250, 250, 250] [562, 223] 6 1
[550, 550, 530, 510, 490, 470] [230, 250, 250, 250, 250, 250] [562, 223] 6 2
[550, 550, 550, 530, 510, 490, 470] [210, 230, 250, 250, 250, 250, 250] [51, 187] 7 2
[550, 550, 550, 550, 530, 510, 490] [190, 210, 230, 250, 250, 250, 250] [51, 187] 7 2
[550, 550, 550, 550, 550, 530, 510] [170, 190, 210, 230, 250, 250, 250] [51, 187] 7 2
[530, 550, 550, 550, 550, 550, 530] [170, 170, 190, 210, 230, 250, 250] [51, 187] 7 3
[510, 530, 550, 550, 550, 550, 550] [170, 170, 170, 190, 210, 230, 250] [51, 187] 7 3
[490, 510, 530, 550, 550, 550, 550] [170, 170, 170, 170, 190, 210, 230] [51, 187] 7 3
[470, 490, 510, 530, 550, 550, 550] [170, 170, 170, 170, 170, 190, 210] [51, 187] 7 3
[450, 470, 490, 510, 530, 550, 550] [170, 170, 170, 170, 170, 170, 190] [51, 187] 7 3
[430, 450, 470, 490, 510, 530, 550] [170, 170, 170, 170, 170, 170, 170] [51, 187] 7 3
[410, 430, 450, 470, 490, 510, 530] [170, 170, 170, 170, 170, 170, 170] [51, 187] 7 3
[390, 410, 430, 450, 470, 490, 510] [170, 170, 170, 170, 170, 170, 170] [51, 187] 7 3
[370, 390, 410, 430, 450, 470, 490] [170, 170, 170, 170, 170, 170, 170] [51, 187] 7 3
[350, 370, 390, 410, 430, 450, 470] [170, 170, 170, 170, 170, 170, 170] [51, 187] 7 3
[330, 350, 370, 390, 410, 430, 450] [170, 170, 170, 170, 170, 170, 170] [51, 187] 7 3
[310, 330, 350, 370, 390, 410, 430] [170, 170, 170, 170, 170, 170, 170] [51, 187] 7 3
[290, 310, 330, 350, 370, 390, 410] [170, 170, 170, 170, 170, 170, 170] [51, 187] 7 3
[270, 290, 310, 330, 350, 370, 390] [170, 170, 170, 170, 170, 170, 170] [51, 187] 7 3
[250, 270, 290, 310, 330, 350, 370] [170, 170, 170, 170, 170, 170, 170] [51, 187] 7 3
[230, 250, 270, 290, 310, 330, 350] [170, 170, 170, 170, 170, 170, 170] [51, 187] 7 3
[210, 230, 250, 270, 290, 310, 330] [170, 170, 170, 170, 170, 170, 170] [51, 187] 7 3
[190, 210, 230, 250, 270, 290, 310] [170, 170, 170, 170, 170, 170, 170] [51, 187] 7 3
[170, 190, 210, 230, 250, 270, 290] [170, 170, 170, 170, 170, 170, 170] [51, 187] 7 3
[150, 170, 190, 210, 230, 250, 270] [170, 170, 170, 170, 170, 170, 170] [51, 187] 7 3
[130, 150, 170, 190, 210, 230, 250] [170, 170, 170, 170, 170, 170, 170] [51, 187] 7 3
[110, 130, 150, 170, 190, 210, 230] [170, 170, 170, 170, 170, 170, 170] [51, 187] 7 3
[90, 110, 130, 150, 170, 190, 210] [170, 170, 170, 170, 170, 170, 170] [51, 187] 7 3
[70, 90, 110, 130, 150, 170, 190] [170, 170, 170, 170, 170, 170, 170] [51, 187] 7 3
[50, 70, 90, 110, 130, 150, 170] [170, 170, 170, 170, 170, 170, 170] [51, 187] 7 3
[50, 50, 70, 90, 110, 130, 150, 170] [190, 170, 170, 170, 170, 170, 170, 170] [439, 453] 8 0
[50, 50, 50, 70, 90, 110, 130, 150] [210, 190, 170, 170, 170, 170, 170, 170] [439, 453] 8 0
[50, 50, 50, 50, 70, 90, 110, 130] [230, 210, 190, 170, 170, 170, 170, 170] [439, 453] 8 0
[50, 50, 50, 50, 50, 70, 90, 110] [250, 230, 210, 190, 170, 170, 170, 170] [439, 453] 8 0
[50, 50, 50, 50, 50, 50, 70, 90] [270, 250, 230, 210, 190, 170, 170, 170] [439, 453] 8 0
[50, 50, 50, 50, 50, 50, 50, 70] [290, 270, 250, 230, 210, 190, 170, 170] [439, 453] 8 0
[50, 50, 50, 50, 50, 50, 50, 50] [310, 290, 270, 250, 230, 210, 190, 170] [439, 453] 8 0
[50, 50, 50, 50, 50, 50, 50, 50] [330, 310, 290, 270, 250, 230, 210, 190] [439, 453] 8 0
[50, 50, 50, 50, 50, 50, 50, 50] [350, 330, 310, 290, 270, 250, 230, 210] [439, 453] 8 0
[50, 50, 50, 50, 50, 50, 50, 50] [370, 350, 330, 310, 290, 270, 250, 230] [439, 453] 8 0
[50, 50, 50, 50, 50, 50, 50, 50] [390, 370, 350, 330, 310, 290, 270, 250] [439, 453] 8 0
[50, 50, 50, 50, 50, 50, 50, 50] [410, 390, 370, 350, 330, 310, 290, 270] [439, 453] 8 0
[50, 50, 50, 50, 50, 50, 50, 50] [430, 410, 390, 370, 350, 330, 310, 290] [439, 453] 8 0
[50, 50, 50, 50, 50, 50, 50, 50] [450, 430, 410, 390, 370, 350, 330, 310] [439, 453] 8 0
[70, 50, 50, 50, 50, 50, 50, 50] [450, 450, 430, 410, 390, 370, 350, 330] [439, 453] 8 1
[90, 70, 50, 50, 50, 50, 50, 50] [450, 450, 450, 430, 410, 390, 370, 350] [439, 453] 8 1
[110, 90, 70, 50, 50, 50, 50, 50] [450, 450, 450, 450, 430, 410, 390, 370] [439, 453] 8 1
[130, 110, 90, 70, 50, 50, 50, 50] [450, 450, 450, 450, 450, 430, 410, 390] [439, 453] 8 1
[150, 130, 110, 90, 70, 50, 50, 50] [450, 450, 450, 450, 450, 450, 430, 410] [439, 453] 8 1
[170, 150, 130, 110, 90, 70, 50, 50] [450, 450, 450, 450, 450, 450, 450, 430] [439, 453] 8 1
[190, 170, 150, 130, 110, 90, 70, 50] [450, 450, 450, 450, 450, 450, 450, 450] [439, 453] 8 1
[210, 190, 170, 150, 130, 110, 90, 70] [450, 450, 450, 450, 450, 450, 450, 450] [439, 453] 8 1
[230, 210, 190, 170, 150, 130, 110, 90] [450, 450, 450, 450, 450, 450, 450, 450] [439, 453] 8 1
[250, 230, 210, 190, 170, 150, 130, 110] [450, 450, 450, 450, 450, 450, 450, 450] [439, 453] 8 1
[270, 250, 230, 210, 190, 170, 150, 130] [450, 450, 450, 450, 450, 450, 450, 450] [439, 453] 8 1
[290, 270, 250, 230, 210, 190, 170, 150] [450, 450, 450, 450, 450, 450, 450, 450] [439, 453] 8 1
[310, 290, 270, 250, 230, 210, 190, 170] [450, 450, 450, 450, 450, 450, 450, 450] [439, 453] 8 1
[330, 310, 290, 270, 250, 230, 210, 190] [450, 450, 450, 450, 450, 450, 450, 450] [439, 453] 8 1
[350, 330, 310, 290, 270, 250, 230, 210] [450, 450, 450, 450, 450, 450, 450, 450] [439, 453] 8 1
[370, 350, 330, 310, 290, 270, 250, 230] [450, 450, 450, 450, 450, 450, 450, 450] [439, 453] 8 1
[390, 370, 350, 330, 310, 290, 270, 250] [450, 450, 450, 450, 450, 450, 450, 450] [439, 453] 8 1
[410, 390, 370, 350, 330, 310, 290, 270] [450, 450, 450, 450, 450, 450, 450, 450] [439, 453] 8 1
[430, 410, 390, 370, 350, 330, 310, 290] [450, 450, 450, 450, 450, 450, 450, 450] [439, 453] 8 1
