[290, 290, 290, 290, 290] [290, 270, 250, 230, 210] [270, 478] 5 0
[290, 290, 290, 290, 290] [310, 290, 270, 250, 230] [270, 478] 5 0
[290, 290, 290, 290, 290] [330, 310, 290, 270, 250] [270, 478] 5 0
[290, 290, 290, 290, 290] [350, 330, 310, 290, 270] [270, 478] 5 0
[290, 290, 290, 290, 290] [370, 350, 330, 310, 290] [270, 478] 5 0
[290, 290, 290, 290, 290] [390, 370, 350, 330, 310] [270, 478] 5 0
[290, 290, 290, 290, 290] [410, 390, 370, 350, 330] [270, 478] 5 0
[290, 290, 290, 290, 290] [430, 410, 390, 370, 350] [270, 478] 5 0
[290, 290, 290, 290, 290] [450, 430, 410, 390, 370] [270, 478] 5 0
[290, 290, 290, 290, 290] [470, 450, 430, 410, 390] [270, 478] 5 0
[270, 290, 290, 290, 290] [470, 470, 450, 430, 410] [270, 478] 5 3
