[430, 450, 450, 450, 450, 450, 450, 450, 450] [490, 490, 470, 450, 430, 410, 390, 370, 350] [216, 76] 9 3
[410, 430, 450, 450, 450, 450, 450, 450, 450] [490, 490, 490, 470, 450, 430, 410, 390, 370] [216, 76] 9 3
[390, 410, 430, 450, 450, 450, 450, 450, 450] [490, 490, 490, 490, 470, 450, 430, 410, 390] [216, 76] 9 3
[370, 390, 410, 430, 450, 450, 450, 450, 450] [490, 490, 490, 490, 490, 470, 450, 430, 410] [216, 76] 9 3
[350, 370, 390, 410, 430, 450, 450, 450, 450] [490, 490, 490, 490, 490, 490, 470, 450, 430] [216, 76] 9 3
[330, 350, 370, 390, 410, 430, 450, 450, 450] [490, 490, 490, 490, 490, 490, 490, 470, 450] [216, 76] 9 3
[310, 330, 350, 370, 390, 410, 430, 450, 450] [490, 490, 490, 490, 490, 490, 490, 490, 470] [216, 76] 9 3
[290, 310, 330, 350, 370, 390, 410, 430, 450] [490, 490, 490, 490, 490, 490, 490, 490, 490] [216, 76] 9 3
[270, 290, 310, 330, 350, 370, 390, 410, 430] [490, 490, 490, 490, 490, 490, 490, 490, 490] [216, 76] 9 3
[250, 270, 290, 310, 330, 350, 370, 390, 410] [490, 490, 490, 490, 490, 490, 490, 490, 490] [216, 76] 9 3
[230, 250, 270, 290, 310, 330, 350, 370, 390] [490, 490, 490, 490, 490, 490, 490, 490, 490] [216, 76] 9 3
[230, 230, 250, 270, 290, 310, 330, 350, 370] [470, 490, 490, 490, 490, 490, 490, 490, 490] [216, 76] 9 2
[230, 230, 230, 250, 270, 290, 310, 330, 350] [450, 470, 490, 490, 490, 490, 490, 490, 490] [216, 76] 9 2
[230, 230, 230, 230, 250, 270, 290, 310, 330] [430, 450, 470, 490, 490, 490, 490, 490, 490] [216, 76] 9 2
[230, 230, 230, 230, 230, 250, 270, 290, 310] [410, 430, 450, 470, 490, 490, 490, 490, 490] [216, 76] 9 2
[230, 230, 230, 230, 230, 230, 250, 270, 290] [390, 410, 430, 450, 470, 490, 490, 490, 490] [216, 76] 9 2
[230, 230, 230, 230, 230, 230, 230, 250, 270] [370, 390, 410, 430, 450, 470, 490, 490, 490] [216, 76] 9 2
[230, 230, 230, 230, 230, 230, 230, 230, 250] [350, 370, 390, 410, 430, 450, 470, 490, 490] [216, 76] 9 2
[230, 230, 230, 230, 230, 230, 230, 230, 230] [330, 350, 370, 390, 410, 430, 450, 470, 490] [216, 76] 9 2
[230, 230, 230, 230, 230, 230, 230, 230, 230] [310, 330, 350, 370, 390, 410, 430, 450, 470] [216, 76] 9 2
[230, 230, 230, 230, 230, 230, 230, 230, 230] [290, 310, 330, 350, 370, 390, 410, 430, 450] [216, 76] 9 2
[230, 230, 230, 230, 230, 230, 230, 230, 230] [270, 290, 310, 330, 350, 370, 390, 410, 430] [216, 76] 9 2
[230, 230, 230, 230, 230, 230, 230, 230, 230] [250, 270, 290, 310, 330, 350, 370, 390, 410] [216, 76] 9 2
[230, 230, 230, 230, 230, 230, 230, 230, 230] [230, 250, 270, 290, 310, 330, 350, 370, 390] [216, 76] 9 2
[230, 230, 230, 230, 230, 230, 230, 230, 230] [210, 230, 250, 270, 290, 310, 330, 350, 370] [216, 76] 9 2
[230, 230, 230, 230, 230, 230, 230, 230, 230] [190, 210, 230, 250, 270, 290, 310, 330, 350] [216, 76] 9 2
[230, 230, 230, 230, 230, 230, 230, 230, 230] [170, 190, 210, 230, 250, 270, 290, 310, 330] [216, 76] 9 2
[230, 230, 230, 230, 230, 230, 230, 230, 230] [150, 170, 190, 210, 230, 250, 270, 290, 310] [216, 76] 9 2
[230, 230, 230, 230, 230, 230, 230, 230, 230] [130, 150, 170, 190, 210, 230, 250, 270, 290] [216, 76] 9 2
[230, 230, 230, 230, 230, 230, 230, 230, 230] [110, 130, 150, 170, 190, 210, 230, 250, 270] [216, 76] 9 2
[230, 230, 230, 230, 230, 230, 230, 230, 230] [90, 110, 130, 150, 170, 190, 210, 230, 250] [216, 76] 9 2
[230, 230, 230, 230, 230, 230, 230, 230, 230] [70, 90, 110, 130, 150, 170, 190, 210, 230] [216, 76] 9 2
[210, 230, 230, 230, 230, 230, 230, 230, 230] [70, 70, 90, 110, 130, 150, 170, 190, 210] [216, 76] 9 3
[190, 210, 230, 230, 230, 230, 230, 230, 230, 230] [70, 70, 70, 90, 110, 130, 150, 170, 190, 210] [412, 56] 10 3
[170, 190, 210, 230, 230, 230, 230, 230, 230, 230] [70, 70, 70, 70, 90, 110, 130, 150, 170, 190] [412, 56] 10 3
[170, 170, 190, 210, 230, 230, 230, 230, 230, 230] [50, 70, 70, 70, 70, 90, 110, 130, 150, 170] [412, 56] 10 2
[190, 170, 170, 190, 210, 230, 230, 230, 230, 230] [50, 50, 70, 70, 70, 70, 90, 110, 130, 150] [412, 56] 10 1
[210, 190, 170, 170, 190, 210, 230, 230, 230, 230] [50, 50, 50, 70, 70, 70, 70, 90, 110, 130] [412, 56] 10 1
[230, 210, 190, 170, 170, 190, 210, 230, 230, 230] [50, 50, 50, 50, 70, 70, 70, 70, 90, 110] [412, 56] 10 1
[250, 230, 210, 190, 170, 170, 190, 210, 230, 230] [50, 50, 50, 50, 50, 70, 70, 70, 70, 90] [412, 56] 10 1
[270, 250, 230, 210, 190, 170, 170, 190, 210, 230] [50, 50, 50, 50, 50, 50, 70, 70, 70, 70] [412, 56] 10 1
[290, 270, 250, 230, 210, 190, 170, 170, 190, 210] [50, 50, 50, 50, 50, 50, 50, 70, 70, 70] [412, 56] 10 1
[310, 290, 270, 250, 230, 210, 190, 170, 170, 190] [50, 50, 50, 50, 50, 50, 50, 50, 70, 70] [412, 56] 10 1
[330, 310, 290, 270, 250, 230, 210, 190, 170, 170] [50, 50, 50, 50, 50, 50, 50, 50, 50, 70] [412, 56] 10 1
[350, 330, 310, 290, 270, 250, 230, 210, 190, 170] [50, 50, 50, 50, 50, 50, 50, 50, 50, 50] [412, 56] 10 1
[370, 350, 330, 310, 290, 270, 250, 230, 210, 190] [50, 50, 50, 50, 50, 50, 50, 50, 50, 50] [412, 56] 10 1
[390, 370, 350, 330, 310, 290, 270, 250, 230, 210] [50, 50, 50, 50, 50, 50, 50, 50, 50, 50] [412, 56] 10 1
[410, 390, 370, 350, 330, 310, 290, 270, 250, 230] [50, 50, 50, 50, 50, 50, 50, 50, 50, 50] [412, 56] 10 1
[430, 410, 390, 370, 350, 330, 310, 290, 270, 250, 230] [50, 50, 50, 50, 50, 50, 50, 50, 50, 50, 50] [213, 244] 11 1
[430, 430, 410, 390, 370, 350, 330, 310, 290, 270, 250] [70, 50, 50, 50, 50, 50, 50, 50, 50, 50, 50] [213, 244] 11 0
[430, 430, 430, 410, 390, 370, 350, 330, 310, 290, 270] [90, 70, 50, 50, 50, 50, 50, 50, 50, 50, 50] [213, 244] 11 0
[430, 430, 430, 430, 410, 390, 370, 350, 330, 310, 290] [110, 90, 70, 50, 50, 50, 50, 50, 50, 50, 50] [213, 244] 11 0
[430, 430, 430, 430, 430, 410, 390, 370, 350, 330, 310] [130, 110, 90, 70, 50, 50, 50, 50, 50, 50, 50] [213, 244] 11 0
[430, 430, 430, 430, 430, 430, 410, 390, 370, 350, 330] [150, 130, 110, 90, 70, 50, 50, 50, 50, 50, 50] [213, 244] 11 0
[430, 430, 430, 430, 430, 430, 430, 410, 390, 370, 350] [170, 150, 130, 110, 90, 70, 50, 50, 50, 50, 50] [213, 244] 11 0
[430, 430, 430, 430, 430, 430, 430, 430, 410, 390, 370] [190, 170, 150, 130, 110, 90, 70, 50, 50, 50, 50] [213, 244] 11 0
[430, 430, 430, 430, 430, 430, 430, 430, 430, 410, 390] [210, 190, 170, 150, 130, 110, 90, 70, 50, 50, 50] [213, 244] 11 0
[430, 430, 430, 430, 430, 430, 430, 430, 430, 430, 410] [230, 210, 190, 170, 150, 130, 110, 90, 70, 50, 50] [213, 244] 11 0
[410, 430, 430, 430, 430, 430, 430, 430, 430, 430, 430] [230, 230, 210, 190, 170, 150, 130, 110, 90, 70, 50] [213, 244] 11 3
[390, 410, 430, 430, 430, 430, 430, 430, 430, 430, 430] [230, 230, 230, 210, 190, 170, 150, 130, 110, 90, 70] [213, 244] 11 3
[370, 390, 410, 430, 430, 430, 430, 430, 430, 430, 430] [230, 230, 230, 230, 210, 190, 170, 150, 130, 110, 90] [213, 244] 11 3
[350, 370, 390, 410, 430, 430, 430, 430, 430, 430, 430] [230, 230, 230, 230, 230, 210, 190, 170, 150, 130, 110] [213, 244] 11 3
[330, 350, 370, 390, 410, 430, 430, 430, 430, 430, 430] [230, 230, 230, 230, 230, 230, 210, 190, 170, 150, 130] [213, 244] 11 3
[310, 330, 350, 370, 390, 410, 430, 430, 430, 430, 430] [230, 230, 230, 230, 230, 230, 230, 210, 190, 170, 150] [213, 244] 11 3
[290, 310, 330, 350, 370, 390, 410, 430, 430, 430, 430] [230, 230, 230, 230, 230, 230, 230, 230, 210, 190, 170] [213, 244] 11 3
[270, 290, 310, 330, 350, 370, 390, 410, 430, 430, 430] [230, 230, 230, 230, 230, 230, 230, 230, 230, 210, 190] [213, 244] 11 3
[250, 270, 290, 310, 330, 350, 370, 390, 410, 430, 430] [230, 230, 230, 230, 230, 230, 230, 230, 230, 230, 210] [213, 244] 11 3
[230, 250, 270, 290, 310, 330, 350, 370, 390, 410, 430] [230, 230, 230, 230, 230, 230, 230, 230, 230, 230, 230] [213, 244] 11 3
[210, 230, 250, 270, 290, 310, 330, 350, 370, 390, 410] [230, 230, 230, 230, 230, 230, 230, 230, 230, 230, 230] [213, 244] 11 3
[190, 210, 230, 250, 270, 290, 310, 330, 350, 370, 390, 410] [230, 230, 230, 230, 230, 230, 230, 230, 230, 230, 230, 230] [203, 179] 12 3
[190, 190, 210, 230, 250, 270, 290, 310, 330, 350, 370, 390] [210, 230, 230, 230, 230, 230, 230, 230, 230, 230, 230, 230] [203, 179] 12 2
[190, 190, 190, 210, 230, 250, 270, 290, 310, 330, 350, 370] [190, 210, 230, 230, 230, 230, 230, 230, 230, 230, 230, 230] [203, 179] 12 2
[190, 190, 190, 190, 210, 230, 250, 270, 290, 310, 330, 350] [170, 190, 210, 230, 230, 230, 230, 230, 230, 230, 230, 230] [203, 179] 12 2
[190, 190, 190, 190, 190, 210, 230, 250, 270, 290, 310, 330, 350] [150, 170, 190, 210, 230, 230, 230, 230, 230, 230, 230, 230, 230] [109, 187] 13 2
[190, 190, 190, 190, 190, 190, 210, 230, 250, 270, 290, 310, 330] [130, 150, 170, 190, 210, 230, 230, 230, 230, 230, 230, 230, 230] [109, 187] 13 2
[170, 190, 190, 190, 190, 190, 190, 210, 230, 250, 270, 290, 310] [130, 130, 150, 170, 190, 210, 230, 230, 230, 230, 230, 230, 230] [109, 187] 13 3
[150, 170, 190, 190, 190, 190, 190, 190, 210, 230, 250, 270, 290] [130, 130, 130, 150, 170, 190, 210, 230, 230, 230, 230, 230, 230] [109, 187] 13 3
[130, 150, 170, 190, 190, 190, 190, 190, 190, 210, 230, 250, 270] [130, 130, 130, 130, 150, 170, 190, 210, 230, 230, 230, 230, 230] [109, 187] 13 3
[110, 130, 150, 170, 190, 190, 190, 190, 190, 190, 210, 230, 250] [130, 130, 130, 130, 130, 150, 170, 190, 210, 230, 230, 230, 230] [109, 187] 13 3
[110, 110, 130, 150, 170, 190, 190, 190, 190, 190, 190, 210, 230] [150, 130, 130, 130, 130, 130, 150, 170, 190, 210, 230, 230, 230] [109, 187] 13 0
[110, 110, 110, 130, 150, 170, 190, 190, 190, 190, 190, 190, 210] [170, 150, 130, 130, 130, 130, 130, 150, 170, 190, 210, 230, 230] [109, 187] 13 0
[110, 110, 110, 110, 130, 150, 170, 190, 190, 190, 190, 190, 190, 210] [190, 170, 150, 130, 130, 130, 130, 130, 150, 170, 190, 210, 230, 230] [412, 321] 14 0
[110, 110, 110, 110, 110, 130, 150, 170, 190, 190, 190, 190, 190, 190] [210, 190, 170, 150, 130, 130, 130, 130, 130, 150, 170, 190, 210, 230] [412, 321] 14 0
[110, 110, 110, 110, 110, 110, 130, 150, 170, 190, 190, 190, 190, 190] [230, 210, 190, 170, 150, 130, 130, 130, 130, 130, 150, 170, 190, 210] [412, 321] 14 0
[110, 110, 110, 110, 110, 110, 110, 130, 150, 170, 190, 190, 190, 190] [250, 230, 210, 190, 170, 150, 130, 130, 130, 130, 130, 150, 170, 190] [412, 321] 14 0
[110, 110, 110, 110, 110, 110, 110, 110, 130, 150, 170, 190, 190, 190] [270, 250, 230, 210, 190, 170, 150, 130, 130, 130, 130, 130, 150, 170] [412, 321] 14 0
[110, 110, 110, 110, 110, 110, 110, 110, 110, 130, 150, 170, 190, 190] [290, 270, 250, 230, 210, 190, 170, 150, 130, 130, 130, 130, 130, 150] [412, 321] 14 0
[110, 110, 110, 110, 110, 110, 110, 110, 110, 110, 130, 150, 170, 190] [310, 290, 270, 250, 230, 210, 190, 170, 150, 130, 130, 130, 130, 130] [412, 321] 14 0
[130, 110, 110, 110, 110, 110, 110, 110, 110, 110, 110, 130, 150, 170] [310, 310, 290, 270, 250, 230, 210, 190, 170, 150, 130, 130, 130, 130] [412, 321] 14 1
[150, 130, 110, 110, 110, 110, 110, 110, 110, 110, 110, 110, 130, 150] [310, 310, 310, 290, 270, 250, 230, 210, 190, 170, 150, 130, 130, 130] [412, 321] 14 1
[170, 150, 130, 110, 110, 110, 110, 110, 110, 110, 110, 110, 110, 130] [310, 310, 310, 310, 290, 270, 250, 230, 210, 190, 170, 150, 130, 130] [412, 321] 14 1
[190, 170, 150, 130, 110, 110, 110, 110, 110, 110, 110, 110, 110, 110] [310, 310, 310, 310, 310, 290, 270, 250, 230, 210, 190, 170, 150, 130] [412, 321] 14 1
[210, 190, 170, 150, 130, 110, 110, 110, 110, 110, 110, 110, 110, 110] [310, 310, 310, 310, 310, 310, 290, 270, 250, 230, 210, 190, 170, 150] [412, 321] 14 1
[230, 210, 190, 170, 150, 130, 110, 110, 110, 110, 110, 110, 110, 110] [310, 310, 310, 310, 310, 310, 310, 290, 270, 250, 230, 210, 190, 170] [412, 321] 14 1
[250, 230, 210, 190, 170, 150, 130, 110, 110, 110, 110, 110, 110, 110] [310, 310, 310, 310, 310, 310, 310, 310, 290, 270, 250, 230, 210, 190] [412, 321] 14 1
[270, 250, 230, 210, 190, 170, 150, 130, 110, 110, 110, 110, 110, 110] [310, 310, 310, 310, 310, 310, 310, 310, 310, 290, 270, 250, 230, 210] [412, 321] 14 1
[290, 270, 250, 230, 210, 190, 170, 150, 130, 110, 110, 110, 110, 110] [310, 310, 310, 310, 310, 310, 310, 310, 310, 310, 290, 270, 250, 230] [412, 321] 14 1
[310, 290, 270, 250, 230, 210, 190, 170, 150, 130, 110, 110, 110, 110] [310, 310, 310, 310, 310, 310, 310, 310, 310, 310, 310, 290, 270, 250] [412, 321] 14 1
[330, 310, 290, 270, 250, 230, 210, 190, 170, 150, 130, 110, 110, 110] [310, 310, 310, 310, 310, 310, 310, 310, 310, 310, 310, 310, 290, 270] [412, 321] 14 1
[350, 330, 310, 290, 270, 250, 230, 210, 190, 170, 150, 130, 110, 110] [310, 310, 310, 310, 310, 310, 310, 310, 310, 310, 310, 310, 310, 290] [412, 321] 14 1
[370, 350, 330, 310, 290, 270, 250, 230, 210, 190, 170, 150, 130, 110] [310, 310, 310, 310, 310, 310, 310, 310, 310, 310, 310, 310, 310, 310] [412, 321] 14 1
[390, 370, 350, 330, 310, 290, 270, 250, 230, 210, 190, 170, 150, 130] [310, 310, 310, 310, 310, 310, 310, 310, 310, 310, 310, 310, 310, 310] [412, 321] 14 1
[410, 390, 370, 350, 330, 310, 290, 270, 250, 230, 210, 190, 170, 150] [310, 310, 310, 310, 310, 310, 310, 310, 310, 310, 310, 310, 310, 310] [412, 321] 14 1
[430, 410, 390, 370, 350, 330, 310, 290, 270, 250, 230, 210, 190, 170, 150] [310, 310, 310, 310, 310, 310, 310, 310, 310, 310, 310, 310, 310, 310, 310] [111, 388] 15 1
