[50, 30, 10, 10, 10, 10, 10, 10, 10, 10, 10, 10, 10, 10, 10, 10, 10, 10, 10, 10, 10, 10, 10, 30, 50, 70, 90, 110, 130, 150, 170, 190] [570, 570, 570, 550, 530, 510, 490, 470, 450, 430, 410, 390, 370, 350, 330, 310, 290, 270, 250, 230, 210, 190, 170, 170, 170, 170, 170, 170, 170, 170, 170, 170] [161, 560] 32 1
[70, 50, 30, 10, 10, 10, 10, 10, 10, 10, 10, 10, 10, 10, 10, 10, 10, 10, 10, 10, 10, 10, 10, 10, 30, 50, 70, 90, 110, 130, 150, 170] [570, 570, 570, 570, 550, 530, 510, 490, 470, 450, 430, 410, 390, 370, 350, 330, 310, 290, 270, 250, 230, 210, 190, 170, 170, 170, 170, 170, 170, 170, 170, 170] [161, 560] 32 1
[90, 70, 50, 30, 10, 10, 10, 10, 10, 10, 10, 10, 10, 10, 10, 10, 10, 10, 10, 10, 10, 10, 10, 10, 10, 30, 50, 70, 90, 110, 130, 150] [570, 570, 570, 570, 570, 550, 530, 510, 490, 470, 450, 430, 410, 390, 370, 350, 330, 310, 290, 270, 250, 230, 210, 190, 170, 170, 170, 170, 170, 170, 170, 170] [161, 560] 32 1
[110, 90, 70, 50, 30, 10, 10, 10, 10, 10, 10, 10, 10, 10, 10, 10, 10, 10, 10, 10, 10, 10, 10, 10, 10, 10, 30, 50, 70, 90, 110, 130] [570, 570, 570, 570, 570, 570, 550, 530, 510, 490, 470, 450, 430, 410, 390, 370, 350, 330, 310, 290, 270, 250, 230, 210, 190, 170, 170, 170, 170, 170, 170, 170] [161, 560] 32 1
[130, 110, 90, 70, 50, 30, 10, 10, 10, 10, 10, 10, 10, 10, 10, 10, 10, 10, 10, 10, 10, 10, 10, 10, 10, 10, 10, 30, 50, 70, 90, 110] [570, 570, 570, 570, 570, 570, 570, 550, 530, 510, 490, 470, 450, 430, 410, 390, 370, 350, 330, 310, 290, 270, 250, 230, 210, 190, 170, 170, 170, 170, 170, 170] [161, 560] 32 1
[150, 130, 110, 90, 70, 50, 30, 10, 10, 10, 10, 10, 10, 10, 10, 10, 10, 10, 10, 10, 10, 10, 10, 10, 10, 10, 10, 10, 30, 50, 70, 90] [570, 570, 570, 570, 570, 570, 570, 570, 550, 530, 510, 490, 470, 450, 430, 410, 390, 370, 350, 330, 310, 290, 270, 250, 230, 210, 190, 170, 170, 170, 170, 170] [161, 560] 32 1
[150, 150, 130, 110, 90, 70, 50, 30, 10, 10, 10, 10, 10, 10, 10, 10, 10, 10, 10, 10, 10, 10, 10, 10, 10, 10, 10, 10, 10, 30, 50, 70] [550, 570, 570, 570, 570, 570, 570, 570, 570, 550, 530, 510, 490, 470, 450, 430, 410, 390, 370, 350, 330, 310, 290, 270, 250, 230, 210, 190, 170, 170, 170, 170] [161, 560] 32 2
[150, 150, 150, 130, 110, 90, 70, 50, 30, 10, 10, 10, 10, 10, 10, 10, 10, 10, 10, 10, 10, 10, 10, 10, 10, 10, 10, 10, 10, 10, 30, 50, 70] [530, 550, 570, 570, 570, 570, 570, 570, 570, 570, 550, 530, 510, 490, 470, 450, 430, 410, 390, 370, 350, 330, 310, 290, 270, 250, 230, 210, 190, 170, 170, 170, 170] [225, 523] 33 2
[150, 150, 150, 150, 130, 110, 90, 70, 50, 30, 10, 10, 10, 10, 10, 10, 10, 10, 10, 10, 10, 10, 10, 10, 10, 10, 10, 10, 10, 10, 10, 30, 50] [510, 530, 550, 570, 570, 570, 570, 570, 570, 570, 570, 550, 530, 510, 490, 470, 450, 430, 410, 390, 370, 350, 330, 310, 290, 270, 250, 230, 210, 190, 170, 170, 170] [225, 523] 33 2
[170, 150, 150, 150, 150, 130, 110, 90, 70, 50, 30, 10, 10, 10, 10, 10, 10, 10, 10, 10, 10, 10, 10, 10, 10, 10, 10, 10, 10, 10, 10, 10, 30] [510, 510, 530, 550, 570, 570, 570, 570, 570, 570, 570, 570, 550, 530, 510, 490, 470, 450, 430, 410, 390, 370, 350, 330, 310, 290, 270, 250, 230, 210, 190, 170, 170] [225, 523] 33 1
[190, 170, 150, 150, 150, 150, 130, 110, 90, 70, 50, 30, 10, 10, 10, 10, 10, 10, 10, 10, 10, 10, 10, 10, 10, 10, 10, 10, 10, 10, 10, 10, 10] [510, 510, 510, 530, 550, 570, 570, 570, 570, 570, 570, 570, 570, 550, 530, 510, 490, 470, 450, 430, 410, 390, 370, 350, 330, 310, 290, 270, 250, 230, 210, 190, 170] [225, 523] 33 1
[210, 190, 170, 150, 150, 150, 150, 130, 110, 90, 70, 50, 30, 10, 10, 10, 10, 10, 10, 10, 10, 10, 10, 10, 10, 10, 10, 10, 10, 10, 10, 10, 10] [510, 510, 510, 510, 530, 550, 570, 570, 570, 570, 570, 570, 570, 570, 550, 530, 510, 490, 470, 450, 430, 410, 390, 370, 350, 330, 310, 290, 270, 250, 230, 210, 190] [225, 523] 33 1
[230, 210, 190, 170, 150, 150, 150, 150, 130, 110, 90, 70, 50, 30, 10, 10, 10, 10, 10, 10, 10, 10, 10, 10, 10, 10, 10, 10, 10, 10, 10, 10, 10, 10] [510, 510, 510, 510, 510, 530, 550, 570, 570, 570, 570, 570, 570, 570, 570, 550, 530, 510, 490, 470, 450, 430, 410, 390, 370, 350, 330, 310, 290, 270, 250, 230, 210, 190] [368, 431] 34 1
[250, 230, 210, 190, 170, 150, 150, 150, 150, 130, 110, 90, 70, 50, 30, 10, 10, 10, 10, 10, 10, 10, 10, 10, 10, 10, 10, 10, 10, 10, 10, 10, 10, 10] [510, 510, 510, 510, 510, 510, 530, 550, 570, 570, 570, 570, 570, 570, 570, 570, 550, 530, 510, 490, 470, 450, 430, 410, 390, 370, 350, 330, 310, 290, 270, 250, 230, 210] [368, 431] 34 1
[270, 250, 230, 210, 190, 170, 150, 150, 150, 150, 130, 110, 90, 70, 50, 30, 10, 10, 10, 10, 10, 10, 10, 10, 10, 10, 10, 10, 10, 10, 10, 10, 10, 10] [510, 510, 510, 510, 510, 510, 510, 530, 550, 570, 570, 570, 570, 570, 570, 570, 570, 550, 530, 510, 490, 470, 450, 430, 410, 390, 370, 350, 330, 310, 290, 270, 250, 230] [368, 431] 34 1
[290, 270, 250, 230, 210, 190, 170, 150, 150, 150, 150, 130, 110, 90, 70, 50, 30, 10, 10, 10, 10, 10, 10, 10, 10, 10, 10, 10, 10, 10, 10, 10, 10, 10] [510, 510, 510, 510, 510, 510, 510, 510, 530, 550, 570, 570, 570, 570, 570, 570, 570, 570, 550, 530, 510, 490, 470, 450, 430, 410, 390, 370, 350, 330, 310, 290, 270, 250] [368, 431] 34 1
[310, 290, 270, 250, 230, 210, 190, 170, 150, 150, 150, 150, 130, 110, 90, 70, 50, 30, 10, 10, 10, 10, 10, 10, 10, 10, 10, 10, 10, 10, 10, 10, 10, 10] [510, 510, 510, 510, 510, 510, 510, 510, 510, 530, 550, 570, 570, 570, 570, 570, 570, 570, 570, 550, 530, 510, 490, 470, 450, 430, 410, 390, 370, 350, 330, 310, 290, 270] [368, 431] 34 1
[330, 310, 290, 270, 250, 230, 210, 190, 170, 150, 150, 150, 150, 130, 110, 90, 70, 50, 30, 10, 10, 10, 10, 10, 10, 10, 10, 10, 10, 10, 10, 10, 10, 10] [510, 510, 510, 510, 510, 510, 510, 510, 510, 510, 530, 550, 570, 570, 570, 570, 570, 570, 570, 570, 550, 530, 510, 490, 470, 450, 430, 410, 390, 370, 350, 330, 310, 290] [368, 431] 34 1
[350, 330, 310, 290, 270, 250, 230, 210, 190, 170, 150, 150, 150, 150, 130, 110, 90, 70, 50, 30, 10, 10, 10, 10, 10, 10, 10, 10, 10, 10, 10, 10, 10, 10] [510, 510, 510, 510, 510, 510, 510, 510, 510, 510, 510, 530, 550, 570, 570, 570, 570, 570, 570, 570, 570, 550, 530, 510, 490, 470, 450, 430, 410, 390, 370, 350, 330, 310] [368, 431] 34 1
[370, 350, 330, 310, 290, 270, 250, 230, 210, 190, 170, 150, 150, 150, 150, 130, 110, 90, 70, 50, 30, 10, 10, 10, 10, 10, 10, 10, 10, 10, 10, 10, 10, 10] [510, 510, 510, 510, 510, 510, 510, 510, 510, 510, 510, 510, 530, 550, 570, 570, 570, 570, 570, 570, 570, 570, 550, 530, 510, 490, 470, 450, 430, 410, 390, 370, 350, 330] [368, 431] 34 1
[370, 370, 350, 330, 310, 290, 270, 250, 230, 210, 190, 170, 150, 150, 150, 150, 130, 110, 90, 70, 50, 30, 10, 10, 10, 10, 10, 10, 10, 10, 10, 10, 10, 10] [490, 510, 510, 510, 510, 510, 510, 510, 510, 510, 510, 510, 510, 530, 550, 570, 570, 570, 570, 570, 570, 570, 570, 550, 530, 510, 490, 470, 450, 430, 410, 390, 370, 350] [368, 431] 34 2
[370, 370, 370, 350, 330, 310, 290, 270, 250, 230, 210, 190, 170, 150, 150, 150, 150, 130, 110, 90, 70, 50, 30, 10, 10, 10, 10, 10, 10, 10, 10, 10, 10, 10] [470, 490, 510, 510, 510, 510, 510, 510, 510, 510, 510, 510, 510, 510, 530, 550, 570, 570, 570, 570, 570, 570, 570, 570, 550, 530, 510, 490, 470, 450, 430, 410, 390, 370] [368, 431] 34 2
[370, 370, 370, 370, 350, 330, 310, 290, 270, 250, 230, 210, 190, 170, 150, 150, 150, 150, 130, 110, 90, 70, 50, 30, 10, 10, 10, 10, 10, 10, 10, 10, 10, 10] [450, 470, 490, 510, 510, 510, 510, 510, 510, 510, 510, 510, 510, 510, 510, 530, 550, 570, 570, 570, 570, 570, 570, 570, 570, 550, 530, 510, 490, 470, 450, 430, 410, 390] [368, 431] 34 2
[370, 370, 370, 370, 370, 350, 330, 310, 290, 270, 250, 230, 210, 190, 170, 150, 150, 150, 150, 130, 110, 90, 70, 50, 30, 10, 10, 10, 10, 10, 10, 10, 10, 10] [430, 450, 470, 490, 510, 510, 510, 510, 510, 510, 510, 510, 510, 510, 510, 510, 530, 550, 570, 570, 570, 570, 570, 570, 570, 570, 550, 530, 510, 490, 470, 450, 430, 410] [368, 431] 34 2
[370, 370, 370, 370, 370, 370, 350, 330, 310, 290, 270, 250, 230, 210, 190, 170, 150, 150, 150, 150, 130, 110, 90, 70, 50, 30, 10, 10, 10, 10, 10, 10, 10, 10, 10] [410, 430, 450, 470, 490, 510, 510, 510, 510, 510, 510, 510, 510, 510, 510, 510, 510, 530, 550, 570, 570, 570, 570, 570, 570, 570, 570, 550, 530, 510, 490, 470, 450, 430, 410] [214, 216] 35 2
[370, 370, 370, 370, 370, 370, 370, 350, 330, 310, 290, 270, 250, 230, 210, 190, 170, 150, 150, 150, 150, 130, 110, 90, 70, 50, 30, 10, 10, 10, 10, 10, 10, 10, 10] [390, 410, 430, 450, 470, 490, 510, 510, 510, 510, 510, 510, 510, 510, 510, 510, 510, 510, 530, 550, 570, 570, 570, 570, 570, 570, 570, 570, 550, 530, 510, 490, 470, 450, 430] [214, 216] 35 2
[370, 370, 370, 370, 370, 370, 370, 370, 350, 330, 310, 290, 270, 250, 230, 210, 190, 170, 150, 150, 150, 150, 130, 110, 90, 70, 50, 30, 10, 10, 10, 10, 10, 10, 10] [370, 390, 410, 430, 450, 470, 490, 510, 510, 510, 510, 510, 510, 510, 510, 510, 510, 510, 510, 530, 550, 570, 570, 570, 570, 570, 570, 570, 570, 550, 530, 510, 490, 470, 450] [214, 216] 35 2
[370, 370, 370, 370, 370, 370, 370, 370, 370, 350, 330, 310, 290, 270, 250, 230, 210, 190, 170, 150, 150, 150, 150, 130, 110, 90, 70, 50, 30, 10, 10, 10, 10, 10, 10] [350, 370, 390, 410, 430, 450, 470, 490, 510, 510, 510, 510, 510, 510, 510, 510, 510, 510, 510, 510, 530, 550, 570, 570, 570, 570, 570, 570, 570, 570, 550, 530, 510, 490, 470] [214, 216] 35 2
[370, 370, 370, 370, 370, 370, 370, 370, 370, 370, 350, 330, 310, 290, 270, 250, 230, 210, 190, 170, 150, 150, 150, 150, 130, 110, 90, 70, 50, 30, 10, 10, 10, 10, 10] [330, 350, 370, 390, 410, 430, 450, 470, 490, 510, 510, 510, 510, 510, 510, 510, 510, 510, 510, 510, 510, 530, 550, 570, 570, 570, 570, 570, 570, 570, 570, 550, 530, 510, 490] [214, 216] 35 2
[370, 370, 370, 370, 370, 370, 370, 370, 370, 370, 370, 350, 330, 310, 290, 270, 250, 230, 210, 190, 170, 150, 150, 150, 150, 130, 110, 90, 70, 50, 30, 10, 10, 10, 10] [310, 330, 350, 370, 390, 410, 430, 450, 470, 490, 510, 510, 510, 510, 510, 510, 510, 510, 510, 510, 510, 510, 530, 550, 570, 570, 570, 570, 570, 570, 570, 570, 550, 530, 510] [214, 216] 35 2
[370, 370, 370, 370, 370, 370, 370, 370, 370, 370, 370, 370, 350, 330, 310, 290, 270, 250, 230, 210, 190, 170, 150, 150, 150, 150, 130, 110, 90, 70, 50, 30, 10, 10, 10] [290, 310, 330, 350, 370, 390, 410, 430, 450, 470, 490, 510, 510, 510, 510, 510, 510, 510, 510, 510, 510, 510, 510, 530, 550, 570, 570, 570, 570, 570, 570, 570, 570, 550, 530] [214, 216] 35 2
[370, 370, 370, 370, 370, 370, 370, 370, 370, 370, 370, 370, 370, 350, 330, 310, 290, 270, 250, 230, 210, 190, 170, 150, 150, 150, 150, 130, 110, 90, 70, 50, 30, 10, 10] [270, 290, 310, 330, 350, 370, 390, 410, 430, 450, 470, 490, 510, 510, 510, 510, 510, 510, 510, 510, 510, 510, 510, 510, 530, 550, 570, 570, 570, 570, 570, 570, 570, 570, 550] [214, 216] 35 2
[370, 370, 370, 370, 370, 370, 370, 370, 370, 370, 370, 370, 370, 370, 350, 330, 310, 290, 270, 250, 230, 210, 190, 170, 150, 150, 150, 150, 130, 110, 90, 70, 50, 30, 10] [250, 270, 290, 310, 330, 350, 370, 390, 410, 430, 450, 470, 490, 510, 510, 510, 510, 510, 510, 510, 510, 510, 510, 510, 510, 530, 550, 570, 570, 570, 570, 570, 570, 570, 570] [214, 216] 35 2
[370, 370, 370, 370, 370, 370, 370, 370, 370, 370, 370, 370, 370, 370, 370, 350, 330, 310, 290, 270, 250, 230, 210, 190, 170, 150, 150, 150, 150, 130, 110, 90, 70, 50, 30] [230, 250, 270, 290, 310, 330, 350, 370, 390, 410, 430, 450, 470, 490, 510, 510, 510, 510, 510, 510, 510, 510, 510, 510, 510, 510, 530, 550, 570, 570, 570, 570, 570, 570, 570] [214, 216] 35 2
[370, 370, 370, 370, 370, 370, 370, 370, 370, 370, 370, 370, 370, 370, 370, 370, 350, 330, 310, 290, 270, 250, 230, 210, 190, 170, 150, 150, 150, 150, 130, 110, 90, 70, 50] [210, 230, 250, 270, 290, 310, 330, 350, 370, 390, 410, 430, 450, 470, 490, 510, 510, 510, 510, 510, 510, 510, 510, 510, 510, 510, 510, 530, 550, 570, 570, 570, 570, 570, 570] [214, 216] 35 2
[350, 370, 370, 370, 370, 370, 370, 370, 370, 370, 370, 370, 370, 370, 370, 370, 370, 350, 330, 310, 290, 270, 250, 230, 210, 190, 170, 150, 150, 150, 150, 130, 110, 90, 70] [210, 210, 230, 250, 270, 290, 310, 330, 350, 370, 390, 410, 430, 450, 470, 490, 510, 510, 510, 510, 510, 510, 510, 510, 510, 510, 510, 510, 530, 550, 570, 570, 570, 570, 570] [214, 216] 35 3
[330, 350, 370, 370, 370, 370, 370, 370, 370, 370, 370, 370, 370, 370, 370, 370, 370, 370, 350, 330, 310, 290, 270, 250, 230, 210, 190, 170, 150, 150, 150, 150, 130, 110, 90] [210, 210, 210, 230, 250, 270, 290, 310, 330, 350, 370, 390, 410, 430, 450, 470, 490, 510, 510, 510, 510, 510, 510, 510, 510, 510, 510, 510, 510, 530, 550, 570, 570, 570, 570] [214, 216] 35 3
[310, 330, 350, 370, 370, 370, 370, 370, 370, 370, 370, 370, 370, 370, 370, 370, 370, 370, 370, 350, 330, 310, 290, 270, 250, 230, 210, 190, 170, 150, 150, 150, 150, 130, 110] [210, 210, 210, 210, 230, 250, 270, 290, 310, 330, 350, 370, 390, 410, 430, 450, 470, 490, 510, 510, 510, 510, 510, 510, 510, 510, 510, 510, 510, 510, 530, 550, 570, 570, 570] [214, 216] 35 3
[290, 310, 330, 350, 370, 370, 370, 370, 370, 370, 370, 370, 370, 370, 370, 370, 370, 370, 370, 370, 350, 330, 310, 290, 270, 250, 230, 210, 190, 170, 150, 150, 150, 150, 130] [210, 210, 210, 210, 210, 230, 250, 270, 290, 310, 330, 350, 370, 390, 410, 430, 450, 470, 490, 510, 510, 510, 510, 510, 510, 510, 510, 510, 510, 510, 510, 530, 550, 570, 570] [214, 216] 35 3
[270, 290, 310, 330, 350, 370, 370, 370, 370, 370, 370, 370, 370, 370, 370, 370, 370, 370, 370, 370, 370, 350, 330, 310, 290, 270, 250, 230, 210, 190, 170, 150, 150, 150, 150] [210, 210, 210, 210, 210, 210, 230, 250, 270, 290, 310, 330, 350, 370, 390, 410, 430, 450, 470, 490, 510, 510, 510, 510, 510, 510, 510, 510, 510, 510, 510, 510, 530, 550, 570] [214, 216] 35 3
[250, 270, 290, 310, 330, 350, 370, 370, 370, 370, 370, 370, 370, 370, 370, 370, 370, 370, 370, 370, 370, 370, 350, 330, 310, 290, 270, 250, 230, 210, 190, 170, 150, 150, 150] [210, 210, 210, 210, 210, 210, 210, 230, 250, 270, 290, 310, 330, 350, 370, 390, 410, 430, 450, 470, 490, 510, 510, 510, 510, 510, 510, 510, 510, 510, 510, 510, 510, 530, 550] [214, 216] 35 3
[230, 250, 270, 290, 310, 330, 350, 370, 370, 370, 370, 370, 370, 370, 370, 370, 370, 370, 370, 370, 370, 370, 370, 350, 330, 310, 290, 270, 250, 230, 210, 190, 170, 150, 150] [210, 210, 210, 210, 210, 210, 210, 210, 230, 250, 270, 290, 310, 330, 350, 370, 390, 410, 430, 450, 470, 490, 510, 510, 510, 510, 510, 510, 510, 510, 510, 510, 510, 510, 530] [214, 216] 35 3
[210, 230, 250, 270, 290, 310, 330, 350, 370, 370, 370, 370, 370, 370, 370, 370, 370, 370, 370, 370, 370, 370, 370, 370, 350, 330, 310, 290, 270, 250, 230, 210, 190, 170, 150] [210, 210, 210, 210, 210, 210, 210, 210, 210, 230, 250, 270, 290, 310, 330, 350, 370, 390, 410, 430, 450, 470, 490, 510, 510, 510, 510, 510, 510, 510, 510, 510, 510, 510, 510] [214, 216] 35 3
[190, 210, 230, 250, 270, 290, 310, 330, 350, 370, 370, 370, 370, 370, 370, 370, 370, 370, 370, 370, 370, 370, 370, 370, 370, 350, 330, 310, 290, 270, 250, 230, 210, 190, 170, 150] [210, 210, 210, 210, 210, 210, 210, 210, 210, 210, 230, 250, 270, 290, 310, 330, 350, 370, 390, 410, 430, 450, 470, 490, 510, 510, 510, 510, 510, 510, 510, 510, 510, 510, 510, 510] [471, 552] 36 3
[170, 190, 210, 230, 250, 270, 290, 310, 330, 350, 370, 370, 370, 370, 370, 370, 370, 370, 370, 370, 370, 370, 370, 370, 370, 370, 350, 330, 310, 290, 270, 250, 230, 210, 190, 170] [210, 210, 210, 210, 210, 210, 210, 210, 210, 210, 210, 230, 250, 270, 290, 310, 330, 350, 370, 390, 410, 430, 450, 470, 490, 510, 510, 510, 510, 510, 510, 510, 510, 510, 510, 510] [471, 552] 36 3
[170, 170, 190, 210, 230, 250, 270, 290, 310, 330, 350, 370, 370, 370, 370, 370, 370, 370, 370, 370, 370, 370, 370, 370, 370, 370, 370, 350, 330, 310, 290, 270, 250, 230, 210, 190] [230, 210, 210, 210, 210, 210, 210, 210, 210, 210, 210, 210, 230, 250, 270, 290, 310, 330, 350, 370, 390, 410, 430, 450, 470, 490, 510, 510, 510, 510, 510, 510, 510, 510, 510, 510] [471, 552] 36 0
[170, 170, 170, 190, 210, 230, 250, 270, 290, 310, 330, 350, 370, 370, 370, 370, 370, 370, 370, 370, 370, 370, 370, 370, 370, 370, 370, 370, 350, 330, 310, 290, 270, 250, 230, 210] [250, 230, 210, 210, 210, 210, 210, 210, 210, 210, 210, 210, 210, 230, 250, 270, 290, 310, 330, 350, 370, 390, 410, 430, 450, 470, 490, 510, 510, 510, 510, 510, 510, 510, 510, 510] [471, 552] 36 0
[170, 170, 170, 170, 190, 210, 230, 250, 270, 290, 310, 330, 350, 370, 370, 370, 370, 370, 370, 370, 370, 370, 370, 370, 370, 370, 370, 370, 370, 350, 330, 310, 290, 270, 250, 230] [270, 250, 230, 210, 210, 210, 210, 210, 210, 210, 210, 210, 210, 210, 230, 250, 270, 290, 310, 330, 350, 370, 390, 410, 430, 450, 470, 490, 510, 510, 510, 510, 510, 510, 510, 510] [471, 552] 36 0
[170, 170, 170, 170, 170, 190, 210, 230, 250, 270, 290, 310, 330, 350, 370, 370, 370, 370, 370, 370, 370, 370, 370, 370, 370, 370, 370, 370, 370, 370, 350, 330, 310, 290, 270, 250] [290, 270, 250, 230, 210, 210, 210, 210, 210, 210, 210, 210, 210, 210, 210, 230, 250, 270, 290, 310, 330, 350, 370, 390, 410, 430, 450, 470, 490, 510, 510, 510, 510, 510, 510, 510] [471, 552] 36 0
[170, 170, 170, 170, 170, 170, 190, 210, 230, 250, 270, 290, 310, 330, 350, 370, 370, 370, 370, 370, 370, 370, 370, 370, 370, 370, 370, 370, 370, 370, 370, 350, 330, 310, 290, 270] [310, 290, 270, 250, 230, 210, 210, 210, 210, 210, 210, 210, 210, 210, 210, 210, 230, 250, 270, 290, 310, 330, 350, 370, 390, 410, 430, 450, 470, 490, 510, 510, 510, 510, 510, 510] [471, 552] 36 0
[170, 170, 170, 170, 170, 170, 170, 190, 210, 230, 250, 270, 290, 310, 330, 350, 370, 370, 370, 370, 370, 370, 370, 370, 370, 370, 370, 370, 370, 370, 370, 370, 350, 330, 310, 290] [330, 310, 290, 270, 250, 230, 210, 210, 210, 210, 210, 210, 210, 210, 210, 210, 210, 230, 250, 270, 290, 310, 330, 350, 370, 390, 410, 430, 450, 470, 490, 510, 510, 510, 510, 510] [471, 552] 36 0
[170, 170, 170, 170, 170, 170, 170, 170, 190, 210, 230, 250, 270, 290, 310, 330, 350, 370, 370, 370, 370, 370, 370, 370, 370, 370, 370, 370, 370, 370, 370, 370, 370, 350, 330, 310] [350, 330, 310, 290, 270, 250, 230, 210, 210, 210, 210, 210, 210, 210, 210, 210, 210, 210, 230, 250, 270, 290, 310, 330, 350, 370, 390, 410, 430, 450, 470, 490, 510, 510, 510, 510] [471, 552] 36 0
[170, 170, 170, 170, 170, 170, 170, 170, 170, 190, 210, 230, 250, 270, 290, 310, 330, 350, 370, 370, 370, 370, 370, 370, 370, 370, 370, 370, 370, 370, 370, 370, 370, 370, 350, 330] [370, 350, 330, 310, 290, 270, 250, 230, 210, 210, 210, 210, 210, 210, 210, 210, 210, 210, 210, 230, 250, 270, 290, 310, 330, 350, 370, 390, 410, 430, 450, 470, 490, 510, 510, 510] [471, 552] 36 0
[170, 170, 170, 170, 170, 170, 170, 170, 170, 170, 190, 210, 230, 250, 270, 290, 310, 330, 350, 370, 370, 370, 370, 370, 370, 370, 370, 370, 370, 370, 370, 370, 370, 370, 370, 350] [390, 370, 350, 330, 310, 290, 270, 250, 230, 210, 210, 210, 210, 210, 210, 210, 210, 210, 210, 210, 230, 250, 270, 290, 310, 330, 350, 370, 390, 410, 430, 450, 470, 490, 510, 510] [471, 552] 36 0
[170, 170, 170, 170, 170, 170, 170, 170, 170, 170, 170, 190, 210, 230, 250, 270, 290, 310, 330, 350, 370, 370, 370, 370, 370, 370, 370, 370, 370, 370, 370, 370, 370, 370, 370, 370] [410, 390, 370, 350, 330, 310, 290, 270, 250, 230, 210, 210, 210, 210, 210, 210, 210, 210, 210, 210, 210, 230, 250, 270, 290, 310, 330, 350, 370, 390, 410, 430, 450, 470, 490, 510] [471, 552] 36 0
[170, 170, 170, 170, 170, 170, 170, 170, 170, 170, 170, 170, 190, 210, 230, 250, 270, 290, 310, 330, 350, 370, 370, 370, 370, 370, 370, 370, 370, 370, 370, 370, 370, 370, 370, 370] [430, 410, 390, 370, 350, 330, 310, 290, 270, 250, 230, 210, 210, 210, 210, 210, 210, 210, 210, 210, 210, 210, 230, 250, 270, 290, 310, 330, 350, 370, 390, 410, 430, 450, 470, 490] [471, 552] 36 0
[170, 170, 170, 170, 170, 170, 170, 170, 170, 170, 170, 170, 170, 190, 210, 230, 250, 270, 290, 310, 330, 350, 370, 370, 370, 370, 370, 370, 370, 370, 370, 370, 370, 370, 370, 370] [450, 430, 410, 390, 370, 350, 330, 310, 290, 270, 250, 230, 210, 210, 210, 210, 210, 210, 210, 210, 210, 210, 210, 230, 250, 270, 290, 310, 330, 350, 370, 390, 410, 430, 450, 470] [471, 552] 36 0
[170, 170, 170, 170, 170, 170, 170, 170, 170, 170, 170, 170, 170, 170, 190, 210, 230, 250, 270, 290, 310, 330, 350, 370, 370, 370, 370, 370, 370, 370, 370, 370, 370, 370, 370, 370] [470, 450, 430, 410, 390, 370, 350, 330, 310, 290, 270, 250, 230, 210, 210, 210, 210, 210, 210, 210, 210, 210, 210, 210, 230, 250, 270, 290, 310, 330, 350, 370, 390, 410, 430, 450] [471, 552] 36 0
[170, 170, 170, 170, 170, 170, 170, 170, 170, 170, 170, 170, 170, 170, 170, 190, 210, 230, 250, 270, 290, 310, 330, 350, 370, 370, 370, 370, 370, 370, 370, 370, 370, 370, 370, 370] [490, 470, 450, 430, 410, 390, 370, 350, 330, 310, 290, 270, 250, 230, 210, 210, 210, 210, 210, 210, 210, 210, 210, 210, 210, 230, 250, 270, 290, 310, 330, 350, 370, 390, 410, 430] [471, 552] 36 0
[170, 170, 170, 170, 170, 170, 170, 170, 170, 170, 170, 170, 170, 170, 170, 170, 190, 210, 230, 250, 270, 290, 310, 330, 350, 370, 370, 370, 370, 370, 370, 370, 370, 370, 370, 370] [510, 490, 470, 450, 430, 410, 390, 370, 350, 330, 310, 290, 270, 250, 230, 210, 210, 210, 210, 210, 210, 210, 210, 210, 210, 210, 230, 250, 270, 290, 310, 330, 350, 370, 390, 410] [471, 552] 36 0
[170, 170, 170, 170, 170, 170, 170, 170, 170, 170, 170, 170, 170, 170, 170, 170, 170, 190, 210, 230, 250, 270, 290, 310, 330, 350, 370, 370, 370, 370, 370, 370, 370, 370, 370, 370] [530, 510, 490, 470, 450, 430, 410, 390, 370, 350, 330, 310, 290, 270, 250, 230, 210, 210, 210, 210, 210, 210, 210, 210, 210, 210, 210, 230, 250, 270, 290, 310, 330, 350, 370, 390] [471, 552] 36 0
[170, 170, 170, 170, 170, 170, 170, 170, 170, 170, 170, 170, 170, 170, 170, 170, 170, 170, 190, 210, 230, 250, 270, 290, 310, 330, 350, 370, 370, 370, 370, 370, 370, 370, 370, 370] [550, 530, 510, 490, 470, 450, 430, 410, 390, 370, 350, 330, 310, 290, 270, 250, 230, 210, 210, 210, 210, 210, 210, 210, 210, 210, 210, 210, 230, 250, 270, 290, 310, 330, 350, 370] [471, 552] 36 0
[190, 170, 170, 170, 170, 170, 170, 170, 170, 170, 170, 170, 170, 170, 170, 170, 170, 170, 170, 190, 210, 230, 250, 270, 290, 310, 330, 350, 370, 370, 370, 370, 370, 370, 370, 370] [550, 550, 530, 510, 490, 470, 450, 430, 410, 390, 370, 350, 330, 310, 290, 270, 250, 230, 210, 210, 210, 210, 210, 210, 210, 210, 210, 210, 210, 230, 250, 270, 290, 310, 330, 350] [471, 552] 36 1
[210, 190, 170, 170, 170, 170, 170, 170, 170, 170, 170, 170, 170, 170, 170, 170, 170, 170, 170, 170, 190, 210, 230, 250, 270, 290, 310, 330, 350, 370, 370, 370, 370, 370, 370, 370] [550, 550, 550, 530, 510, 490, 470, 450, 430, 410, 390, 370, 350, 330, 310, 290, 270, 250, 230, 210, 210, 210, 210, 210, 210, 210, 210, 210, 210, 210, 230, 250, 270, 290, 310, 330] [471, 552] 36 1
[230, 210, 190, 170, 170, 170, 170, 170, 170, 170, 170, 170, 170, 170, 170, 170, 170, 170, 170, 170, 170, 190, 210, 230, 250, 270, 290, 310, 330, 350, 370, 370, 370, 370, 370, 370] [550, 550, 550, 550, 530, 510, 490, 470, 450, 430, 410, 390, 370, 350, 330, 310, 290, 270, 250, 230, 210, 210, 210, 210, 210, 210, 210, 210, 210, 210, 210, 230, 250, 270, 290, 310] [471, 552] 36 1
[250, 230, 210, 190, 170, 170, 170, 170, 170, 170, 170, 170, 170, 170, 170, 170, 170, 170, 170, 170, 170, 170, 190, 210, 230, 250, 270, 290, 310, 330, 350, 370, 370, 370, 370, 370] [550, 550, 550, 550, 550, 530, 510, 490, 470, 450, 430, 410, 390, 370, 350, 330, 310, 290, 270, 250, 230, 210, 210, 210, 210, 210, 210, 210, 210, 210, 210, 210, 230, 250, 270, 290] [471, 552] 36 1
[270, 250, 230, 210, 190, 170, 170, 170, 170, 170, 170, 170, 170, 170, 170, 170, 170, 170, 170, 170, 170, 170, 170, 190, 210, 230, 250, 270, 290, 310, 330, 350, 370, 370, 370, 370] [550, 550, 550, 550, 550, 550, 530, 510, 490, 470, 450, 430, 410, 390, 370, 350, 330, 310, 290, 270, 250, 230, 210, 210, 210, 210, 210, 210, 210, 210, 210, 210, 210, 230, 250, 270] [471, 552] 36 1
[290, 270, 250, 230, 210, 190, 170, 170, 170, 170, 170, 170, 170, 170, 170, 170, 170, 170, 170, 170, 170, 170, 170, 170, 190, 210, 230, 250, 270, 290, 310, 330, 350, 370, 370, 370] [550, 550, 550, 550, 550, 550, 550, 530, 510, 490, 470, 450, 430, 410, 390, 370, 350, 330, 310, 290, 270, 250, 230, 210, 210, 210, 210, 210, 210, 210, 210, 210, 210, 210, 230, 250] [471, 552] 36 1
[310, 290, 270, 250, 230, 210, 190, 170, 170, 170, 170, 170, 170, 170, 170, 170, 170, 170, 170, 170, 170, 170, 170, 170, 170, 190, 210, 230, 250, 270, 290, 310, 330, 350, 370, 370] [550, 550, 550, 550, 550, 550, 550, 550, 530, 510, 490, 470, 450, 430, 410, 390, 370, 350, 330, 310, 290, 270, 250, 230, 210, 210, 210, 210, 210, 210, 210, 210, 210, 210, 210, 230] [471, 552] 36 1
[330, 310, 290, 270, 250, 230, 210, 190, 170, 170, 170, 170, 170, 170, 170, 170, 170, 170, 170, 170, 170, 170, 170, 170, 170, 170, 190, 210, 230, 250, 270, 290, 310, 330, 350, 370] [550, 550, 550, 550, 550, 550, 550, 550, 550, 530, 510, 490, 470, 450, 430, 410, 390, 370, 350, 330, 310, 290, 270, 250, 230, 210, 210, 210, 210, 210, 210, 210, 210, 210, 210, 210] [471, 552] 36 1
[350, 330, 310, 290, 270, 250, 230, 210, 190, 170, 170, 170, 170, 170, 170, 170, 170, 170, 170, 170, 170, 170, 170, 170, 170, 170, 170, 190, 210, 230, 250, 270, 290, 310, 330, 350] [550, 550, 550, 550, 550, 550, 550, 550, 550, 550, 530, 510, 490, 470, 450, 430, 410, 390, 370, 350, 330, 310, 290, 270, 250, 230, 210, 210, 210, 210, 210, 210, 210, 210, 210, 210] [471, 552] 36 1
[370, 350, 330, 310, 290, 270, 250, 230, 210, 190, 170, 170, 170, 170, 170, 170, 170, 170, 170, 170, 170, 170, 170, 170, 170, 170, 170, 170, 190, 210, 230, 250, 270, 290, 310, 330] [550, 550, 550, 550, 550, 550, 550, 550, 550, 550, 550, 530, 510, 490, 470, 450, 430, 410, 390, 370, 350, 330, 310, 290, 270, 250, 230, 210, 210, 210, 210, 210, 210, 210, 210, 210] [471, 552] 36 1
[390, 370, 350, 330, 310, 290, 270, 250, 230, 210, 190, 170, 170, 170, 170, 170, 170, 170, 170, 170, 170, 170, 170, 170, 170, 170, 170, 170, 170, 190, 210, 230, 250, 270, 290, 310] [550, 550, 550, 550, 550, 550, 550, 550, 550, 550, 550, 550, 530, 510, 490, 470, 450, 430, 410, 390, 370, 350, 330, 310, 290, 270, 250, 230, 210, 210, 210, 210, 210, 210, 210, 210] [471, 552] 36 1
[410, 390, 370, 350, 330, 310, 290, 270, 250, 230, 210, 190, 170, 170, 170, 170, 170, 170, 170, 170, 170, 170, 170, 170, 170, 170, 170, 170, 170, 170, 190, 210, 230, 250, 270, 290] [550, 550, 550, 550, 550, 550, 550, 550, 550, 550, 550, 550, 550, 530, 510, 490, 470, 450, 430, 410, 390, 370, 350, 330, 310, 290, 270, 250, 230, 210, 210, 210, 210, 210, 210, 210] [471, 552] 36 1
[430, 410, 390, 370, 350, 330, 310, 290, 270, 250, 230, 210, 190, 170, 170, 170, 170, 170, 170, 170, 170, 170, 170, 170, 170, 170, 170, 170, 170, 170, 170, 190, 210, 230, 250, 270] [550, 550, 550, 550, 550, 550, 550, 550, 550, 550, 550, 550, 550, 550, 530, 510, 490, 470, 450, 430, 410, 390, 370, 350, 330, 310, 290, 270, 250, 230, 210, 210, 210, 210, 210, 210] [471, 552] 36 1
[450, 430, 410, 390, 370, 350, 330, 310, 290, 270, 250, 230, 210, 190, 170, 170, 170, 170, 170, 170, 170, 170, 170, 170, 170, 170, 170, 170, 170, 170, 170, 170, 190, 210, 230, 250] [550, 550, 550, 550, 550, 550, 550, 550, 550, 550, 550, 550, 550, 550, 550, 530, 510, 490, 470, 450, 430, 410, 390, 370, 350, 330, 310, 290, 270, 250, 230, 210, 210, 210, 210, 210] [471, 552] 36 1
[470, 450, 430, 410, 390, 370, 350, 330, 310, 290, 270, 250, 230, 210, 190, 170, 170, 170, 170, 170, 170, 170, 170, 170, 170, 170, 170, 170, 170, 170, 170, 170, 170, 190, 210, 230] [550, 550, 550, 550, 550, 550, 550, 550, 550, 550, 550, 550, 550, 550, 550, 550, 530, 510, 490, 470, 450, 430, 410, 390, 370, 350, 330, 310, 290, 270, 250, 230, 210, 210, 210, 210] [471, 552] 36 1
[470, 470, 450, 430, 410, 390, 370, 350, 330, 310, 290, 270, 250, 230, 210, 190, 170, 170, 170, 170, 170, 170, 170, 170, 170, 170, 170, 170, 170, 170, 170, 170, 170, 170, 190, 210, 230] [530, 550, 550, 550, 550, 550, 550, 550, 550, 550, 550, 550, 550, 550, 550, 550, 550, 530, 510, 490, 470, 450, 430, 410, 390, 370, 350, 330, 310, 290, 270, 250, 230, 210, 210, 210, 210] [120, 6] 37 2
[470, 470, 470, 450, 430, 410, 390, 370, 350, 330, 310, 290, 270, 250, 230, 210, 190, 170, 170, 170, 170, 170, 170, 170, 170, 170, 170, 170, 170, 170, 170, 170, 170, 170, 170, 190, 210] [510, 530, 550, 550, 550, 550, 550, 550, 550, 550, 550, 550, 550, 550, 550, 550, 550, 550, 530, 510, 490, 470, 450, 430, 410, 390, 370, 350, 330, 310, 290, 270, 250, 230, 210, 210, 210] [120, 6] 37 2
[470, 470, 470, 470, 450, 430, 410, 390, 370, 350, 330, 310, 290, 270, 250, 230, 210, 190, 170, 170, 170, 170, 170, 170, 170, 170, 170, 170, 170, 170, 170, 170, 170, 170, 170, 170, 190] [490, 510, 530, 550, 550, 550, 550, 550, 550, 550, 550, 550, 550, 550, 550, 550, 550, 550, 550, 530, 510, 490, 470, 450, 430, 410, 390, 370, 350, 330, 310, 290, 270, 250, 230, 210, 210] [120, 6] 37 2
[470, 470, 470, 470, 470, 450, 430, 410, 390, 370, 350, 330, 310, 290, 270, 250, 230, 210, 190, 170, 170, 170, 170, 170, 170, 170, 170, 170, 170, 170, 170, 170, 170, 170, 170, 170, 170] [470, 490, 510, 530, 550, 550, 550, 550, 550, 550, 550, 550, 550, 550, 550, 550, 550, 550, 550, 550, 530, 510, 490, 470, 450, 430, 410, 390, 370, 350, 330, 310, 290, 270, 250, 230, 210] [120, 6] 37 2
[470, 470, 470, 470, 470, 470, 450, 430, 410, 390, 370, 350, 330, 310, 290, 270, 250, 230, 210, 190, 170, 170, 170, 170, 170, 170, 170, 170, 170, 170, 170, 170, 170, 170, 170, 170, 170] [450, 470, 490, 510, 530, 550, 550, 550, 550, 550, 550, 550, 550, 550, 550, 550, 550, 550, 550, 550, 550, 530, 510, 490, 470, 450, 430, 410, 390, 370, 350, 330, 310, 290, 270, 250, 230] [120, 6] 37 2
[470, 470, 470, 470, 470, 470, 470, 450, 430, 410, 390, 370, 350, 330, 310, 290, 270, 250, 230, 210, 190, 170, 170, 170, 170, 170, 170, 170, 170, 170, 170, 170, 170, 170, 170, 170, 170] [430, 450, 470, 490, 510, 530, 550, 550, 550, 550, 550, 550, 550, 550, 550, 550, 550, 550, 550, 550, 550, 550, 530, 510, 490, 470, 450, 430, 410, 390, 370, 350, 330, 310, 290, 270, 250] [120, 6] 37 2
[470, 470, 470, 470, 470, 470, 470, 470, 450, 430, 410, 390, 370, 350, 330, 310, 290, 270, 250, 230, 210, 190, 170, 170, 170, 170, 170, 170, 170, 170, 170, 170, 170, 170, 170, 170, 170] [410, 430, 450, 470, 490, 510, 530, 550, 550, 550, 550, 550, 550, 550, 550, 550, 550, 550, 550, 550, 550, 550, 550, 530, 510, 490, 470, 450, 430, 410, 390, 370, 350, 330, 310, 290, 270] [120, 6] 37 2
[470, 470, 470, 470, 470, 470, 470, 470, 470, 450, 430, 410, 390, 370, 350, 330, 310, 290, 270, 250, 230, 210, 190, 170, 170, 170, 170, 170, 170, 170, 170, 170, 170, 170, 170, 170, 170] [390, 410, 430, 450, 470, 490, 510, 530, 550, 550, 550, 550, 550, 550, 550, 550, 550, 550, 550, 550, 550, 550, 550, 550, 530, 510, 490, 470, 450, 430, 410, 390, 370, 350, 330, 310, 290] [120, 6] 37 2
[470, 470, 470, 470, 470, 470, 470, 470, 470, 470, 450, 430, 410, 390, 370, 350, 330, 310, 290, 270, 250, 230, 210, 190, 170, 170, 170, 170, 170, 170, 170, 170, 170, 170, 170, 170, 170] [370, 390, 410, 430, 450, 470, 490, 510, 530, 550, 550, 550, 550, 550, 550, 550, 550, 550, 550, 550, 550, 550, 550, 550, 550, 530, 510, 490, 470, 450, 430, 410, 390, 370, 350, 330, 310] [120, 6] 37 2
[470, 470, 470, 470, 470, 470, 470, 470, 470, 470, 470, 450, 430, 410, 390, 370, 350, 330, 310, 290, 270, 250, 230, 210, 190, 170, 170, 170, 170, 170, 170, 170, 170, 170, 170, 170, 170] [350, 370, 390, 410, 430, 450, 470, 490, 510, 530, 550, 550, 550, 550, 550, 550, 550, 550, 550, 550, 550, 550, 550, 550, 550, 550, 530, 510, 490, 470, 450, 430, 410, 390, 370, 350, 330] [120, 6] 37 2
[470, 470, 470, 470, 470, 470, 470, 470, 470, 470, 470, 470, 450, 430, 410, 390, 370, 350, 330, 310, 290, 270, 250, 230, 210, 190, 170, 170, 170, 170, 170, 170, 170, 170, 170, 170, 170] [330, 350, 370, 390, 410, 430, 450, 470, 490, 510, 530, 550, 550, 550, 550, 550, 550, 550, 550, 550, 550, 550, 550, 550, 550, 550, 550, 530, 510, 490, 470, 450, 430, 410, 390, 370, 350] [120, 6] 37 2
[470, 470, 470, 470, 470, 470, 470, 470, 470, 470, 470, 470, 470, 450, 430, 410, 390, 370, 350, 330, 310, 290, 270, 250, 230, 210, 190, 170, 170, 170, 170, 170, 170, 170, 170, 170, 170] [310, 330, 350, 370, 390, 410, 430, 450, 470, 490, 510, 530, 550, 550, 550, 550, 550, 550, 550, 550, 550, 550, 550, 550, 550, 550, 550, 550, 530, 510, 490, 470, 450, 430, 410, 390, 370] [120, 6] 37 2
[470, 470, 470, 470, 470, 470, 470, 470, 470, 470, 470, 470, 470, 470, 450, 430, 410, 390, 370, 350, 330, 310, 290, 270, 250, 230, 210, 190, 170, 170, 170, 170, 170, 170, 170, 170, 170] [290, 310, 330, 350, 370, 390, 410, 430, 450, 470, 490, 510, 530, 550, 550, 550, 550, 550, 550, 550, 550, 550, 550, 550, 550, 550, 550, 550, 550, 530, 510, 490, 470, 450, 430, 410, 390] [120, 6] 37 2
[470, 470, 470, 470, 470, 470, 470, 470, 470, 470, 470, 470, 470, 470, 470, 450, 430, 410, 390, 370, 350, 330, 310, 290, 270, 250, 230, 210, 190, 170, 170, 170, 170, 170, 170, 170, 170] [270, 290, 310, 330, 350, 370, 390, 410, 430, 450, 470, 490, 510, 530, 550, 550, 550, 550, 550, 550, 550, 550, 550, 550, 550, 550, 550, 550, 550, 550, 530, 510, 490, 470, 450, 430, 410] [120, 6] 37 2
[470, 470, 470, 470, 470, 470, 470, 470, 470, 470, 470, 470, 470, 470, 470, 470, 450, 430, 410, 390, 370, 350, 330, 310, 290, 270, 250, 230, 210, 190, 170, 170, 170, 170, 170, 170, 170] [250, 270, 290, 310, 330, 350, 370, 390, 410, 430, 450, 470, 490, 510, 530, 550, 550, 550, 550, 550, 550, 550, 550, 550, 550, 550, 550, 550, 550, 550, 550, 530, 510, 490, 470, 450, 430] [120, 6] 37 2
[470, 470, 470, 470, 470, 470, 470, 470, 470, 470, 470, 470, 470, 470, 470, 470, 470, 450, 430, 410, 390, 370, 350, 330, 310, 290, 270, 250, 230, 210, 190, 170, 170, 170, 170, 170, 170] [230, 250, 270, 290, 310, 330, 350, 370, 390, 410, 430, 450, 470, 490, 510, 530, 550, 550, 550, 550, 550, 550, 550, 550, 550, 550, 550, 550, 550, 550, 550, 550, 530, 510, 490, 470, 450] [120, 6] 37 2
[470, 470, 470, 470, 470, 470, 470, 470, 470, 470, 470, 470, 470, 470, 470, 470, 470, 470, 450, 430, 410, 390, 370, 350, 330, 310, 290, 270, 250, 230, 210, 190, 170, 170, 170, 170, 170] [210, 230, 250, 270, 290, 310, 330, 350, 370, 390, 410, 430, 450, 470, 490, 510, 530, 550, 550, 550, 550, 550, 550, 550, 550, 550, 550, 550, 550, 550, 550, 550, 550, 530, 510, 490, 470] [120, 6] 37 2
[470, 470, 470, 470, 470, 470, 470, 470, 470, 470, 470, 470, 470, 470, 470, 470, 470, 470, 470, 450, 430, 410, 390, 370, 350, 330, 310, 290, 270, 250, 230, 210, 190, 170, 170, 170, 170] [190, 210, 230, 250, 270, 290, 310, 330, 350, 370, 390, 410, 430, 450, 470, 490, 510, 530, 550, 550, 550, 550, 550, 550, 550, 550, 550, 550, 550, 550, 550, 550, 550, 550, 530, 510, 490] [120, 6] 37 2
[470, 470, 470, 470, 470, 470, 470, 470, 470, 470, 470, 470, 470, 470, 470, 470, 470, 470, 470, 470, 450, 430, 410, 390, 370, 350, 330, 310, 290, 270, 250, 230, 210, 190, 170, 170, 170] [170, 190, 210, 230, 250, 270, 290, 310, 330, 350, 370, 390, 410, 430, 450, 470, 490, 510, 530, 550, 550, 550, 550, 550, 550, 550, 550, 550, 550, 550, 550, 550, 550, 550, 550, 530, 510] [120, 6] 37 2
[470, 470, 470, 470, 470, 470, 470, 470, 470, 470, 470, 470, 470, 470, 470, 470, 470, 470, 470, 470, 470, 450, 430, 410, 390, 370, 350, 330, 310, 290, 270, 250, 230, 210, 190, 170, 170] [150, 170, 190, 210, 230, 250, 270, 290, 310, 330, 350, 370, 390, 410, 430, 450, 470, 490, 510, 530, 550, 550, 550, 550, 550, 550, 550, 550, 550, 550, 550, 550, 550, 550, 550, 550, 530] [120, 6] 37 2
[470, 470, 470, 470, 470, 470, 470, 470, 470, 470, 470, 470, 470, 470, 470, 470, 470, 470, 470, 470, 470, 470, 450, 430, 410, 390, 370, 350, 330, 310, 290, 270, 250, 230, 210, 190, 170] [130, 150, 170, 190, 210, 230, 250, 270, 290, 310, 330, 350, 370, 390, 410, 430, 450, 470, 490, 510, 530, 550, 550, 550, 550, 550, 550, 550, 550, 550, 550, 550, 550, 550, 550, 550, 550] [120, 6] 37 2
[470, 470, 470, 470, 470, 470, 470, 470, 470, 470, 470, 470, 470, 470, 470, 470, 470, 470, 470, 470, 470, 470, 470, 450, 430, 410, 390, 370, 350, 330, 310, 290, 270, 250, 230, 210, 190] [110, 130, 150, 170, 190, 210, 230, 250, 270, 290, 310, 330, 350, 370, 390, 410, 430, 450, 470, 490, 510, 530, 550, 550, 550, 550, 550, 550, 550, 550, 550, 550, 550, 550, 550, 550, 550] [120, 6] 37 2
[470, 470, 470, 470, 470, 470, 470, 470, 470, 470, 470, 470, 470, 470, 470, 470, 470, 470, 470, 470, 470, 470, 470, 470, 450, 430, 410, 390, 370, 350, 330, 310, 290, 270, 250, 230, 210] [90, 110, 130, 150, 170, 190, 210, 230, 250, 270, 290, 310, 330, 350, 370, 390, 410, 430, 450, 470, 490, 510, 530, 550, 550, 550, 550, 550, 550, 550, 550, 550, 550, 550, 550, 550, 550] [120, 6] 37 2
[470, 470, 470, 470, 470, 470, 470, 470, 470, 470, 470, 470, 470, 470, 470, 470, 470, 470, 470, 470, 470, 470, 470, 470, 470, 450, 430, 410, 390, 370, 350, 330, 310, 290, 270, 250, 230] [70, 90, 110, 130, 150, 170, 190, 210, 230, 250, 270, 290, 310, 330, 350, 370, 390, 410, 430, 450, 470, 490, 510, 530, 550, 550, 550, 550, 550, 550, 550, 550, 550, 550, 550, 550, 550] [120, 6] 37 2
[470, 470, 470, 470, 470, 470, 470, 470, 470, 470, 470, 470, 470, 470, 470, 470, 470, 470, 470, 470, 470, 470, 470, 470, 470, 470, 450, 430, 410, 390, 370, 350, 330, 310, 290, 270, 250] [50, 70, 90, 110, 130, 150, 170, 190, 210, 230, 250, 270, 290, 310, 330, 350, 370, 390, 410, 430, 450, 470, 490, 510, 530, 550, 550, 550, 550, 550, 550, 550, 550, 550, 550, 550, 550] [120, 6] 37 2
[470, 470, 470, 470, 470, 470, 470, 470, 470, 470, 470, 470, 470, 470, 470, 470, 470, 470, 470, 470, 470, 470, 470, 470, 470, 470, 470, 450, 430, 410, 390, 370, 350, 330, 310, 290, 270] [30, 50, 70, 90, 110, 130, 150, 170, 190, 210, 230, 250, 270, 290, 310, 330, 350, 370, 390, 410, 430, 450, 470, 490, 510, 530, 550, 550, 550, 550, 550, 550, 550, 550, 550, 550, 550] [120, 6] 37 2
[470, 470, 470, 470, 470, 470, 470, 470, 470, 470, 470, 470, 470, 470, 470, 470, 470, 470, 470, 470, 470, 470, 470, 470, 470, 470, 470, 470, 450, 430, 410, 390, 370, 350, 330, 310, 290] [10, 30, 50, 70, 90, 110, 130, 150, 170, 190, 210, 230, 250, 270, 290, 310, 330, 350, 370, 390, 410, 430, 450, 470, 490, 510, 530, 550, 550, 550, 550, 550, 550, 550, 550, 550, 550] [120, 6] 37 2
[450, 470, 470, 470, 470, 470, 470, 470, 470, 470, 470, 470, 470, 470, 470, 470, 470, 470, 470, 470, 470, 470, 470, 470, 470, 470, 470, 470, 470, 450, 430, 410, 390, 370, 350, 330, 310] [10, 10, 30, 50, 70, 90, 110, 130, 150, 170, 190, 210, 230, 250, 270, 290, 310, 330, 350, 370, 390, 410, 430, 450, 470, 490, 510, 530, 550, 550, 550, 550, 550, 550, 550, 550, 550] [120, 6] 37 3
[430, 450, 470, 470, 470, 470, 470, 470, 470, 470, 470, 470, 470, 470, 470, 470, 470, 470, 470, 470, 470, 470, 470, 470, 470, 470, 470, 470, 470, 470, 450, 430, 410, 390, 370, 350, 330] [10, 10, 10, 30, 50, 70, 90, 110, 130, 150, 170, 190, 210, 230, 250, 270, 290, 310, 330, 350, 370, 390, 410, 430, 450, 470, 490, 510, 530, 550, 550, 550, 550, 550, 550, 550, 550] [120, 6] 37 3
[410, 430, 450, 470, 470, 470, 470, 470, 470, 470, 470, 470, 470, 470, 470, 470, 470, 470, 470, 470, 470, 470, 470, 470, 470, 470, 470, 470, 470, 470, 470, 450, 430, 410, 390, 370, 350] [10, 10, 10, 10, 30, 50, 70, 90, 110, 130, 150, 170, 190, 210, 230, 250, 270, 290, 310, 330, 350, 370, 390, 410, 430, 450, 470, 490, 510, 530, 550, 550, 550, 550, 550, 550, 550] [120, 6] 37 3
[390, 410, 430, 450, 470, 470, 470, 470, 470, 470, 470, 470, 470, 470, 470, 470, 470, 470, 470, 470, 470, 470, 470, 470, 470, 470, 470, 470, 470, 470, 470, 470, 450, 430, 410, 390, 370] [10, 10, 10, 10, 10, 30, 50, 70, 90, 110, 130, 150, 170, 190, 210, 230, 250, 270, 290, 310, 330, 350, 370, 390, 410, 430, 450, 470, 490, 510, 530, 550, 550, 550, 550, 550, 550] [120, 6] 37 3
[370, 390, 410, 430, 450, 470, 470, 470, 470, 470, 470, 470, 470, 470, 470, 470, 470, 470, 470, 470, 470, 470, 470, 470, 470, 470, 470, 470, 470, 470, 470, 470, 470, 450, 430, 410, 390] [10, 10, 10, 10, 10, 10, 30, 50, 70, 90, 110, 130, 150, 170, 190, 210, 230, 250, 270, 290, 310, 330, 350, 370, 390, 410, 430, 450, 470, 490, 510, 530, 550, 550, 550, 550, 550] [120, 6] 37 3
[350, 370, 390, 410, 430, 450, 470, 470, 470, 470, 470, 470, 470, 470, 470, 470, 470, 470, 470, 470, 470, 470, 470, 470, 470, 470, 470, 470, 470, 470, 470, 470, 470, 470, 450, 430, 410] [10, 10, 10, 10, 10, 10, 10, 30, 50, 70, 90, 110, 130, 150, 170, 190, 210, 230, 250, 270, 290, 310, 330, 350, 370, 390, 410, 430, 450, 470, 490, 510, 530, 550, 550, 550, 550] [120, 6] 37 3
[330, 350, 370, 390, 410, 430, 450, 470, 470, 470, 470, 470, 470, 470, 470, 470, 470, 470, 470, 470, 470, 470, 470, 470, 470, 470, 470, 470, 470, 470, 470, 470, 470, 470, 470, 450, 430] [10, 10, 10, 10, 10, 10, 10, 10, 30, 50, 70, 90, 110, 130, 150, 170, 190, 210, 230, 250, 270, 290, 310, 330, 350, 370, 390, 410, 430, 450, 470, 490, 510, 530, 550, 550, 550] [120, 6] 37 3
[310, 330, 350, 370, 390, 410, 430, 450, 470, 470, 470, 470, 470, 470, 470, 470, 470, 470, 470, 470, 470, 470, 470, 470, 470, 470, 470, 470, 470, 470, 470, 470, 470, 470, 470, 470, 450] [10, 10, 10, 10, 10, 10, 10, 10, 10, 30, 50, 70, 90, 110, 130, 150, 170, 190, 210, 230, 250, 270, 290, 310, 330, 350, 370, 390, 410, 430, 450, 470, 490, 510, 530, 550, 550] [120, 6] 37 3
[290, 310, 330, 350, 370, 390, 410, 430, 450, 470, 470, 470, 470, 470, 470, 470, 470, 470, 470, 470, 470, 470, 470, 470, 470, 470, 470, 470, 470, 470, 470, 470, 470, 470, 470, 470, 470] [10, 10, 10, 10, 10, 10, 10, 10, 10, 10, 30, 50, 70, 90, 110, 130, 150, 170, 190, 210, 230, 250, 270, 290, 310, 330, 350, 370, 390, 410, 430, 450, 470, 490, 510, 530, 550] [120, 6] 37 3
[270, 290, 310, 330, 350, 370, 390, 410, 430, 450, 470, 470, 470, 470, 470, 470, 470, 470, 470, 470, 470, 470, 470, 470, 470, 470, 470, 470, 470, 470, 470, 470, 470, 470, 470, 470, 470] [10, 10, 10, 10, 10, 10, 10, 10, 10, 10, 10, 30, 50, 70, 90, 110, 130, 150, 170, 190, 210, 230, 250, 270, 290, 310, 330, 350, 370, 390, 410, 430, 450, 470, 490, 510, 530] [120, 6] 37 3
[250, 270, 290, 310, 330, 350, 370, 390, 410, 430, 450, 470, 470, 470, 470, 470, 470, 470, 470, 470, 470, 470, 470, 470, 470, 470, 470, 470, 470, 470, 470, 470, 470, 470, 470, 470, 470] [10, 10, 10, 10, 10, 10, 10, 10, 10, 10, 10, 10, 30, 50, 70, 90, 110, 130, 150, 170, 190, 210, 230, 250, 270, 290, 310, 330, 350, 370, 390, 410, 430, 450, 470, 490, 510] [120, 6] 37 3
[230, 250, 270, 290, 310, 330, 350, 370, 390, 410, 430, 450, 470, 470, 470, 470, 470, 470, 470, 470, 470, 470, 470, 470, 470, 470, 470, 470, 470, 470, 470, 470, 470, 470, 470, 470, 470] [10, 10, 10, 10, 10, 10, 10, 10, 10, 10, 10, 10, 10, 30, 50, 70, 90, 110, 130, 150, 170, 190, 210, 230, 250, 270, 290, 310, 330, 350, 370, 390, 410, 430, 450, 470, 490] [120, 6] 37 3
[210, 230, 250, 270, 290, 310, 330, 350, 370, 390, 410, 430, 450, 470, 470, 470, 470, 470, 470, 470, 470, 470, 470, 470, 470, 470, 470, 470, 470, 470, 470, 470, 470, 470, 470, 470, 470] [10, 10, 10, 10, 10, 10, 10, 10, 10, 10, 10, 10, 10, 10, 30, 50, 70, 90, 110, 130, 150, 170, 190, 210, 230, 250, 270, 290, 310, 330, 350, 370, 390, 410, 430, 450, 470] [120, 6] 37 3
[190, 210, 230, 250, 270, 290, 310, 330, 350, 370, 390, 410, 430, 450, 470, 470, 470, 470, 470, 470, 470, 470, 470, 470, 470, 470, 470, 470, 470, 470, 470, 470, 470, 470, 470, 470, 470] [10, 10, 10, 10, 10, 10, 10, 10, 10, 10, 10, 10, 10, 10, 10, 30, 50, 70, 90, 110, 130, 150, 170, 190, 210, 230, 250, 270, 290, 310, 330, 350, 370, 390, 410, 430, 450] [120, 6] 37 3
[170, 190, 210, 230, 250, 270, 290, 310, 330, 350, 370, 390, 410, 430, 450, 470, 470, 470, 470, 470, 470, 470, 470, 470, 470, 470, 470, 470, 470, 470, 470, 470, 470, 470, 470, 470, 470] [10, 10, 10, 10, 10, 10, 10, 10, 10, 10, 10, 10, 10, 10, 10, 10, 30, 50, 70, 90, 110, 130, 150, 170, 190, 210, 230, 250, 270, 290, 310, 330, 350, 370, 390, 410, 430] [120, 6] 37 3
[150, 170, 190, 210, 230, 250, 270, 290, 310, 330, 350, 370, 390, 410, 430, 450, 470, 470, 470, 470, 470, 470, 470, 470, 470, 470, 470, 470, 470, 470, 470, 470, 470, 470, 470, 470, 470] [10, 10, 10, 10, 10, 10, 10, 10, 10, 10, 10, 10, 10, 10, 10, 10, 10, 30, 50, 70, 90, 110, 130, 150, 170, 190, 210, 230, 250, 270, 290, 310, 330, 350, 370, 390, 410] [120, 6] 37 3
[130, 150, 170, 190, 210, 230, 250, 270, 290, 310, 330, 350, 370, 390, 410, 430, 450, 470, 470, 470, 470, 470, 470, 470, 470, 470, 470, 470, 470, 470, 470, 470, 470, 470, 470, 470, 470] [10, 10, 10, 10, 10, 10, 10, 10, 10, 10, 10, 10, 10, 10, 10, 10, 10, 10, 30, 50, 70, 90, 110, 130, 150, 170, 190, 210, 230, 250, 270, 290, 310, 330, 350, 370, 390] [120, 6] 37 3
[110, 130, 150, 170, 190, 210, 230, 250, 270, 290, 310, 330, 350, 370, 390, 410, 430, 450, 470, 470, 470, 470, 470, 470, 470, 470, 470, 470, 470, 470, 470, 470, 470, 470, 470, 470, 470] [10, 10, 10, 10, 10, 10, 10, 10, 10, 10, 10, 10, 10, 10, 10, 10, 10, 10, 10, 30, 50, 70, 90, 110, 130, 150, 170, 190, 210, 230, 250, 270, 290, 310, 330, 350, 370] [120, 6] 37 3
[110, 110, 130, 150, 170, 190, 210, 230, 250, 270, 290, 310, 330, 350, 370, 390, 410, 430, 450, 470, 470, 470, 470, 470, 470, 470, 470, 470, 470, 470, 470, 470, 470, 470, 470, 470, 470, 470] [30, 10, 10, 10, 10, 10, 10, 10, 10, 10, 10, 10, 10, 10, 10, 10, 10, 10, 10, 10, 30, 50, 70, 90, 110, 130, 150, 170, 190, 210, 230, 250, 270, 290, 310, 330, 350, 370] [304, 342] 38 0
[110, 110, 110, 130, 150, 170, 190, 210, 230, 250, 270, 290, 310, 330, 350, 370, 390, 410, 430, 450, 470, 470, 470, 470, 470, 470, 470, 470, 470, 470, 470, 470, 470, 470, 470, 470, 470, 470] [50, 30, 10, 10, 10, 10, 10, 10, 10, 10, 10, 10, 10, 10, 10, 10, 10, 10, 10, 10, 10, 30, 50, 70, 90, 110, 130, 150, 170, 190, 210, 230, 250, 270, 290, 310, 330, 350] [304, 342] 38 0
[110, 110, 110, 110, 130, 150, 170, 190, 210, 230, 250, 270, 290, 310, 330, 350, 370, 390, 410, 430, 450, 470, 470, 470, 470, 470, 470, 470, 470, 470, 470, 470, 470, 470, 470, 470, 470, 470] [70, 50, 30, 10, 10, 10, 10, 10, 10, 10, 10, 10, 10, 10, 10, 10, 10, 10, 10, 10, 10, 10, 30, 50, 70, 90, 110, 130, 150, 170, 190, 210, 230, 250, 270, 290, 310, 330] [304, 342] 38 0
[110, 110, 110, 110, 110, 130, 150, 170, 190, 210, 230, 250, 270, 290, 310, 330, 350, 370, 390, 410, 430, 450, 470, 470, 470, 470, 470, 470, 470, 470, 470, 470, 470, 470, 470, 470, 470, 470] [90, 70, 50, 30, 10, 10, 10, 10, 10, 10, 10, 10, 10, 10, 10, 10, 10, 10, 10, 10, 10, 10, 10, 30, 50, 70, 90, 110, 130, 150, 170, 190, 210, 230, 250, 270, 290, 310] [304, 342] 38 0
[110, 110, 110, 110, 110, 110, 130, 150, 170, 190, 210, 230, 250, 270, 290, 310, 330, 350, 370, 390, 410, 430, 450, 470, 470, 470, 470, 470, 470, 470, 470, 470, 470, 470, 470, 470, 470, 470] [110, 90, 70, 50, 30, 10, 10, 10, 10, 10, 10, 10, 10, 10, 10, 10, 10, 10, 10, 10, 10, 10, 10, 10, 30, 50, 70, 90, 110, 130, 150, 170, 190, 210, 230, 250, 270, 290] [304, 342] 38 0
[110, 110, 110, 110, 110, 110, 110, 130, 150, 170, 190, 210, 230, 250, 270, 290, 310, 330, 350, 370, 390, 410, 430, 450, 470, 470, 470, 470, 470, 470, 470, 470, 470, 470, 470, 470, 470, 470] [130, 110, 90, 70, 50, 30, 10, 10, 10, 10, 10, 10, 10, 10, 10, 10, 10, 10, 10, 10, 10, 10, 10, 10, 10, 30, 50, 70, 90, 110, 130, 150, 170, 190, 210, 230, 250, 270] [304, 342] 38 0
[110, 110, 110, 110, 110, 110, 110, 110, 130, 150, 170, 190, 210, 230, 250, 270, 290, 310, 330, 350, 370, 390, 410, 430, 450, 470, 470, 470, 470, 470, 470, 470, 470, 470, 470, 470, 470, 470] [150, 130, 110, 90, 70, 50, 30, 10, 10, 10, 10, 10, 10, 10, 10, 10, 10, 10, 10, 10, 10, 10, 10, 10, 10, 10, 30, 50, 70, 90, 110, 130, 150, 170, 190, 210, 230, 250] [304, 342] 38 0
[110, 110, 110, 110, 110, 110, 110, 110, 110, 130, 150, 170, 190, 210, 230, 250, 270, 290, 310, 330, 350, 370, 390, 410, 430, 450, 470, 470, 470, 470, 470, 470, 470, 470, 470, 470, 470, 470] [170, 150, 130, 110, 90, 70, 50, 30, 10, 10, 10, 10, 10, 10, 10, 10, 10, 10, 10, 10, 10, 10, 10, 10, 10, 10, 10, 30, 50, 70, 90, 110, 130, 150, 170, 190, 210, 230] [304, 342] 38 0
[110, 110, 110, 110, 110, 110, 110, 110, 110, 110, 130, 150, 170, 190, 210, 230, 250, 270, 290, 310, 330, 350, 370, 390, 410, 430, 450, 470, 470, 470, 470, 470, 470, 470, 470, 470, 470, 470] [190, 170, 150, 130, 110, 90, 70, 50, 30, 10, 10, 10, 10, 10, 10, 10, 10, 10, 10, 10, 10, 10, 10, 10, 10, 10, 10, 10, 30, 50, 70, 90, 110, 130, 150, 170, 190, 210] [304, 342] 38 0
[110, 110, 110, 110, 110, 110, 110, 110, 110, 110, 110, 130, 150, 170, 190, 210, 230, 250, 270, 290, 310, 330, 350, 370, 390, 410, 430, 450, 470, 470, 470, 470, 470, 470, 470, 470, 470, 470] [210, 190, 170, 150, 130, 110, 90, 70, 50, 30, 10, 10, 10, 10, 10, 10, 10, 10, 10, 10, 10, 10, 10, 10, 10, 10, 10, 10, 10, 30, 50, 70, 90, 110, 130, 150, 170, 190] [304, 342] 38 0
[110, 110, 110, 110, 110, 110, 110, 110, 110, 110, 110, 110, 130, 150, 170, 190, 210, 230, 250, 270, 290, 310, 330, 350, 370, 390, 410, 430, 450, 470, 470, 470, 470, 470, 470, 470, 470, 470] [230, 210, 190, 170, 150, 130, 110, 90, 70, 50, 30, 10, 10, 10, 10, 10, 10, 10, 10, 10, 10, 10, 10, 10, 10, 10, 10, 10, 10, 10, 30, 50, 70, 90, 110, 130, 150, 170] [304, 342] 38 0
[110, 110, 110, 110, 110, 110, 110, 110, 110, 110, 110, 110, 110, 130, 150, 170, 190, 210, 230, 250, 270, 290, 310, 330, 350, 370, 390, 410, 430, 450, 470, 470, 470, 470, 470, 470, 470, 470] [250, 230, 210, 190, 170, 150, 130, 110, 90, 70, 50, 30, 10, 10, 10, 10, 10, 10, 10, 10, 10, 10, 10, 10, 10, 10, 10, 10, 10, 10, 10, 30, 50, 70, 90, 110, 130, 150] [304, 342] 38 0
[110, 110, 110, 110, 110, 110, 110, 110, 110, 110, 110, 110, 110, 110, 130, 150, 170, 190, 210, 230, 250, 270, 290, 310, 330, 350, 370, 390, 410, 430, 450, 470, 470, 470, 470, 470, 470, 470] [270, 250, 230, 210, 190, 170, 150, 130, 110, 90, 70, 50, 30, 10, 10, 10, 10, 10, 10, 10, 10, 10, 10, 10, 10, 10, 10, 10, 10, 10, 10, 10, 30, 50, 70, 90, 110, 130] [304, 342] 38 0
[110, 110, 110, 110, 110, 110, 110, 110, 110, 110, 110, 110, 110, 110, 110, 130, 150, 170, 190, 210, 230, 250, 270, 290, 310, 330, 350, 370, 390, 410, 430, 450, 470, 470, 470, 470, 470, 470] [290, 270, 250, 230, 210, 190, 170, 150, 130, 110, 90, 70, 50, 30, 10, 10, 10, 10, 10, 10, 10, 10, 10, 10, 10, 10, 10, 10, 10, 10, 10, 10, 10, 30, 50, 70, 90, 110] [304, 342] 38 0
[110, 110, 110, 110, 110, 110, 110, 110, 110, 110, 110, 110, 110, 110, 110, 110, 130, 150, 170, 190, 210, 230, 250, 270, 290, 310, 330, 350, 370, 390, 410, 430, 450, 470, 470, 470, 470, 470] [310, 290, 270, 250, 230, 210, 190, 170, 150, 130, 110, 90, 70, 50, 30, 10, 10, 10, 10, 10, 10, 10, 10, 10, 10, 10, 10, 10, 10, 10, 10, 10, 10, 10, 30, 50, 70, 90] [304, 342] 38 0
[110, 110, 110, 110, 110, 110, 110, 110, 110, 110, 110, 110, 110, 110, 110, 110, 110, 130, 150, 170, 190, 210, 230, 250, 270, 290, 310, 330, 350, 370, 390, 410, 430, 450, 470, 470, 470, 470] [330, 310, 290, 270, 250, 230, 210, 190, 170, 150, 130, 110, 90, 70, 50, 30, 10, 10, 10, 10, 10, 10, 10, 10, 10, 10, 10, 10, 10, 10, 10, 10, 10, 10, 10, 30, 50, 70] [304, 342] 38 0
[130, 110, 110, 110, 110, 110, 110, 110, 110, 110, 110, 110, 110, 110, 110, 110, 110, 110, 130, 150, 170, 190, 210, 230, 250, 270, 290, 310, 330, 350, 370, 390, 410, 430, 450, 470, 470, 470] [330, 330, 310, 290, 270, 250, 230, 210, 190, 170, 150, 130, 110, 90, 70, 50, 30, 10, 10, 10, 10, 10, 10, 10, 10, 10, 10, 10, 10, 10, 10, 10, 10, 10, 10, 10, 30, 50] [304, 342] 38 1
[150, 130, 110, 110, 110, 110, 110, 110, 110, 110, 110, 110, 110, 110, 110, 110, 110, 110, 110, 130, 150, 170, 190, 210, 230, 250, 270, 290, 310, 330, 350, 370, 390, 410, 430, 450, 470, 470] [330, 330, 330, 310, 290, 270, 250, 230, 210, 190, 170, 150, 130, 110, 90, 70, 50, 30, 10, 10, 10, 10, 10, 10, 10, 10, 10, 10, 10, 10, 10, 10, 10, 10, 10, 10, 10, 30] [304, 342] 38 1
[170, 150, 130, 110, 110, 110, 110, 110, 110, 110, 110, 110, 110, 110, 110, 110, 110, 110, 110, 110, 130, 150, 170, 190, 210, 230, 250, 270, 290, 310, 330, 350, 370, 390, 410, 430, 450, 470] [330, 330, 330, 330, 310, 290, 270, 250, 230, 210, 190, 170, 150, 130, 110, 90, 70, 50, 30, 10, 10, 10, 10, 10, 10, 10, 10, 10, 10, 10, 10, 10, 10, 10, 10, 10, 10, 10] [304, 342] 38 1
[190, 170, 150, 130, 110, 110, 110, 110, 110, 110, 110, 110, 110, 110, 110, 110, 110, 110, 110, 110, 110, 130, 150, 170, 190, 210, 230, 250, 270, 290, 310, 330, 350, 370, 390, 410, 430, 450] [330, 330, 330, 330, 330, 310, 290, 270, 250, 230, 210, 190, 170, 150, 130, 110, 90, 70, 50, 30, 10, 10, 10, 10, 10, 10, 10, 10, 10, 10, 10, 10, 10, 10, 10, 10, 10, 10] [304, 342] 38 1
[210, 190, 170, 150, 130, 110, 110, 110, 110, 110, 110, 110, 110, 110, 110, 110, 110, 110, 110, 110, 110, 110, 130, 150, 170, 190, 210, 230, 250, 270, 290, 310, 330, 350, 370, 390, 410, 430] [330, 330, 330, 330, 330, 330, 310, 290, 270, 250, 230, 210, 190, 170, 150, 130, 110, 90, 70, 50, 30, 10, 10, 10, 10, 10, 10, 10, 10, 10, 10, 10, 10, 10, 10, 10, 10, 10] [304, 342] 38 1
[230, 210, 190, 170, 150, 130, 110, 110, 110, 110, 110, 110, 110, 110, 110, 110, 110, 110, 110, 110, 110, 110, 110, 130, 150, 170, 190, 210, 230, 250, 270, 290, 310, 330, 350, 370, 390, 410] [330, 330, 330, 330, 330, 330, 330, 310, 290, 270, 250, 230, 210, 190, 170, 150, 130, 110, 90, 70, 50, 30, 10, 10, 10, 10, 10, 10, 10, 10, 10, 10, 10, 10, 10, 10, 10, 10] [304, 342] 38 1
[250, 230, 210, 190, 170, 150, 130, 110, 110, 110, 110, 110, 110, 110, 110, 110, 110, 110, 110, 110, 110, 110, 110, 110, 130, 150, 170, 190, 210, 230, 250, 270, 290, 310, 330, 350, 370, 390] [330, 330, 330, 330, 330, 330, 330, 330, 310, 290, 270, 250, 230, 210, 190, 170, 150, 130, 110, 90, 70, 50, 30, 10, 10, 10, 10, 10, 10, 10, 10, 10, 10, 10, 10, 10, 10, 10] [304, 342] 38 1
[270, 250, 230, 210, 190, 170, 150, 130, 110, 110, 110, 110, 110, 110, 110, 110, 110, 110, 110, 110, 110, 110, 110, 110, 110, 130, 150, 170, 190, 210, 230, 250, 270, 290, 310, 330, 350, 370] [330, 330, 330, 330, 330, 330, 330, 330, 330, 310, 290, 270, 250, 230, 210, 190, 170, 150, 130, 110, 90, 70, 50, 30, 10, 10, 10, 10, 10, 10, 10, 10, 10, 10, 10, 10, 10, 10] [304, 342] 38 1
[290, 270, 250, 230, 210, 190, 170, 150, 130, 110, 110, 110, 110, 110, 110, 110, 110, 110, 110, 110, 110, 110, 110, 110, 110, 110, 130, 150, 170, 190, 210, 230, 250, 270, 290, 310, 330, 350] [330, 330, 330, 330, 330, 330, 330, 330, 330, 330, 310, 290, 270, 250, 230, 210, 190, 170, 150, 130, 110, 90, 70, 50, 30, 10, 10, 10, 10, 10, 10, 10, 10, 10, 10, 10, 10, 10] [304, 342] 38 1
[310, 290, 270, 250, 230, 210, 190, 170, 150, 130, 110, 110, 110, 110, 110, 110, 110, 110, 110, 110, 110, 110, 110, 110, 110, 110, 110, 130, 150, 170, 190, 210, 230, 250, 270, 290, 310, 330, 350] [330, 330, 330, 330, 330, 330, 330, 330, 330, 330, 330, 310, 290, 270, 250, 230, 210, 190, 170, 150, 130, 110, 90, 70, 50, 30, 10, 10, 10, 10, 10, 10, 10, 10, 10, 10, 10, 10, 10] [16, 510] 39 1
