[290, 290, 290, 290, 290] [290, 270, 250, 230, 210] [90, 542] 5 0
[290, 290, 290, 290, 290] [310, 290, 270, 250, 230] [90, 542] 5 0
[290, 290, 290, 290, 290] [330, 310, 290, 270, 250] [90, 542] 5 0
[290, 290, 290, 290, 290] [350, 330, 310, 290, 270] [90, 542] 5 0
[290, 290, 290, 290, 290] [370, 350, 330, 310, 290] [90, 542] 5 0
[290, 290, 290, 290, 290] [390, 370, 350, 330, 310] [90, 542] 5 0
[290, 290, 290, 290, 290] [410, 390, 370, 350, 330] [90, 542] 5 0
[290, 290, 290, 290, 290] [430, 410, 390, 370, 350] [90, 542] 5 0
[290, 290, 290, 290, 290] [450, 430, 410, 390, 370] [90, 542] 5 0
[290, 290, 290, 290, 290] [470, 450, 430, 410, 390] [90, 542] 5 0
[290, 290, 290, 290, 290] [490, 470, 450, 430, 410] [90, 542] 5 0
[290, 290, 290, 290, 290] [510, 490, 470, 450, 430] [90, 542] 5 0
[290, 290, 290, 290, 290] [530, 510, 490, 470, 450] [90, 542] 5 0
[270, 290, 290, 290, 290] [530, 530, 510, 490, 470] [90, 542] 5 3
[250, 270, 290, 290, 290] [530, 530, 530, 510, 490] [90, 542] 5 3
[230, 250, 270, 290, 290] [530, 530, 530, 530, 510] [90, 542] 5 3
[210, 230, 250, 270, 290] [530, 530, 530, 530, 530] [90, 542] 5 3
[190, 210, 230, 250, 270] [530, 530, 530, 530, 530] [90, 542] 5 3
[170, 190, 210, 230, 250] [530, 530, 530, 530, 530] [90, 542] 5 3
[150, 170, 190, 210, 230] [530, 530, 530, 530, 530] [90, 542] 5 3
[130, 150, 170, 190, 210] [530, 530, 530, 530, 530] [90, 542] 5 3
[110, 130, 150, 170, 190] [530, 530, 530, 530, 530] [90, 542] 5 3
[90, 110, 130, 150, 170] [530, 530, 530, 530, 530] [90, 542] 5 3
[70, 90, 110, 130, 150, 170] [530, 530, 530, 530, 530, 530] [129, 299] 6 3
[70, 70, 90, 110, 130, 150] [510, 530, 530, 530, 530, 530] [129, 299] 6 2
[70, 70, 70, 90, 110, 130] [490, 510, 530, 530, 530, 530] [129, 299] 6 2
[70, 70, 70, 70, 90, 110] [470, 490, 510, 530, 530, 530] [129, 299] 6 2
[70, 70, 70, 70, 70, 90] [450, 470, 490, 510, 530, 530] [129, 299] 6 2
[70, 70, 70, 70, 70, 70] [430, 450, 470, 490, 510, 530] [129, 299] 6 2
[70, 70, 70, 70, 70, 70] [410, 430, 450, 470, 490, 510] [129, 299] 6 2
[70, 70, 70, 70, 70, 70] [390, 410, 430, 450, 470, 490] [129, 299] 6 2
[70, 70, 70, 70, 70, 70] [370, 390, 410, 430, 450, 470] [129, 299] 6 2
[70, 70, 70, 70, 70, 70] [350, 370, 390, 410, 430, 450] [129, 299] 6 2
[70, 70, 70, 70, 70, 70] [330, 350, 370, 390, 410, 430] [129, 299] 6 2
[70, 70, 70, 70, 70, 70] [310, 330, 350, 370, 390, 410] [129, 299] 6 2
[70, 70, 70, 70, 70, 70] [290, 310, 330, 350, 370, 390] [129, 299] 6 2
[90, 70, 70, 70, 70, 70] [290, 290, 310, 330, 350, 370] [129, 299] 6 1
[110, 90, 70, 70, 70, 70] [290, 290, 290, 310, 330, 350] [129, 299] 6 1
[130, 110, 90, 70, 70, 70, 70] [290, 290, 290, 290, 310, 330, 350] [495, 262] 7 1
[150, 130, 110, 90, 70, 70, 70] [290, 290, 290, 290, 290, 310, 330] [495, 262] 7 1
[170, 150, 130, 110, 90, 70, 70] [290, 290, 290, 290, 290, 290, 310] [495, 262] 7 1
[190, 170, 150, 130, 110, 90, 70] [290, 290, 290, 290, 290, 290, 290] [495, 262] 7 1
[210, 190, 170, 150, 130, 110, 90] [290, 290, 290, 290, 290, 290, 290] [495, 262] 7 1
[230, 210, 190, 170, 150, 130, 110] [290, 290, 290, 290, 290, 290, 290] [495, 262] 7 1
[250, 230, 210, 190, 170, 150, 130] [290, 290, 290, 290, 290, 290, 290] [495, 262] 7 1
[270, 250, 230, 210, 190, 170, 150] [290, 290, 290, 290, 290, 290, 290] [495, 262] 7 1
[290, 270, 250, 230, 210, 190, 170] [290, 290, 290, 290, 290, 290, 290] [495, 262] 7 1
[310, 290, 270, 250, 230, 210, 190] [290, 290, 290, 290, 290, 290, 290] [495, 262] 7 1
[330, 310, 290, 270, 250, 230, 210] [290, 290, 290, 290, 290, 290, 290] [495, 262] 7 1
[350, 330, 310, 290, 270, 250, 230] [290, 290, 290, 290, 290, 290, 290] [495, 262] 7 1
[370, 350, 330, 310, 290, 270, 250] [290, 290, 290, 290, 290, 290, 290] [495, 262] 7 1
[390, 370, 350, 330, 310, 290, 270] [290, 290, 290, 290, 290, 290, 290] [495, 262] 7 1
[410, 390, 370, 350, 330, 310, 290] [290, 290, 290, 290, 290, 290, 290] [495, 262] 7 1
[430, 410, 390, 370, 350, 330, 310] [290, 290, 290, 290, 290, 290, 290] [495, 262] 7 1
[450, 430, 410, 390, 370, 350, 330] [290, 290, 290, 290, 290, 290, 290] [495, 262] 7 1
[470, 450, 430, 410, 390, 370, 350] [290, 290, 290, 290, 290, 290, 290] [495, 262] 7 1
[490, 470, 450, 430, 410, 390, 370] [290, 290, 290, 290, 290, 290, 290] [495, 262] 7 1
[510, 490, 470, 450, 430, 410, 390] [290, 290, 290, 290, 290, 290, 290] [495, 262] 7 1
[510, 510, 490, 470, 450, 430, 410] [270, 290, 290, 290, 290, 290, 290] [495, 262] 7 2
[490, 510, 510, 490, 470, 450, 430] [270, 270, 290, 290, 290, 290, 290] [495, 262] 7 3
[490, 490, 510, 510, 490, 470, 450, 430] [250, 270, 270, 290, 290, 290, 290, 290] [263, 54] 8 2
[490, 490, 490, 510, 510, 490, 470, 450] [230, 250, 270, 270, 290, 290, 290, 290] [263, 54] 8 2
[490, 490, 490, 490, 510, 510, 490, 470] [210, 230, 250, 270, 270, 290, 290, 290] [263, 54] 8 2
[490, 490, 490, 490, 490, 510, 510, 490] [190, 210, 230, 250, 270, 270, 290, 290] [263, 54] 8 2
[490, 490, 490, 490, 490, 490, 510, 510] [170, 190, 210, 230, 250, 270, 270, 290] [263, 54] 8 2
[490, 490, 490, 490, 490, 490, 490, 510] [150, 170, 190, 210, 230, 250, 270, 270] [263, 54] 8 2
[490, 490, 490, 490, 490, 490, 490, 490] [130, 150, 170, 190, 210, 230, 250, 270] [263, 54] 8 2
[490, 490, 490, 490, 490, 490, 490, 490] [110, 130, 150, 170, 190, 210, 230, 250] [263, 54] 8 2
[490, 490, 490, 490, 490, 490, 490, 490] [90, 110, 130, 150, 170, 190, 210, 230] [263, 54] 8 2
[490, 490, 490, 490, 490, 490, 490, 490] [70, 90, 110, 130, 150, 170, 190, 210] [263, 54] 8 2
[490, 490, 490, 490, 490, 490, 490, 490] [50, 70, 90, 110, 130, 150, 170, 190] [263, 54] 8 2
[470, 490, 490, 490, 490, 490, 490, 490] [50, 50, 70, 90, 110, 130, 150, 170] [263, 54] 8 3
[450, 470, 490, 490, 490, 490, 490, 490] [50, 50, 50, 70, 90, 110, 130, 150] [263, 54] 8 3
[430, 450, 470, 490, 490, 490, 490, 490] [50, 50, 50, 50, 70, 90, 110, 130] [263, 54] 8 3
[410, 430, 450, 470, 490, 490, 490, 490] [50, 50, 50, 50, 50, 70, 90, 110] [263, 54] 8 3
[390, 410, 430, 450, 470, 490, 490, 490] [50, 50, 50, 50, 50, 50, 70, 90] [263, 54] 8 3
[370, 390, 410, 430, 450, 470, 490, 490] [50, 50, 50, 50, 50, 50, 50, 70] [263, 54] 8 3
[350, 370, 390, 410, 430, 450, 470, 490] [50, 50, 50, 50, 50, 50, 50, 50] [263, 54] 8 3
[330, 350, 370, 390, 410, 430, 450, 470] [50, 50, 50, 50, 50, 50, 50, 50] [263, 54] 8 3
[310, 330, 350, 370, 390, 410, 430, 450] [50, 50, 50, 50, 50, 50, 50, 50] [263, 54] 8 3
[290, 310, 330, 350, 370, 390, 410, 430] [50, 50, 50, 50, 50, 50, 50, 50] [263, 54] 8 3
[270, 290, 310, 330, 350, 370, 390, 410] [50, 50, 50, 50, 50, 50, 50, 50] [263, 54] 8 3
[250, 270, 290, 310, 330, 350, 370, 390, 410] [50, 50, 50, 50, 50, 50, 50, 50, 50] [446, 584] 9 3
[230, 250, 270, 290, 310, 330, 350, 370, 390] [50, 50, 50, 50, 50, 50, 50, 50, 50] [446, 584] 9 3
[230, 230, 250, 270, 290, 310, 330, 350, 370] [70, 50, 50, 50, 50, 50, 50, 50, 50] [446, 584] 9 0
[230, 230, 230, 250, 270, 290, 310, 330, 350] [90, 70, 50, 50, 50, 50, 50, 50, 50] [446, 584] 9 0
[230, 230, 230, 230, 250, 270, 290, 310, 330] [110, 90, 70, 50, 50, 50, 50, 50, 50] [446, 584] 9 0
[230, 230, 230, 230, 230, 250, 270, 290, 310] [130, 110, 90, 70, 50, 50, 50, 50, 50] [446, 584] 9 0
[230, 230, 230, 230, 230, 230, 250, 270, 290] [150, 130, 110, 90, 70, 50, 50, 50, 50] [446, 584] 9 0
[230, 230, 230, 230, 230, 230, 230, 250, 270] [170, 150, 130, 110, 90, 70, 50, 50, 50] [446, 584] 9 0
[230, 230, 230, 230, 230, 230, 230, 230, 250] [190, 170, 150, 130, 110, 90, 70, 50, 50] [446, 584] 9 0
[230, 230, 230, 230, 230, 230, 230, 230, 230] [210, 190, 170, 150, 130, 110, 90, 70, 50] [446, 584] 9 0
[230, 230, 230, 230, 230, 230, 230, 230, 230] [230, 210, 190, 170, 150, 130, 110, 90, 70] [446, 584] 9 0
[230, 230, 230, 230, 230, 230, 230, 230, 230] [250, 230, 210, 190, 170, 150, 130, 110, 90] [446, 584] 9 0
[230, 230, 230, 230, 230, 230, 230, 230, 230] [270, 250, 230, 210, 190, 170, 150, 130, 110] [446, 584] 9 0
[230, 230, 230, 230, 230, 230, 230, 230, 230] [290, 270, 250, 230, 210, 190, 170, 150, 130] [446, 584] 9 0
[230, 230, 230, 230, 230, 230, 230, 230, 230] [310, 290, 270, 250, 230, 210, 190, 170, 150] [446, 584] 9 0
[230, 230, 230, 230, 230, 230, 230, 230, 230] [330, 310, 290, 270, 250, 230, 210, 190, 170] [446, 584] 9 0
[230, 230, 230, 230, 230, 230, 230, 230, 230] [350, 330, 310, 290, 270, 250, 230, 210, 190] [446, 584] 9 0
[230, 230, 230, 230, 230, 230, 230, 230, 230] [370, 350, 330, 310, 290, 270, 250, 230, 210] [446, 584] 9 0
[230, 230, 230, 230, 230, 230, 230, 230, 230] [390, 370, 350, 330, 310, 290, 270, 250, 230] [446, 584] 9 0
[230, 230, 230, 230, 230, 230, 230, 230, 230] [410, 390, 370, 350, 330, 310, 290, 270, 250] [446, 584] 9 0
[230, 230, 230, 230, 230, 230, 230, 230, 230] [430, 410, 390, 370, 350, 330, 310, 290, 270] [446, 584] 9 0
[230, 230, 230, 230, 230, 230, 230, 230, 230] [450, 430, 410, 390, 370, 350, 330, 310, 290] [446, 584] 9 0
[230, 230, 230, 230, 230, 230, 230, 230, 230] [470, 450, 430, 410, 390, 370, 350, 330, 310] [446, 584] 9 0
[230, 230, 230, 230, 230, 230, 230, 230, 230] [490, 470, 450, 430, 410, 390, 370, 350, 330] [446, 584] 9 0
[230, 230, 230, 230, 230, 230, 230, 230, 230] [510, 490, 470, 450, 430, 410, 390, 370, 350] [446, 584] 9 0
[230, 230, 230, 230, 230, 230, 230, 230, 230] [530, 510, 490, 470, 450, 430, 410, 390, 370] [446, 584] 9 0
[230, 230, 230, 230, 230, 230, 230, 230, 230] [550, 530, 510, 490, 470, 450, 430, 410, 390] [446, 584] 9 0
[230, 230, 230, 230, 230, 230, 230, 230, 230] [570, 550, 530, 510, 490, 470, 450, 430, 410] [446, 584] 9 0
[250, 230, 230, 230, 230, 230, 230, 230, 230] [570, 570, 550, 530, 510, 490, 470, 450, 430] [446, 584] 9 1
[270, 250, 230, 230, 230, 230, 230, 230, 230] [570, 570, 570, 550, 530, 510, 490, 470, 450] [446, 584] 9 1
[290, 270, 250, 230, 230, 230, 230, 230, 230] [570, 570, 570, 570, 550, 530, 510, 490, 470] [446, 584] 9 1
[310, 290, 270, 250, 230, 230, 230, 230, 230] [570, 570, 570, 570, 570, 550, 530, 510, 490] [446, 584] 9 1
[330, 310, 290, 270, 250, 230, 230, 230, 230] [570, 570, 570, 570, 570, 570, 550, 530, 510] [446, 584] 9 1
[350, 330, 310, 290, 270, 250, 230, 230, 230] [570, 570, 570, 570, 570, 570, 570, 550, 530] [446, 584] 9 1
[370, 350, 330, 310, 290, 270, 250, 230, 230] [570, 570, 570, 570, 570, 570, 570, 570, 550] [446, 584] 9 1
[390, 370, 350, 330, 310, 290, 270, 250, 230] [570, 570, 570, 570, 570, 570, 570, 570, 570] [446, 584] 9 1
[410, 390, 370, 350, 330, 310, 290, 270, 250] [570, 570, 570, 570, 570, 570, 570, 570, 570] [446, 584] 9 1
[430, 410, 390, 370, 350, 330, 310, 290, 270] [570, 570, 570, 570, 570, 570, 570, 570, 570] [446, 584] 9 1
[450, 430, 410, 390, 370, 350, 330, 310, 290, 270] [570, 570, 570, 570, 570, 570, 570, 570, 570, 570] [110, 382] 10 1
[470, 450, 430, 410, 390, 370, 350, 330, 310, 290] [570, 570, 570, 570, 570, 570, 570, 570, 570, 570] [110, 382] 10 1
[470, 470, 450, 430, 410, 390, 370, 350, 330, 310] [550, 570, 570, 570, 570, 570, 570, 570, 570, 570] [110, 382] 10 2
[470, 470, 470, 450, 430, 410, 390, 370, 350, 330] [530, 550, 570, 570, 570, 570, 570, 570, 570, 570] [110, 382] 10 2
[470, 470, 470, 470, 450, 430, 410, 390, 370, 350] [510, 530, 550, 570, 570, 570, 570, 570, 570, 570] [110, 382] 10 2
[470, 470, 470, 470, 470, 450, 430, 410, 390, 370] [490, 510, 530, 550, 570, 570, 570, 570, 570, 570] [110, 382] 10 2
[470, 470, 470, 470, 470, 470, 450, 430, 410, 390] [470, 490, 510, 530, 550, 570, 570, 570, 570, 570] [110, 382] 10 2
[470, 470, 470, 470, 470, 470, 470, 450, 430, 410] [450, 470, 490, 510, 530, 550, 570, 570, 570, 570] [110, 382] 10 2
[470, 470, 470, 470, 470, 470, 470, 470, 450, 430] [430, 450, 470, 490, 510, 530, 550, 570, 570, 570] [110, 382] 10 2
[470, 470, 470, 470, 470, 470, 470, 470, 470, 450] [410, 430, 450, 470, 490, 510, 530, 550, 570, 570] [110, 382] 10 2
[470, 470, 470, 470, 470, 470, 470, 470, 470, 470] [390, 410, 430, 450, 470, 490, 510, 530, 550, 570] [110, 382] 10 2
[470, 470, 470, 470, 470, 470, 470, 470, 470, 470] [370, 390, 410, 430, 450, 470, 490, 510, 530, 550] [110, 382] 10 2
[450, 470, 470, 470, 470, 470, 470, 470, 470, 470] [370, 370, 390, 410, 430, 450, 470, 490, 510, 530] [110, 382] 10 3
[430, 450, 470, 470, 470, 470, 470, 470, 470, 470] [370, 370, 370, 390, 410, 430, 450, 470, 490, 510] [110, 382] 10 3
[410, 430, 450, 470, 470, 470, 470, 470, 470, 470] [370, 370, 370, 370, 390, 410, 430, 450, 470, 490] [110, 382] 10 3
[390, 410, 430, 450, 470, 470, 470, 470, 470, 470] [370, 370, 370, 370, 370, 390, 410, 430, 450, 470] [110, 382] 10 3
[370, 390, 410, 430, 450, 470, 470, 470, 470, 470] [370, 370, 370, 370, 370, 370, 390, 410, 430, 450] [110, 382] 10 3
[350, 370, 390, 410, 430, 450, 470, 470, 470, 470] [370, 370, 370, 370, 370, 370, 370, 390, 410, 430] [110, 382] 10 3
[330, 350, 370, 390, 410, 430, 450, 470, 470, 470] [370, 370, 370, 370, 370, 370, 370, 370, 390, 410] [110, 382] 10 3
[310, 330, 350, 370, 390, 410, 430, 450, 470, 470] [370, 370, 370, 370, 370, 370, 370, 370, 370, 390] [110, 382] 10 3
[290, 310, 330, 350, 370, 390, 410, 430, 450, 470] [370, 370, 370, 370, 370, 370, 370, 370, 370, 370] [110, 382] 10 3
[270, 290, 310, 330, 350, 370, 390, 410, 430, 450] [370, 370, 370, 370, 370, 370, 370, 370, 370, 370] [110, 382] 10 3
[250, 270, 290, 310, 330, 350, 370, 390, 410, 430] [370, 370, 370, 370, 370, 370, 370, 370, 370, 370] [110, 382] 10 3
[230, 250, 270, 290, 310, 330, 350, 370, 390, 410] [370, 370, 370, 370, 370, 370, 370, 370, 370, 370] [110, 382] 10 3
[210, 230, 250, 270, 290, 310, 330, 350, 370, 390] [370, 370, 370, 370, 370, 370, 370, 370, 370, 370] [110, 382] 10 3
[190, 210, 230, 250, 270, 290, 310, 330, 350, 370] [370, 370, 370, 370, 370, 370, 370, 370, 370, 370] [110, 382] 10 3
[170, 190, 210, 230, 250, 270, 290, 310, 330, 350] [370, 370, 370, 370, 370, 370, 370, 370, 370, 370] [110, 382] 10 3
[150, 170, 190, 210, 230, 250, 270, 290, 310, 330] [370, 370, 370, 370, 370, 370, 370, 370, 370, 370] [110, 382] 10 3
[130, 150, 170, 190, 210, 230, 250, 270, 290, 310] [370, 370, 370, 370, 370, 370, 370, 370, 370, 370] [110, 382] 10 3
[110, 130, 150, 170, 190, 210, 230, 250, 270, 290] [370, 370, 370, 370, 370, 370, 370, 370, 370, 370] [110, 382] 10 3
[90, 110, 130, 150, 170, 190, 210, 230, 250, 270, 290] [370, 370, 370, 370, 370, 370, 370, 370, 370, 370, 370] [26, 220] 11 3
[70, 90, 110, 130, 150, 170, 190, 210, 230, 250, 270] [370, 370, 370, 370, 370, 370, 370, 370, 370, 370, 370] [26, 220] 11 3
[50, 70, 90, 110, 130, 150, 170, 190, 210, 230, 250] [370, 370, 370, 370, 370, 370, 370, 370, 370, 370, 370] [26, 220] 11 3
[30, 50, 70, 90, 110, 130, 150, 170, 190, 210, 230] [370, 370, 370, 370, 370, 370, 370, 370, 370, 370, 370] [26, 220] 11 3
[30, 30, 50, 70, 90, 110, 130, 150, 170, 190, 210] [350, 370, 370, 370, 370, 370, 370, 370, 370, 370, 370] [26, 220] 11 2
[30, 30, 30, 50, 70, 90, 110, 130, 150, 170, 190] [330, 350, 370, 370, 370, 370, 370, 370, 370, 370, 370] [26, 220] 11 2
[30, 30, 30, 30, 50, 70, 90, 110, 130, 150, 170] [310, 330, 350, 370, 370, 370, 370, 370, 370, 370, 370] [26, 220] 11 2
[30, 30, 30, 30, 30, 50, 70, 90, 110, 130, 150] [290, 310, 330, 350, 370, 370, 370, 370, 370, 370, 370] [26, 220] 11 2
[30, 30, 30, 30, 30, 30, 50, 70, 90, 110, 130] [270, 290, 310, 330, 350, 370, 370, 370, 370, 370, 370] [26, 220] 11 2
[30, 30, 30, 30, 30, 30, 30, 50, 70, 90, 110] [250, 270, 290, 310, 330, 350, 370, 370, 370, 370, 370] [26, 220] 11 2
[30, 30, 30, 30, 30, 30, 30, 30, 50, 70, 90] [230, 250, 270, 290, 310, 330, 350, 370, 370, 370, 370] [26, 220] 11 2
[30, 30, 30, 30, 30, 30, 30, 30, 30, 50, 70] [210, 230, 250, 270, 290, 310, 330, 350, 370, 370, 370] [26, 220] 11 2
[30, 30, 30, 30, 30, 30, 30, 30, 30, 30, 50, 70] [190, 210, 230, 250, 270, 290, 310, 330, 350, 370, 370, 370] [483, 134] 12 2
[30, 30, 30, 30, 30, 30, 30, 30, 30, 30, 30, 50] [170, 190, 210, 230, 250, 270, 290, 310, 330, 350, 370, 370] [483, 134] 12 2
[30, 30, 30, 30, 30, 30, 30, 30, 30, 30, 30, 30] [150, 170, 190, 210, 230, 250, 270, 290, 310, 330, 350, 370] [483, 134] 12 2
[30, 30, 30, 30, 30, 30, 30, 30, 30, 30, 30, 30] [130, 150, 170, 190, 210, 230, 250, 270, 290, 310, 330, 350] [483, 134] 12 2
[30, 30, 30, 30, 30, 30, 30, 30, 30, 30, 30, 30] [110, 130, 150, 170, 190, 210, 230, 250, 270, 290, 310, 330] [483, 134] 12 2
[50, 30, 30, 30, 30, 30, 30, 30, 30, 30, 30, 30] [110, 110, 130, 150, 170, 190, 210, 230, 250, 270, 290, 310] [483, 134] 12 1
[70, 50, 30, 30, 30, 30, 30, 30, 30, 30, 30, 30] [110, 110, 110, 130, 150, 170, 190, 210, 230, 250, 270, 290] [483, 134] 12 1
[90, 70, 50, 30, 30, 30, 30, 30, 30, 30, 30, 30] [110, 110, 110, 110, 130, 150, 170, 190, 210, 230, 250, 270] [483, 134] 12 1
[110, 90, 70, 50, 30, 30, 30, 30, 30, 30, 30, 30] [110, 110, 110, 110, 110, 130, 150, 170, 190, 210, 230, 250] [483, 134] 12 1
[130, 110, 90, 70, 50, 30, 30, 30, 30, 30, 30, 30] [110, 110, 110, 110, 110, 110, 130, 150, 170, 190, 210, 230] [483, 134] 12 1
[150, 130, 110, 90, 70, 50, 30, 30, 30, 30, 30, 30] [110, 110, 110, 110, 110, 110, 110, 130, 150, 170, 190, 210] [483, 134] 12 1
[170, 150, 130, 110, 90, 70, 50, 30, 30, 30, 30, 30] [110, 110, 110, 110, 110, 110, 110, 110, 130, 150, 170, 190] [483, 134] 12 1
[190, 170, 150, 130, 110, 90, 70, 50, 30, 30, 30, 30] [110, 110, 110, 110, 110, 110, 110, 110, 110, 130, 150, 170] [483, 134] 12 1
[210, 190, 170, 150, 130, 110, 90, 70, 50, 30, 30, 30] [110, 110, 110, 110, 110, 110, 110, 110, 110, 110, 130, 150] [483, 134] 12 1
[230, 210, 190, 170, 150, 130, 110, 90, 70, 50, 30, 30] [110, 110, 110, 110, 110, 110, 110, 110, 110, 110, 110, 130] [483, 134] 12 1
[250, 230, 210, 190, 170, 150, 130, 110, 90, 70, 50, 30] [110, 110, 110, 110, 110, 110, 110, 110, 110, 110, 110, 110] [483, 134] 12 1
[270, 250, 230, 210, 190, 170, 150, 130, 110, 90, 70, 50] [110, 110, 110, 110, 110, 110, 110, 110, 110, 110, 110, 110] [483, 134] 12 1
[290, 270, 250, 230, 210, 190, 170, 150, 130, 110, 90, 70] [110, 110, 110, 110, 110, 110, 110, 110, 110, 110, 110, 110] [483, 134] 12 1
[310, 290, 270, 250, 230, 210, 190, 170, 150, 130, 110, 90] [110, 110, 110, 110, 110, 110, 110, 110, 110, 110, 110, 110] [483, 134] 12 1
[330, 310, 290, 270, 250, 230, 210, 190, 170, 150, 130, 110] [110, 110, 110, 110, 110, 110, 110, 110, 110, 110, 110, 110] [483, 134] 12 1
[350, 330, 310, 290, 270, 250, 230, 210, 190, 170, 150, 130] [110, 110, 110, 110, 110, 110, 110, 110, 110, 110, 110, 110] [483, 134] 12 1
[370, 350, 330, 310, 290, 270, 250, 230, 210, 190, 170, 150] [110, 110, 110, 110, 110, 110, 110, 110, 110, 110, 110, 110] [483, 134] 12 1
[390, 370, 350, 330, 310, 290, 270, 250, 230, 210, 190, 170] [110, 110, 110, 110, 110, 110, 110, 110, 110, 110, 110, 110] [483, 134] 12 1
[410, 390, 370, 350, 330, 310, 290, 270, 250, 230, 210, 190] [110, 110, 110, 110, 110, 110, 110, 110, 110, 110, 110, 110] [483, 134] 12 1
[430, 410, 390, 370, 350, 330, 310, 290, 270, 250, 230, 210] [110, 110, 110, 110, 110, 110, 110, 110, 110, 110, 110, 110] [483, 134] 12 1
[450, 430, 410, 390, 370, 350, 330, 310, 290, 270, 250, 230] [110, 110, 110, 110, 110, 110, 110, 110, 110, 110, 110, 110] [483, 134] 12 1
[470, 450, 430, 410, 390, 370, 350, 330, 310, 290, 270, 250] [110, 110, 110, 110, 110, 110, 110, 110, 110, 110, 110, 110] [483, 134] 12 1
[470, 470, 450, 430, 410, 390, 370, 350, 330, 310, 290, 270] [130, 110, 110, 110, 110, 110, 110, 110, 110, 110, 110, 110] [483, 134] 12 0
[470, 470, 470, 450, 430, 410, 390, 370, 350, 330, 310, 290, 270] [150, 130, 110, 110, 110, 110, 110, 110, 110, 110, 110, 110, 110] [296, 224] 13 0
[470, 470, 470, 470, 450, 430, 410, 390, 370, 350, 330, 310, 290] [170, 150, 130, 110, 110, 110, 110, 110, 110, 110, 110, 110, 110] [296, 224] 13 0
[470, 470, 470, 470, 470, 450, 430, 410, 390, 370, 350, 330, 310] [190, 170, 150, 130, 110, 110, 110, 110, 110, 110, 110, 110, 110] [296, 224] 13 0
[470, 470, 470, 470, 470, 470, 450, 430, 410, 390, 370, 350, 330] [210, 190, 170, 150, 130, 110, 110, 110, 110, 110, 110, 110, 110] [296, 224] 13 0
[470, 470, 470, 470, 470, 470, 470, 450, 430, 410, 390, 370, 350] [230, 210, 190, 170, 150, 130, 110, 110, 110, 110, 110, 110, 110] [296, 224] 13 0
[450, 470, 470, 470, 470, 470, 470, 470, 450, 430, 410, 390, 370] [230, 230, 210, 190, 170, 150, 130, 110, 110, 110, 110, 110, 110] [296, 224] 13 3
[430, 450, 470, 470, 470, 470, 470, 470, 470, 450, 430, 410, 390] [230, 230, 230, 210, 190, 170, 150, 130, 110, 110, 110, 110, 110] [296, 224] 13 3
[410, 430, 450, 470, 470, 470, 470, 470, 470, 470, 450, 430, 410] [230, 230, 230, 230, 210, 190, 170, 150, 130, 110, 110, 110, 110] [296, 224] 13 3
[390, 410, 430, 450, 470, 470, 470, 470, 470, 470, 470, 450, 430] [230, 230, 230, 230, 230, 210, 190, 170, 150, 130, 110, 110, 110] [296, 224] 13 3
[370, 390, 410, 430, 450, 470, 470, 470, 470, 470, 470, 470, 450] [230, 230, 230, 230, 230, 230, 210, 190, 170, 150, 130, 110, 110] [296, 224] 13 3
[350, 370, 390, 410, 430, 450, 470, 470, 470, 470, 470, 470, 470] [230, 230, 230, 230, 230, 230, 230, 210, 190, 170, 150, 130, 110] [296, 224] 13 3
[330, 350, 370, 390, 410, 430, 450, 470, 470, 470, 470, 470, 470] [230, 230, 230, 230, 230, 230, 230, 230, 210, 190, 170, 150, 130] [296, 224] 13 3
[310, 330, 350, 370, 390, 410, 430, 450, 470, 470, 470, 470, 470] [230, 230, 230, 230, 230, 230, 230, 230, 230, 210, 190, 170, 150] [296, 224] 13 3
[290, 310, 330, 350, 370, 390, 410, 430, 450, 470, 470, 470, 470] [230, 230, 230, 230, 230, 230, 230, 230, 230, 230, 210, 190, 170] [296, 224] 13 3
[270, 290, 310, 330, 350, 370, 390, 410, 430, 450, 470, 470, 470, 470] [230, 230, 230, 230, 230, 230, 230, 230, 230, 230, 230, 210, 190, 170] [518, 472] 14 3
[270, 270, 290, 310, 330, 350, 370, 390, 410, 430, 450, 470, 470, 470] [250, 230, 230, 230, 230, 230, 230, 230, 230, 230, 230, 230, 210, 190] [518, 472] 14 0
[270, 270, 270, 290, 310, 330, 350, 370, 390, 410, 430, 450, 470, 470] [270, 250, 230, 230, 230, 230, 230, 230, 230, 230, 230, 230, 230, 210] [518, 472] 14 0
[270, 270, 270, 270, 290, 310, 330, 350, 370, 390, 410, 430, 450, 470] [290, 270, 250, 230, 230, 230, 230, 230, 230, 230, 230, 230, 230, 230] [518, 472] 14 0
[270, 270, 270, 270, 270, 290, 310, 330, 350, 370, 390, 410, 430, 450] [310, 290, 270, 250, 230, 230, 230, 230, 230, 230, 230, 230, 230, 230] [518, 472] 14 0
[270, 270, 270, 270, 270, 270, 290, 310, 330, 350, 370, 390, 410, 430] [330, 310, 290, 270, 250, 230, 230, 230, 230, 230, 230, 230, 230, 230] [518, 472] 14 0
[270, 270, 270, 270, 270, 270, 270, 290, 310, 330, 350, 370, 390, 410] [350, 330, 310, 290, 270, 250, 230, 230, 230, 230, 230, 230, 230, 230] [518, 472] 14 0
[270, 270, 270, 270, 270, 270, 270, 270, 290, 310, 330, 350, 370, 390] [370, 350, 330, 310, 290, 270, 250, 230, 230, 230, 230, 230, 230, 230] [518, 472] 14 0
[270, 270, 270, 270, 270, 270, 270, 270, 270, 290, 310, 330, 350, 370] [390, 370, 350, 330, 310, 290, 270, 250, 230, 230, 230, 230, 230, 230] [518, 472] 14 0
[270, 270, 270, 270, 270, 270, 270, 270, 270, 270, 290, 310, 330, 350] [410, 390, 370, 350, 330, 310, 290, 270, 250, 230, 230, 230, 230, 230] [518, 472] 14 0
[270, 270, 270, 270, 270, 270, 270, 270, 270, 270, 270, 290, 310, 330] [430, 410, 390, 370, 350, 330, 310, 290, 270, 250, 230, 230, 230, 230] [518, 472] 14 0
[270, 270, 270, 270, 270, 270, 270, 270, 270, 270, 270, 270, 290, 310] [450, 430, 410, 390, 370, 350, 330, 310, 290, 270, 250, 230, 230, 230] [518, 472] 14 0
[270, 270, 270, 270, 270, 270, 270, 270, 270, 270, 270, 270, 270, 290] [470, 450, 430, 410, 390, 370, 350, 330, 310, 290, 270, 250, 230, 230] [518, 472] 14 0
[290, 270, 270, 270, 270, 270, 270, 270, 270, 270, 270, 270, 270, 270] [470, 470, 450, 430, 410, 390, 370, 350, 330, 310, 290, 270, 250, 230] [518, 472] 14 1
[310, 290, 270, 270, 270, 270, 270, 270, 270, 270, 270, 270, 270, 270] [470, 470, 470, 450, 430, 410, 390, 370, 350, 330, 310, 290, 270, 250] [518, 472] 14 1
[330, 310, 290, 270, 270, 270, 270, 270, 270, 270, 270, 270, 270, 270] [470, 470, 470, 470, 450, 430, 410, 390, 370, 350, 330, 310, 290, 270] [518, 472] 14 1
[350, 330, 310, 290, 270, 270, 270, 270, 270, 270, 270, 270, 270, 270] [470, 470, 470, 470, 470, 450, 430, 410, 390, 370, 350, 330, 310, 290] [518, 472] 14 1
[370, 350, 330, 310, 290, 270, 270, 270, 270, 270, 270, 270, 270, 270] [470, 470, 470, 470, 470, 470, 450, 430, 410, 390, 370, 350, 330, 310] [518, 472] 14 1
[390, 370, 350, 330, 310, 290, 270, 270, 270, 270, 270, 270, 270, 270] [470, 470, 470, 470, 470, 470, 470, 450, 430, 410, 390, 370, 350, 330] [518, 472] 14 1
[410, 390, 370, 350, 330, 310, 290, 270, 270, 270, 270, 270, 270, 270] [470, 470, 470, 470, 470, 470, 470, 470, 450, 430, 410, 390, 370, 350] [518, 472] 14 1
[430, 410, 390, 370, 350, 330, 310, 290, 270, 270, 270, 270, 270, 270] [470, 470, 470, 470, 470, 470, 470, 470, 470, 450, 430, 410, 390, 370] [518, 472] 14 1
[450, 430, 410, 390, 370, 350, 330, 310, 290, 270, 270, 270, 270, 270] [470, 470, 470, 470, 470, 470, 470, 470, 470, 470, 450, 430, 410, 390] [518, 472] 14 1
[470, 450, 430, 410, 390, 370, 350, 330, 310, 290, 270, 270, 270, 270] [470, 470, 470, 470, 470, 470, 470, 470, 470, 470, 470, 450, 430, 410] [518, 472] 14 1
[490, 470, 450, 430, 410, 390, 370, 350, 330, 310, 290, 270, 270, 270] [470, 470, 470, 470, 470, 470, 470, 470, 470, 470, 470, 470, 450, 430] [518, 472] 14 1
[510, 490, 470, 450, 430, 410, 390, 370, 350, 330, 310, 290, 270, 270] [470, 470, 470, 470, 470, 470, 470, 470, 470, 470, 470, 470, 470, 450] [518, 472] 14 1
[530, 510, 490, 470, 450, 430, 410, 390, 370, 350, 330, 310, 290, 270, 270] [470, 470, 470, 470, 470, 470, 470, 470, 470, 470, 470, 470, 470, 470, 450] [530, 178] 15 1
[530, 530, 510, 490, 470, 450, 430, 410, 390, 370, 350, 330, 310, 290, 270] [450, 470, 470, 470, 470, 470, 470, 470, 470, 470, 470, 470, 470, 470, 470] [530, 178] 15 2
[530, 530, 530, 510, 490, 470, 450, 430, 410, 390, 370, 350, 330, 310, 290] [430, 450, 470, 470, 470, 470, 470, 470, 470, 470, 470, 470, 470, 470, 470] [530, 178] 15 2
[530, 530, 530, 530, 510, 490, 470, 450, 430, 410, 390, 370, 350, 330, 310] [410, 430, 450, 470, 470, 470, 470, 470, 470, 470, 470, 470, 470, 470, 470] [530, 178] 15 2
[530, 530, 530, 530, 530, 510, 490, 470, 450, 430, 410, 390, 370, 350, 330] [390, 410, 430, 450, 470, 470, 470, 470, 470, 470, 470, 470, 470, 470, 470] [530, 178] 15 2
[530, 530, 530, 530, 530, 530, 510, 490, 470, 450, 430, 410, 390, 370, 350] [370, 390, 410, 430, 450, 470, 470, 470, 470, 470, 470, 470, 470, 470, 470] [530, 178] 15 2
[530, 530, 530, 530, 530, 530, 530, 510, 490, 470, 450, 430, 410, 390, 370] [350, 370, 390, 410, 430, 450, 470, 470, 470, 470, 470, 470, 470, 470, 470] [530, 178] 15 2
[530, 530, 530, 530, 530, 530, 530, 530, 510, 490, 470, 450, 430, 410, 390] [330, 350, 370, 390, 410, 430, 450, 470, 470, 470, 470, 470, 470, 470, 470] [530, 178] 15 2
[530, 530, 530, 530, 530, 530, 530, 530, 530, 510, 490, 470, 450, 430, 410] [310, 330, 350, 370, 390, 410, 430, 450, 470, 470, 470, 470, 470, 470, 470] [530, 178] 15 2
[530, 530, 530, 530, 530, 530, 530, 530, 530, 530, 510, 490, 470, 450, 430] [290, 310, 330, 350, 370, 390, 410, 430, 450, 470, 470, 470, 470, 470, 470] [530, 178] 15 2
[530, 530, 530, 530, 530, 530, 530, 530, 530, 530, 530, 510, 490, 470, 450] [270, 290, 310, 330, 350, 370, 390, 410, 430, 450, 470, 470, 470, 470, 470] [530, 178] 15 2
[530, 530, 530, 530, 530, 530, 530, 530, 530, 530, 530, 530, 510, 490, 470] [250, 270, 290, 310, 330, 350, 370, 390, 410, 430, 450, 470, 470, 470, 470] [530, 178] 15 2
[530, 530, 530, 530, 530, 530, 530, 530, 530, 530, 530, 530, 530, 510, 490] [230, 250, 270, 290, 310, 330, 350, 370, 390, 410, 430, 450, 470, 470, 470] [530, 178] 15 2
[530, 530, 530, 530, 530, 530, 530, 530, 530, 530, 530, 530, 530, 530, 510] [210, 230, 250, 270, 290, 310, 330, 350, 370, 390, 410, 430, 450, 470, 470] [530, 178] 15 2
[530, 530, 530, 530, 530, 530, 530, 530, 530, 530, 530, 530, 530, 530, 530] [190, 210, 230, 250, 270, 290, 310, 330, 350, 370, 390, 410, 430, 450, 470] [530, 178] 15 2
[530, 530, 530, 530, 530, 530, 530, 530, 530, 530, 530, 530, 530, 530, 530] [170, 190, 210, 230, 250, 270, 290, 310, 330, 350, 370, 390, 410, 430, 450] [530, 178] 15 2
