[290, 290, 290, 290, 290] [290, 270, 250, 230, 210] [233, 277] 5 0
[270, 290, 290, 290, 290] [290, 290, 270, 250, 230] [233, 277] 5 3
[250, 270, 290, 290, 290] [290, 290, 290, 270, 250] [233, 277] 5 3
[230, 250, 270, 290, 290] [290, 290, 290, 290, 270] [233, 277] 5 3
[230, 230, 250, 270, 290] [270, 290, 290, 290, 290] [233, 277] 5 2
[230, 230, 230, 250, 270, 290] [250, 270, 290, 290, 290, 290] [436, 538] 6 2
[250, 230, 230, 230, 250, 270] [250, 250, 270, 290, 290, 290] [436, 538] 6 1
[270, 250, 230, 230, 230, 250] [250, 250, 250, 270, 290, 290] [436, 538] 6 1
[290, 270, 250, 230, 230, 230] [250, 250, 250, 250, 270, 290] [436, 538] 6 1
[310, 290, 270, 250, 230, 230] [250, 250, 250, 250, 250, 270] [436, 538] 6 1
[330, 310, 290, 270, 250, 230] [250, 250, 250, 250, 250, 250] [436, 538] 6 1
[350, 330, 310, 290, 270, 250] [250, 250, 250, 250, 250, 250] [436, 538] 6 1
[370, 350, 330, 310, 290, 270] [250, 250, 250, 250, 250, 250] [436, 538] 6 1
[390, 370, 350, 330, 310, 290] [250, 250, 250, 250, 250, 250] [436, 538] 6 1
[410, 390, 370, 350, 330, 310] [250, 250, 250, 250, 250, 250] [436, 538] 6 1
[430, 410, 390, 370, 350, 330] [250, 250, 250, 250, 250, 250] [436, 538] 6 1
[430, 430, 410, 390, 370, 350] [270, 250, 250, 250, 250, 250] [436, 538] 6 0
[430, 430, 430, 410, 390, 370] [290, 270, 250, 250, 250, 250] [436, 538] 6 0
[430, 430, 430, 430, 410, 390] [310, 290, 270, 250, 250, 250] [436, 538] 6 0
[430, 430, 430, 430, 430, 410] [330, 310, 290, 270, 250, 250] [436, 538] 6 0
[430, 430, 430, 430, 430, 430] [350, 330, 310, 290, 270, 250] [436, 538] 6 0
[430, 430, 430, 430, 430, 430] [370, 350, 330, 310, 290, 270] [436, 538] 6 0
[430, 430, 430, 430, 430, 430] [390, 370, 350, 330, 310, 290] [436, 538] 6 0
[430, 430, 430, 430, 430, 430] [410, 390, 370, 350, 330, 310] [436, 538] 6 0
[430, 430, 430, 430, 430, 430] [430, 410, 390, 370, 350, 330] [436, 538] 6 0
[430, 430, 430, 430, 430, 430] [450, 430, 410, 390, 370, 350] [436, 538] 6 0
[430, 430, 430, 430, 430, 430] [470, 450, 430, 410, 390, 370] [436, 538] 6 0
[430, 430, 430, 430, 430, 430] [490, 470, 450, 430, 410, 390] [436, 538] 6 0
[430, 430, 430, 430, 430, 430] [510, 490, 470, 450, 430, 410] [436, 538] 6 0
[430, 430, 430, 430, 430, 430] [530, 510, 490, 470, 450, 430] [436, 538] 6 0
[430, 430, 430, 430, 430, 430, 430] [550, 530, 510, 490, 470, 450, 430] [81, 462] 7 0
[410, 430, 430, 430, 430, 430, 430] [550, 550, 530, 510, 490, 470, 450] [81, 462] 7 3
[390, 410, 430, 430, 430, 430, 430] [550, 550, 550, 530, 510, 490, 470] [81, 462] 7 3
[370, 390, 410, 430, 430, 430, 430] [550, 550, 550, 550, 530, 510, 490] [81, 462] 7 3
[350, 370, 390, 410, 430, 430, 430] [550, 550, 550, 550, 550, 530, 510] [81, 462] 7 3
[330, 350, 370, 390, 410, 430, 430] [550, 550, 550, 550, 550, 550, 530] [81, 462] 7 3
[310, 330, 350, 370, 390, 410, 430] [550, 550, 550, 550, 550, 550, 550] [81, 462] 7 3
[290, 310, 330, 350, 370, 390, 410] [550, 550, 550, 550, 550, 550, 550] [81, 462] 7 3
[270, 290, 310, 330, 350, 370, 390] [550, 550, 550, 550, 550, 550, 550] [81, 462] 7 3
[250, 270, 290, 310, 330, 350, 370] [550, 550, 550, 550, 550, 550, 550] [81, 462] 7 3
[230, 250, 270, 290, 310, 330, 350] [550, 550, 550, 550, 550, 550, 550] [81, 462] 7 3
[210, 230, 250, 270, 290, 310, 330] [550, 550, 550, 550, 550, 550, 550] [81, 462] 7 3
[190, 210, 230, 250, 270, 290, 310] [550, 550, 550, 550, 550, 550, 550] [81, 462] 7 3
[170, 190, 210, 230, 250, 270, 290] [550, 550, 550, 550, 550, 550, 550] [81, 462] 7 3
[150, 170, 190, 210, 230, 250, 270] [550, 550, 550, 550, 550, 550, 550] [81, 462] 7 3
[130, 150, 170, 190, 210, 230, 250] [550, 550, 550, 550, 550, 550, 550] [81, 462] 7 3
[110, 130, 150, 170, 190, 210, 230] [550, 550, 550, 550, 550, 550, 550] [81, 462] 7 3
[90, 110, 130, 150, 170, 190, 210] [550, 550, 550, 550, 550, 550, 550] [81, 462] 7 3
[70, 90, 110, 130, 150, 170, 190] [550, 550, 550, 550, 550, 550, 550] [81, 462] 7 3
[70, 70, 90, 110, 130, 150, 170] [530, 550, 550, 550, 550, 550, 550] [81, 462] 7 2
[70, 70, 70, 90, 110, 130, 150] [510, 530, 550, 550, 550, 550, 550] [81, 462] 7 2
[70, 70, 70, 70, 90, 110, 130] [490, 510, 530, 550, 550, 550, 550] [81, 462] 7 2
[70, 70, 70, 70, 70, 90, 110] [470, 490, 510, 530, 550, 550, 550] [81, 462] 7 2
[70, 70, 70, 70, 70, 70, 90, 110] [450, 470, 490, 510, 530, 550, 550, 550] [368, 246] 8 2
[70, 70, 70, 70, 70, 70, 70, 90] [430, 450, 470, 490, 510, 530, 550, 550] [368, 246] 8 2
[70, 70, 70, 70, 70, 70, 70, 70] [410, 430, 450, 470, 490, 510, 530, 550] [368, 246] 8 2
[70, 70, 70, 70, 70, 70, 70, 70] [390, 410, 430, 450, 470, 490, 510, 530] [368, 246] 8 2
[70, 70, 70, 70, 70, 70, 70, 70] [370, 390, 410, 430, 450, 470, 490, 510] [368, 246] 8 2
[70, 70, 70, 70, 70, 70, 70, 70] [350, 370, 390, 410, 430, 450, 470, 490] [368, 246] 8 2
[70, 70, 70, 70, 70, 70, 70, 70] [330, 350, 370, 390, 410, 430, 450, 470] [368, 246] 8 2
[70, 70, 70, 70, 70, 70, 70, 70] [310, 330, 350, 370, 390, 410, 430, 450] [368, 246] 8 2
[70, 70, 70, 70, 70, 70, 70, 70] [290, 310, 330, 350, 370, 390, 410, 430] [368, 246] 8 2
[70, 70, 70, 70, 70, 70, 70, 70] [270, 290, 310, 330, 350, 370, 390, 410] [368, 246] 8 2
[70, 70, 70, 70, 70, 70, 70, 70] [250, 270, 290, 310, 330, 350, 370, 390] [368, 246] 8 2
[90, 70, 70, 70, 70, 70, 70, 70] [250, 250, 270, 290, 310, 330, 350, 370] [368, 246] 8 1
[110, 90, 70, 70, 70, 70, 70, 70] [250, 250, 250, 270, 290, 310, 330, 350] [368, 246] 8 1
[130, 110, 90, 70, 70, 70, 70, 70] [250, 250, 250, 250, 270, 290, 310, 330] [368, 246] 8 1
[150, 130, 110, 90, 70, 70, 70, 70] [250, 250, 250, 250, 250, 270, 290, 310] [368, 246] 8 1
[170, 150, 130, 110, 90, 70, 70, 70] [250, 250, 250, 250, 250, 250, 270, 290] [368, 246] 8 1
[190, 170, 150, 130, 110, 90, 70, 70] [250, 250, 250, 250, 250, 250, 250, 270] [368, 246] 8 1
[210, 190, 170, 150, 130, 110, 90, 70] [250, 250, 250, 250, 250, 250, 250, 250] [368, 246] 8 1
[230, 210, 190, 170, 150, 130, 110, 90] [250, 250, 250, 250, 250, 250, 250, 250] [368, 246] 8 1
[250, 230, 210, 190, 170, 150, 130, 110] [250, 250, 250, 250, 250, 250, 250, 250] [368, 246] 8 1
[270, 250, 230, 210, 190, 170, 150, 130] [250, 250, 250, 250, 250, 250, 250, 250] [368, 246] 8 1
[290, 270, 250, 230, 210, 190, 170, 150] [250, 250, 250, 250, 250, 250, 250, 250] [368, 246] 8 1
[310, 290, 270, 250, 230, 210, 190, 170] [250, 250, 250, 250, 250, 250, 250, 250] [368, 246] 8 1
[330, 310, 290, 270, 250, 230, 210, 190] [250, 250, 250, 250, 250, 250, 250, 250] [368, 246] 8 1
[350, 330, 310, 290, 270, 250, 230, 210] [250, 250, 250, 250, 250, 250, 250, 250] [368, 246] 8 1
[370, 350, 330, 310, 290, 270, 250, 230, 210] [250, 250, 250, 250, 250, 250, 250, 250, 250] [148, 24] 9 1
[390, 370, 350, 330, 310, 290, 270, 250, 230] [250, 250, 250, 250, 250, 250, 250, 250, 250] [148, 24] 9 1
[390, 390, 370, 350, 330, 310, 290, 270, 250] [230, 250, 250, 250, 250, 250, 250, 250, 250] [148, 24] 9 2
[390, 390, 390, 370, 350, 330, 310, 290, 270] [210, 230, 250, 250, 250, 250, 250, 250, 250] [148, 24] 9 2
[390, 390, 390, 390, 370, 350, 330, 310, 290] [190, 210, 230, 250, 250, 250, 250, 250, 250] [148, 24] 9 2
[390, 390, 390, 390, 390, 370, 350, 330, 310] [170, 190, 210, 230, 250, 250, 250, 250, 250] [148, 24] 9 2
[390, 390, 390, 390, 390, 390, 370, 350, 330] [150, 170, 190, 210, 230, 250, 250, 250, 250] [148, 24] 9 2
[390, 390, 390, 390, 390, 390, 390, 370, 350] [130, 150, 170, 190, 210, 230, 250, 250, 250] [148, 24] 9 2
[390, 390, 390, 390, 390, 390, 390, 390, 370] [110, 130, 150, 170, 190, 210, 230, 250, 250] [148, 24] 9 2
[390, 390, 390, 390, 390, 390, 390, 390, 390] [90, 110, 130, 150, 170, 190, 210, 230, 250] [148, 24] 9 2
[390, 390, 390, 390, 390, 390, 390, 390, 390] [70, 90, 110, 130, 150, 170, 190, 210, 230] [148, 24] 9 2
[390, 390, 390, 390, 390, 390, 390, 390, 390] [50, 70, 90, 110, 130, 150, 170, 190, 210] [148, 24] 9 2
[390, 390, 390, 390, 390, 390, 390, 390, 390] [30, 50, 70, 90, 110, 130, 150, 170, 190] [148, 24] 9 2
[370, 390, 390, 390, 390, 390, 390, 390, 390] [30, 30, 50, 70, 90, 110, 130, 150, 170] [148, 24] 9 3
[350, 370, 390, 390, 390, 390, 390, 390, 390] [30, 30, 30, 50, 70, 90, 110, 130, 150] [148, 24] 9 3
[330, 350, 370, 390, 390, 390, 390, 390, 390] [30, 30, 30, 30, 50, 70, 90, 110, 130] [148, 24] 9 3
[310, 330, 350, 370, 390, 390, 390, 390, 390] [30, 30, 30, 30, 30, 50, 70, 90, 110] [148, 24] 9 3
[290, 310, 330, 350, 370, 390, 390, 390, 390] [30, 30, 30, 30, 30, 30, 50, 70, 90] [148, 24] 9 3
[270, 290, 310, 330, 350, 370, 390, 390, 390] [30, 30, 30, 30, 30, 30, 30, 50, 70] [148, 24] 9 3
[250, 270, 290, 310, 330, 350, 370, 390, 390] [30, 30, 30, 30, 30, 30, 30, 30, 50] [148, 24] 9 3
[230, 250, 270, 290, 310, 330, 350, 370, 390] [30, 30, 30, 30, 30, 30, 30, 30, 30] [148, 24] 9 3
[210, 230, 250, 270, 290, 310, 330, 350, 370] [30, 30, 30, 30, 30, 30, 30, 30, 30] [148, 24] 9 3
[190, 210, 230, 250, 270, 290, 310, 330, 350] [30, 30, 30, 30, 30, 30, 30, 30, 30] [148, 24] 9 3
[170, 190, 210, 230, 250, 270, 290, 310, 330] [30, 30, 30, 30, 30, 30, 30, 30, 30] [148, 24] 9 3
[150, 170, 190, 210, 230, 250, 270, 290, 310] [30, 30, 30, 30, 30, 30, 30, 30, 30] [148, 24] 9 3
[130, 150, 170, 190, 210, 230, 250, 270, 290, 310] [30, 30, 30, 30, 30, 30, 30, 30, 30, 30] [222, 28] 10 3
[110, 130, 150, 170, 190, 210, 230, 250, 270, 290] [30, 30, 30, 30, 30, 30, 30, 30, 30, 30] [222, 28] 10 3
[110, 110, 130, 150, 170, 190, 210, 230, 250, 270] [50, 30, 30, 30, 30, 30, 30, 30, 30, 30] [222, 28] 10 0
[130, 110, 110, 130, 150, 170, 190, 210, 230, 250] [50, 50, 30, 30, 30, 30, 30, 30, 30, 30] [222, 28] 10 1
[150, 130, 110, 110, 130, 150, 170, 190, 210, 230] [50, 50, 50, 30, 30, 30, 30, 30, 30, 30] [222, 28] 10 1
[170, 150, 130, 110, 110, 130, 150, 170, 190, 210] [50, 50, 50, 50, 30, 30, 30, 30, 30, 30] [222, 28] 10 1
[190, 170, 150, 130, 110, 110, 130, 150, 170, 190] [50, 50, 50, 50, 50, 30, 30, 30, 30, 30] [222, 28] 10 1
[210, 190, 170, 150, 130, 110, 110, 130, 150, 170] [50, 50, 50, 50, 50, 50, 30, 30, 30, 30] [222, 28] 10 1
[210, 210, 190, 170, 150, 130, 110, 110, 130, 150] [30, 50, 50, 50, 50, 50, 50, 30, 30, 30] [222, 28] 10 2
[230, 210, 210, 190, 170, 150, 130, 110, 110, 130, 150] [30, 30, 50, 50, 50, 50, 50, 50, 30, 30, 30] [185, 482] 11 1
[250, 230, 210, 210, 190, 170, 150, 130, 110, 110, 130] [30, 30, 30, 50, 50, 50, 50, 50, 50, 30, 30] [185, 482] 11 1
[250, 250, 230, 210, 210, 190, 170, 150, 130, 110, 110] [50, 30, 30, 30, 50, 50, 50, 50, 50, 50, 30] [185, 482] 11 0
[250, 250, 250, 230, 210, 210, 190, 170, 150, 130, 110] [70, 50, 30, 30, 30, 50, 50, 50, 50, 50, 50] [185, 482] 11 0
[250, 250, 250, 250, 230, 210, 210, 190, 170, 150, 130] [90, 70, 50, 30, 30, 30, 50, 50, 50, 50, 50] [185, 482] 11 0
[250, 250, 250, 250, 250, 230, 210, 210, 190, 170, 150] [110, 90, 70, 50, 30, 30, 30, 50, 50, 50, 50] [185, 482] 11 0
[250, 250, 250, 250, 250, 250, 230, 210, 210, 190, 170] [130, 110, 90, 70, 50, 30, 30, 30, 50, 50, 50] [185, 482] 11 0
[250, 250, 250, 250, 250, 250, 250, 230, 210, 210, 190] [150, 130, 110, 90, 70, 50, 30, 30, 30, 50, 50] [185, 482] 11 0
[250, 250, 250, 250, 250, 250, 250, 250, 230, 210, 210] [170, 150, 130, 110, 90, 70, 50, 30, 30, 30, 50] [185, 482] 11 0
[250, 250, 250, 250, 250, 250, 250, 250, 250, 230, 210] [190, 170, 150, 130, 110, 90, 70, 50, 30, 30, 30] [185, 482] 11 0
[250, 250, 250, 250, 250, 250, 250, 250, 250, 250, 230] [210, 190, 170, 150, 130, 110, 90, 70, 50, 30, 30] [185, 482] 11 0
[250, 250, 250, 250, 250, 250, 250, 250, 250, 250, 250] [230, 210, 190, 170, 150, 130, 110, 90, 70, 50, 30] [185, 482] 11 0
[250, 250, 250, 250, 250, 250, 250, 250, 250, 250, 250] [250, 230, 210, 190, 170, 150, 130, 110, 90, 70, 50] [185, 482] 11 0
[250, 250, 250, 250, 250, 250, 250, 250, 250, 250, 250] [270, 250, 230, 210, 190, 170, 150, 130, 110, 90, 70] [185, 482] 11 0
[250, 250, 250, 250, 250, 250, 250, 250, 250, 250, 250] [290, 270, 250, 230, 210, 190, 170, 150, 130, 110, 90] [185, 482] 11 0
[250, 250, 250, 250, 250, 250, 250, 250, 250, 250, 250] [310, 290, 270, 250, 230, 210, 190, 170, 150, 130, 110] [185, 482] 11 0
[250, 250, 250, 250, 250, 250, 250, 250, 250, 250, 250] [330, 310, 290, 270, 250, 230, 210, 190, 170, 150, 130] [185, 482] 11 0
[250, 250, 250, 250, 250, 250, 250, 250, 250, 250, 250] [350, 330, 310, 290, 270, 250, 230, 210, 190, 170, 150] [185, 482] 11 0
[250, 250, 250, 250, 250, 250, 250, 250, 250, 250, 250] [370, 350, 330, 310, 290, 270, 250, 230, 210, 190, 170] [185, 482] 11 0
[250, 250, 250, 250, 250, 250, 250, 250, 250, 250, 250] [390, 370, 350, 330, 310, 290, 270, 250, 230, 210, 190] [185, 482] 11 0
[250, 250, 250, 250, 250, 250, 250, 250, 250, 250, 250] [410, 390, 370, 350, 330, 310, 290, 270, 250, 230, 210] [185, 482] 11 0
[250, 250, 250, 250, 250, 250, 250, 250, 250, 250, 250] [430, 410, 390, 370, 350, 330, 310, 290, 270, 250, 230] [185, 482] 11 0
[250, 250, 250, 250, 250, 250, 250, 250, 250, 250, 250] [450, 430, 410, 390, 370, 350, 330, 310, 290, 270, 250] [185, 482] 11 0
[250, 250, 250, 250, 250, 250, 250, 250, 250, 250, 250] [470, 450, 430, 410, 390, 370, 350, 330, 310, 290, 270] [185, 482] 11 0
[230, 250, 250, 250, 250, 250, 250, 250, 250, 250, 250] [470, 470, 450, 430, 410, 390, 370, 350, 330, 310, 290] [185, 482] 11 3
[210, 230, 250, 250, 250, 250, 250, 250, 250, 250, 250] [470, 470, 470, 450, 430, 410, 390, 370, 350, 330, 310] [185, 482] 11 3
[190, 210, 230, 250, 250, 250, 250, 250, 250, 250, 250] [470, 470, 470, 470, 450, 430, 410, 390, 370, 350, 330] [185, 482] 11 3
