[290, 290, 290, 290, 290] [290, 270, 250, 230, 210] [71, 344] 5 0
[290, 290, 290, 290, 290] [310, 290, 270, 250, 230] [71, 344] 5 0
[290, 290, 290, 290, 290] [330, 310, 290, 270, 250] [71, 344] 5 0
[270, 290, 290, 290, 290] [330, 330, 310, 290, 270] [71, 344] 5 3
[250, 270, 290, 290, 290] [330, 330, 330, 310, 290] [71, 344] 5 3
[230, 250, 270, 290, 290] [330, 330, 330, 330, 310] [71, 344] 5 3
[210, 230, 250, 270, 290] [330, 330, 330, 330, 330] [71, 344] 5 3
[190, 210, 230, 250, 270] [330, 330, 330, 330, 330] [71, 344] 5 3
[170, 190, 210, 230, 250] [330, 330, 330, 330, 330] [71, 344] 5 3
[150, 170, 190, 210, 230] [330, 330, 330, 330, 330] [71, 344] 5 3
[130, 150, 170, 190, 210] [330, 330, 330, 330, 330] [71, 344] 5 3
[110, 130, 150, 170, 190] [330, 330, 330, 330, 330] [71, 344] 5 3
[90, 110, 130, 150, 170] [330, 330, 330, 330, 330] [71, 344] 5 3
[70, 90, 110, 130, 150] [330, 330, 330, 330, 330] [71, 344] 5 3
[50, 70, 90, 110, 130, 150] [330, 330, 330, 330, 330, 330] [539, 192] 6 3
[50, 50, 70, 90, 110, 130] [310, 330, 330, 330, 330, 330] [539, 192] 6 2
[50, 50, 50, 70, 90, 110] [290, 310, 330, 330, 330, 330] [539, 192] 6 2
[50, 50, 50, 50, 70, 90] [270, 290, 310, 330, 330, 330] [539, 192] 6 2
[50, 50, 50, 50, 50, 70] [250, 270, 290, 310, 330, 330] [539, 192] 6 2
[50, 50, 50, 50, 50, 50] [230, 250, 270, 290, 310, 330] [539, 192] 6 2
[50, 50, 50, 50, 50, 50] [210, 230, 250, 270, 290, 310] [539, 192] 6 2
[50, 50, 50, 50, 50, 50] [190, 210, 230, 250, 270, 290] [539, 192] 6 2
[70, 50, 50, 50, 50, 50] [190, 190, 210, 230, 250, 270] [539, 192] 6 1
[90, 70, 50, 50, 50, 50] [190, 190, 190, 210, 230, 250] [539, 192] 6 1
[110, 90, 70, 50, 50, 50] [190, 190, 190, 190, 210, 230] [539, 192] 6 1
[130, 110, 90, 70, 50, 50] [190, 190, 190, 190, 190, 210] [539, 192] 6 1
[150, 130, 110, 90, 70, 50] [190, 190, 190, 190, 190, 190] [539, 192] 6 1
[170, 150, 130, 110, 90, 70] [190, 190, 190, 190, 190, 190] [539, 192] 6 1
[190, 170, 150, 130, 110, 90] [190, 190, 190, 190, 190, 190] [539, 192] 6 1
[210, 190, 170, 150, 130, 110] [190, 190, 190, 190, 190, 190] [539, 192] 6 1
[230, 210, 190, 170, 150, 130] [190, 190, 190, 190, 190, 190] [539, 192] 6 1
[250, 230, 210, 190, 170, 150] [190, 190, 190, 190, 190, 190] [539, 192] 6 1
[270, 250, 230, 210, 190, 170] [190, 190, 190, 190, 190, 190] [539, 192] 6 1
[290, 270, 250, 230, 210, 190] [190, 190, 190, 190, 190, 190] [539, 192] 6 1
[310, 290, 270, 250, 230, 210] [190, 190, 190, 190, 190, 190] [539, 192] 6 1
[330, 310, 290, 270, 250, 230] [190, 190, 190, 190, 190, 190] [539, 192] 6 1
[350, 330, 310, 290, 270, 250] [190, 190, 190, 190, 190, 190] [539, 192] 6 1
[370, 350, 330, 310, 290, 270] [190, 190, 190, 190, 190, 190] [539, 192] 6 1
[390, 370, 350, 330, 310, 290] [190, 190, 190, 190, 190, 190] [539, 192] 6 1
[410, 390, 370, 350, 330, 310] [190, 190, 190, 190, 190, 190] [539, 192] 6 1
[430, 410, 390, 370, 350, 330] [190, 190, 190, 190, 190, 190] [539, 192] 6 1
[450, 430, 410, 390, 370, 350] [190, 190, 190, 190, 190, 190] [539, 192] 6 1
[470, 450, 430, 410, 390, 370] [190, 190, 190, 190, 190, 190] [539, 192] 6 1
[490, 470, 450, 430, 410, 390] [190, 190, 190, 190, 190, 190] [539, 192] 6 1
[510, 490, 470, 450, 430, 410] [190, 190, 190, 190, 190, 190] [539, 192] 6 1
[530, 510, 490, 470, 450, 430] [190, 190, 190, 190, 190, 190] [539, 192] 6 1
[530, 530, 510, 490, 470, 450, 430] [210, 190, 190, 190, 190, 190, 190] [311, 241] 7 0
[530, 530, 530, 510, 490, 470, 450] [230, 210, 190, 190, 190, 190, 190] [311, 241] 7 0
[510, 530, 530, 530, 510, 490, 470] [230, 230, 210, 190, 190, 190, 190] [311, 241] 7 3
[490, 510, 530, 530, 530, 510, 490] [230, 230, 230, 210, 190, 190, 190] [311, 241] 7 3
[470, 490, 510, 530, 530, 530, 510] [230, 230, 230, 230, 210, 190, 190] [311, 241] 7 3
[450, 470, 490, 510, 530, 530, 530] [230, 230, 230, 230, 230, 210, 190] [311, 241] 7 3
[430, 450, 470, 490, 510, 530, 530] [230, 230, 230, 230, 230, 230, 210] [311, 241] 7 3
[410, 430, 450, 470, 490, 510, 530] [230, 230, 230, 230, 230, 230, 230] [311, 241] 7 3
[390, 410, 430, 450, 470, 490, 510] [230, 230, 230, 230, 230, 230, 230] [311, 241] 7 3
[370, 390, 410, 430, 450, 470, 490] [230, 230, 230, 230, 230, 230, 230] [311, 241] 7 3
[350, 370, 390, 410, 430, 450, 470] [230, 230, 230, 230, 230, 230, 230] [311, 241] 7 3
[330, 350, 370, 390, 410, 430, 450] [230, 230, 230, 230, 230, 230, 230] [311, 241] 7 3
[310, 330, 350, 370, 390, 410, 430] [230, 230, 230, 230, 230, 230, 230] [311, 241] 7 3
[290, 310, 330, 350, 370, 390, 410, 430] [230, 230, 230, 230, 230, 230, 230, 230] [77, 100] 8 3
[270, 290, 310, 330, 350, 370, 390, 410] [230, 230, 230, 230, 230, 230, 230, 230] [77, 100] 8 3
[250, 270, 290, 310, 330, 350, 370, 390] [230, 230, 230, 230, 230, 230, 230, 230] [77, 100] 8 3
[230, 250, 270, 290, 310, 330, 350, 370] [230, 230, 230, 230, 230, 230, 230, 230] [77, 100] 8 3
[210, 230, 250, 270, 290, 310, 330, 350] [230, 230, 230, 230, 230, 230, 230, 230] [77, 100] 8 3
[190, 210, 230, 250, 270, 290, 310, 330] [230, 230, 230, 230, 230, 230, 230, 230] [77, 100] 8 3
[170, 190, 210, 230, 250, 270, 290, 310] [230, 230, 230, 230, 230, 230, 230, 230] [77, 100] 8 3
[150, 170, 190, 210, 230, 250, 270, 290] [230, 230, 230, 230, 230, 230, 230, 230] [77, 100] 8 3
[130, 150, 170, 190, 210, 230, 250, 270] [230, 230, 230, 230, 230, 230, 230, 230] [77, 100] 8 3
[110, 130, 150, 170, 190, 210, 230, 250] [230, 230, 230, 230, 230, 230, 230, 230] [77, 100] 8 3
[90, 110, 130, 150, 170, 190, 210, 230] [230, 230, 230, 230, 230, 230, 230, 230] [77, 100] 8 3
[70, 90, 110, 130, 150, 170, 190, 210] [230, 230, 230, 230, 230, 230, 230, 230] [77, 100] 8 3
[70, 70, 90, 110, 130, 150, 170, 190] [210, 230, 230, 230, 230, 230, 230, 230] [77, 100] 8 2
[70, 70, 70, 90, 110, 130, 150, 170] [190, 210, 230, 230, 230, 230, 230, 230] [77, 100] 8 2
[70, 70, 70, 70, 90, 110, 130, 150] [170, 190, 210, 230, 230, 230, 230, 230] [77, 100] 8 2
[70, 70, 70, 70, 70, 90, 110, 130] [150, 170, 190, 210, 230, 230, 230, 230] [77, 100] 8 2
[70, 70, 70, 70, 70, 70, 90, 110] [130, 150, 170, 190, 210, 230, 230, 230] [77, 100] 8 2
[70, 70, 70, 70, 70, 70, 70, 90] [110, 130, 150, 170, 190, 210, 230, 230] [77, 100] 8 2
[70, 70, 70, 70, 70, 70, 70, 70] [90, 110, 130, 150, 170, 190, 210, 230] [77, 100] 8 2
[90, 70, 70, 70, 70, 70, 70, 70, 70] [90, 90, 110, 130, 150, 170, 190, 210, 230] [574, 146] 9 1
[110, 90, 70, 70, 70, 70, 70, 70, 70] [90, 90, 90, 110, 130, 150, 170, 190, 210] [574, 146] 9 1
[130, 110, 90, 70, 70, 70, 70, 70, 70] [90, 90, 90, 90, 110, 130, 150, 170, 190] [574, 146] 9 1
[150, 130, 110, 90, 70, 70, 70, 70, 70] [90, 90, 90, 90, 90, 110, 130, 150, 170] [574, 146] 9 1
[170, 150, 130, 110, 90, 70, 70, 70, 70] [90, 90, 90, 90, 90, 90, 110, 130, 150] [574, 146] 9 1
[190, 170, 150, 130, 110, 90, 70, 70, 70] [90, 90, 90, 90, 90, 90, 90, 110, 130] [574, 146] 9 1
[210, 190, 170, 150, 130, 110, 90, 70, 70] [90, 90, 90, 90, 90, 90, 90, 90, 110] [574, 146] 9 1
[230, 210, 190, 170, 150, 130, 110, 90, 70] [90, 90, 90, 90, 90, 90, 90, 90, 90] [574, 146] 9 1
[250, 230, 210, 190, 170, 150, 130, 110, 90] [90, 90, 90, 90, 90, 90, 90, 90, 90] [574, 146] 9 1
[270, 250, 230, 210, 190, 170, 150, 130, 110] [90, 90, 90, 90, 90, 90, 90, 90, 90] [574, 146] 9 1
[290, 270, 250, 230, 210, 190, 170, 150, 130] [90, 90, 90, 90, 90, 90, 90, 90, 90] [574, 146] 9 1
[310, 290, 270, 250, 230, 210, 190, 170, 150] [90, 90, 90, 90, 90, 90, 90, 90, 90] [574, 146] 9 1
[330, 310, 290, 270, 250, 230, 210, 190, 170] [90, 90, 90, 90, 90, 90, 90, 90, 90] [574, 146] 9 1
[350, 330, 310, 290, 270, 250, 230, 210, 190] [90, 90, 90, 90, 90, 90, 90, 90, 90] [574, 146] 9 1
[370, 350, 330, 310, 290, 270, 250, 230, 210] [90, 90, 90, 90, 90, 90, 90, 90, 90] [574, 146] 9 1
[390, 370, 350, 330, 310, 290, 270, 250, 230] [90, 90, 90, 90, 90, 90, 90, 90, 90] [574, 146] 9 1
[410, 390, 370, 350, 330, 310, 290, 270, 250] [90, 90, 90, 90, 90, 90, 90, 90, 90] [574, 146] 9 1
[430, 410, 390, 370, 350, 330, 310, 290, 270] [90, 90, 90, 90, 90, 90, 90, 90, 90] [574, 146] 9 1
[450, 430, 410, 390, 370, 350, 330, 310, 290] [90, 90, 90, 90, 90, 90, 90, 90, 90] [574, 146] 9 1
[470, 450, 430, 410, 390, 370, 350, 330, 310] [90, 90, 90, 90, 90, 90, 90, 90, 90] [574, 146] 9 1
[490, 470, 450, 430, 410, 390, 370, 350, 330] [90, 90, 90, 90, 90, 90, 90, 90, 90] [574, 146] 9 1
[510, 490, 470, 450, 430, 410, 390, 370, 350] [90, 90, 90, 90, 90, 90, 90, 90, 90] [574, 146] 9 1
[530, 510, 490, 470, 450, 430, 410, 390, 370] [90, 90, 90, 90, 90, 90, 90, 90, 90] [574, 146] 9 1
[550, 530, 510, 490, 470, 450, 430, 410, 390] [90, 90, 90, 90, 90, 90, 90, 90, 90] [574, 146] 9 1
[570, 550, 530, 510, 490, 470, 450, 430, 410] [90, 90, 90, 90, 90, 90, 90, 90, 90] [574, 146] 9 1
[570, 570, 550, 530, 510, 490, 470, 450, 430] [110, 90, 90, 90, 90, 90, 90, 90, 90] [574, 146] 9 0
[570, 570, 570, 550, 530, 510, 490, 470, 450] [130, 110, 90, 90, 90, 90, 90, 90, 90] [574, 146] 9 0
[570, 570, 570, 570, 550, 530, 510, 490, 470, 450] [150, 130, 110, 90, 90, 90, 90, 90, 90, 90] [413, 259] 10 0
[570, 570, 570, 570, 570, 550, 530, 510, 490, 470] [170, 150, 130, 110, 90, 90, 90, 90, 90, 90] [413, 259] 10 0
[570, 570, 570, 570, 570, 570, 550, 530, 510, 490] [190, 170, 150, 130, 110, 90, 90, 90, 90, 90] [413, 259] 10 0
[570, 570, 570, 570, 570, 570, 570, 550, 530, 510] [210, 190, 170, 150, 130, 110, 90, 90, 90, 90] [413, 259] 10 0
[570, 570, 570, 570, 570, 570, 570, 570, 550, 530] [230, 210, 190, 170, 150, 130, 110, 90, 90, 90] [413, 259] 10 0
[570, 570, 570, 570, 570, 570, 570, 570, 570, 550] [250, 230, 210, 190, 170, 150, 130, 110, 90, 90] [413, 259] 10 0
[550, 570, 570, 570, 570, 570, 570, 570, 570, 570] [250, 250, 230, 210, 190, 170, 150, 130, 110, 90] [413, 259] 10 3
[530, 550, 570, 570, 570, 570, 570, 570, 570, 570] [250, 250, 250, 230, 210, 190, 170, 150, 130, 110] [413, 259] 10 3
[510, 530, 550, 570, 570, 570, 570, 570, 570, 570] [250, 250, 250, 250, 230, 210, 190, 170, 150, 130] [413, 259] 10 3
[490, 510, 530, 550, 570, 570, 570, 570, 570, 570] [250, 250, 250, 250, 250, 230, 210, 190, 170, 150] [413, 259] 10 3
[470, 490, 510, 530, 550, 570, 570, 570, 570, 570] [250, 250, 250, 250, 250, 250, 230, 210, 190, 170] [413, 259] 10 3
[450, 470, 490, 510, 530, 550, 570, 570, 570, 570] [250, 250, 250, 250, 250, 250, 250, 230, 210, 190] [413, 259] 10 3
[430, 450, 470, 490, 510, 530, 550, 570, 570, 570] [250, 250, 250, 250, 250, 250, 250, 250, 230, 210] [413, 259] 10 3
[410, 430, 450, 470, 490, 510, 530, 550, 570, 570] [250, 250, 250, 250, 250, 250, 250, 250, 250, 230] [413, 259] 10 3
[390, 410, 430, 450, 470, 490, 510, 530, 550, 570, 570] [250, 250, 250, 250, 250, 250, 250, 250, 250, 250, 230] [496, 295] 11 3
[390, 390, 410, 430, 450, 470, 490, 510, 530, 550, 570] [270, 250, 250, 250, 250, 250, 250, 250, 250, 250, 250] [496, 295] 11 0
[390, 390, 390, 410, 430, 450, 470, 490, 510, 530, 550] [290, 270, 250, 250, 250, 250, 250, 250, 250, 250, 250] [496, 295] 11 0
[410, 390, 390, 390, 410, 430, 450, 470, 490, 510, 530] [290, 290, 270, 250, 250, 250, 250, 250, 250, 250, 250] [496, 295] 11 1
[430, 410, 390, 390, 390, 410, 430, 450, 470, 490, 510] [290, 290, 290, 270, 250, 250, 250, 250, 250, 250, 250] [496, 295] 11 1
[450, 430, 410, 390, 390, 390, 410, 430, 450, 470, 490] [290, 290, 290, 290, 270, 250, 250, 250, 250, 250, 250] [496, 295] 11 1
[470, 450, 430, 410, 390, 390, 390, 410, 430, 450, 470] [290, 290, 290, 290, 290, 270, 250, 250, 250, 250, 250] [496, 295] 11 1
[490, 470, 450, 430, 410, 390, 390, 390, 410, 430, 450] [290, 290, 290, 290, 290, 290, 270, 250, 250, 250, 250] [496, 295] 11 1
[510, 490, 470, 450, 430, 410, 390, 390, 390, 410, 430, 450] [290, 290, 290, 290, 290, 290, 290, 270, 250, 250, 250, 250] [82, 460] 12 1
[510, 510, 490, 470, 450, 430, 410, 390, 390, 390, 410, 430] [310, 290, 290, 290, 290, 290, 290, 290, 270, 250, 250, 250] [82, 460] 12 0
[510, 510, 510, 490, 470, 450, 430, 410, 390, 390, 390, 410] [330, 310, 290, 290, 290, 290, 290, 290, 290, 270, 250, 250] [82, 460] 12 0
[510, 510, 510, 510, 490, 470, 450, 430, 410, 390, 390, 390] [350, 330, 310, 290, 290, 290, 290, 290, 290, 290, 270, 250] [82, 460] 12 0
[510, 510, 510, 510, 510, 490, 470, 450, 430, 410, 390, 390] [370, 350, 330, 310, 290, 290, 290, 290, 290, 290, 290, 270] [82, 460] 12 0
[510, 510, 510, 510, 510, 510, 490, 470, 450, 430, 410, 390] [390, 370, 350, 330, 310, 290, 290, 290, 290, 290, 290, 290] [82, 460] 12 0
[510, 510, 510, 510, 510, 510, 510, 490, 470, 450, 430, 410] [410, 390, 370, 350, 330, 310, 290, 290, 290, 290, 290, 290] [82, 460] 12 0
[510, 510, 510, 510, 510, 510, 510, 510, 490, 470, 450, 430] [430, 410, 390, 370, 350, 330, 310, 290, 290, 290, 290, 290] [82, 460] 12 0
[510, 510, 510, 510, 510, 510, 510, 510, 510, 490, 470, 450] [450, 430, 410, 390, 370, 350, 330, 310, 290, 290, 290, 290] [82, 460] 12 0
[510, 510, 510, 510, 510, 510, 510, 510, 510, 510, 490, 470] [470, 450, 430, 410, 390, 370, 350, 330, 310, 290, 290, 290] [82, 460] 12 0
[490, 510, 510, 510, 510, 510, 510, 510, 510, 510, 510, 490] [470, 470, 450, 430, 410, 390, 370, 350, 330, 310, 290, 290] [82, 460] 12 3
[470, 490, 510, 510, 510, 510, 510, 510, 510, 510, 510, 510] [470, 470, 470, 450, 430, 410, 390, 370, 350, 330, 310, 290] [82, 460] 12 3
[450, 470, 490, 510, 510, 510, 510, 510, 510, 510, 510, 510] [470, 470, 470, 470, 450, 430, 410, 390, 370, 350, 330, 310] [82, 460] 12 3
[430, 450, 470, 490, 510, 510, 510, 510, 510, 510, 510, 510] [470, 470, 470, 470, 470, 450, 430, 410, 390, 370, 350, 330] [82, 460] 12 3
[410, 430, 450, 470, 490, 510, 510, 510, 510, 510, 510, 510] [470, 470, 470, 470, 470, 470, 450, 430, 410, 390, 370, 350] [82, 460] 12 3
[390, 410, 430, 450, 470, 490, 510, 510, 510, 510, 510, 510] [470, 470, 470, 470, 470, 470, 470, 450, 430, 410, 390, 370] [82, 460] 12 3
[370, 390, 410, 430, 450, 470, 490, 510, 510, 510, 510, 510] [470, 470, 470, 470, 470, 470, 470, 470, 450, 430, 410, 390] [82, 460] 12 3
[350, 370, 390, 410, 430, 450, 470, 490, 510, 510, 510, 510] [470, 470, 470, 470, 470, 470, 470, 470, 470, 450, 430, 410] [82, 460] 12 3
[330, 350, 370, 390, 410, 430, 450, 470, 490, 510, 510, 510] [470, 470, 470, 470, 470, 470, 470, 470, 470, 470, 450, 430] [82, 460] 12 3
[310, 330, 350, 370, 390, 410, 430, 450, 470, 490, 510, 510] [470, 470, 470, 470, 470, 470, 470, 470, 470, 470, 470, 450] [82, 460] 12 3
[290, 310, 330, 350, 370, 390, 410, 430, 450, 470, 490, 510] [470, 470, 470, 470, 470, 470, 470, 470, 470, 470, 470, 470] [82, 460] 12 3
[270, 290, 310, 330, 350, 370, 390, 410, 430, 450, 470, 490] [470, 470, 470, 470, 470, 470, 470, 470, 470, 470, 470, 470] [82, 460] 12 3
[250, 270, 290, 310, 330, 350, 370, 390, 410, 430, 450, 470] [470, 470, 470, 470, 470, 470, 470, 470, 470, 470, 470, 470] [82, 460] 12 3
[230, 250, 270, 290, 310, 330, 350, 370, 390, 410, 430, 450] [470, 470, 470, 470, 470, 470, 470, 470, 470, 470, 470, 470] [82, 460] 12 3
[210, 230, 250, 270, 290, 310, 330, 350, 370, 390, 410, 430] [470, 470, 470, 470, 470, 470, 470, 470, 470, 470, 470, 470] [82, 460] 12 3
[190, 210, 230, 250, 270, 290, 310, 330, 350, 370, 390, 410] [470, 470, 470, 470, 470, 470, 470, 470, 470, 470, 470, 470] [82, 460] 12 3
[170, 190, 210, 230, 250, 270, 290, 310, 330, 350, 370, 390] [470, 470, 470, 470, 470, 470, 470, 470, 470, 470, 470, 470] [82, 460] 12 3
[150, 170, 190, 210, 230, 250, 270, 290, 310, 330, 350, 370] [470, 470, 470, 470, 470, 470, 470, 470, 470, 470, 470, 470] [82, 460] 12 3
[130, 150, 170, 190, 210, 230, 250, 270, 290, 310, 330, 350] [470, 470, 470, 470, 470, 470, 470, 470, 470, 470, 470, 470] [82, 460] 12 3
[110, 130, 150, 170, 190, 210, 230, 250, 270, 290, 310, 330] [470, 470, 470, 470, 470, 470, 470, 470, 470, 470, 470, 470] [82, 460] 12 3
[90, 110, 130, 150, 170, 190, 210, 230, 250, 270, 290, 310] [470, 470, 470, 470, 470, 470, 470, 470, 470, 470, 470, 470] [82, 460] 12 3
[70, 90, 110, 130, 150, 170, 190, 210, 230, 250, 270, 290] [470, 470, 470, 470, 470, 470, 470, 470, 470, 470, 470, 470] [82, 460] 12 3
[70, 70, 90, 110, 130, 150, 170, 190, 210, 230, 250, 270] [450, 470, 470, 470, 470, 470, 470, 470, 470, 470, 470, 470] [82, 460] 12 2
[70, 70, 70, 90, 110, 130, 150, 170, 190, 210, 230, 250, 270] [430, 450, 470, 470, 470, 470, 470, 470, 470, 470, 470, 470, 470] [283, 427] 13 2
[90, 70, 70, 70, 90, 110, 130, 150, 170, 190, 210, 230, 250] [430, 430, 450, 470, 470, 470, 470, 470, 470, 470, 470, 470, 470] [283, 427] 13 1
[110, 90, 70, 70, 70, 90, 110, 130, 150, 170, 190, 210, 230] [430, 430, 430, 450, 470, 470, 470, 470, 470, 470, 470, 470, 470] [283, 427] 13 1
[130, 110, 90, 70, 70, 70, 90, 110, 130, 150, 170, 190, 210] [430, 430, 430, 430, 450, 470, 470, 470, 470, 470, 470, 470, 470] [283, 427] 13 1
[150, 130, 110, 90, 70, 70, 70, 90, 110, 130, 150, 170, 190] [430, 430, 430, 430, 430, 450, 470, 470, 470, 470, 470, 470, 470] [283, 427] 13 1
[170, 150, 130, 110, 90, 70, 70, 70, 90, 110, 130, 150, 170] [430, 430, 430, 430, 430, 430, 450, 470, 470, 470, 470, 470, 470] [283, 427] 13 1
[190, 170, 150, 130, 110, 90, 70, 70, 70, 90, 110, 130, 150] [430, 430, 430, 430, 430, 430, 430, 450, 470, 470, 470, 470, 470] [283, 427] 13 1
[210, 190, 170, 150, 130, 110, 90, 70, 70, 70, 90, 110, 130] [430, 430, 430, 430, 430, 430, 430, 430, 450, 470, 470, 470, 470] [283, 427] 13 1
[230, 210, 190, 170, 150, 130, 110, 90, 70, 70, 70, 90, 110] [430, 430, 430, 430, 430, 430, 430, 430, 430, 450, 470, 470, 470] [283, 427] 13 1
[250, 230, 210, 190, 170, 150, 130, 110, 90, 70, 70, 70, 90] [430, 430, 430, 430, 430, 430, 430, 430, 430, 430, 450, 470, 470] [283, 427] 13 1
[270, 250, 230, 210, 190, 170, 150, 130, 110, 90, 70, 70, 70] [430, 430, 430, 430, 430, 430, 430, 430, 430, 430, 430, 450, 470] [283, 427] 13 1
[290, 270, 250, 230, 210, 190, 170, 150, 130, 110, 90, 70, 70, 70] [430, 430, 430, 430, 430, 430, 430, 430, 430, 430, 430, 430, 450, 470] [279, 477] 14 1
[290, 290, 270, 250, 230, 210, 190, 170, 150, 130, 110, 90, 70, 70] [450, 430, 430, 430, 430, 430, 430, 430, 430, 430, 430, 430, 430, 450] [279, 477] 14 0
[290, 290, 290, 270, 250, 230, 210, 190, 170, 150, 130, 110, 90, 70] [470, 450, 430, 430, 430, 430, 430, 430, 430, 430, 430, 430, 430, 430] [279, 477] 14 0
[270, 290, 290, 290, 270, 250, 230, 210, 190, 170, 150, 130, 110, 90] [470, 470, 450, 430, 430, 430, 430, 430, 430, 430, 430, 430, 430, 430] [279, 477] 14 3
