[290, 290, 290, 290, 290] [290, 270, 250, 230, 210] [82, 354] 5 0
[290, 290, 290, 290, 290] [310, 290, 270, 250, 230] [82, 354] 5 0
[290, 290, 290, 290, 290] [330, 310, 290, 270, 250] [82, 354] 5 0
[290, 290, 290, 290, 290] [350, 330, 310, 290, 270] [82, 354] 5 0
[270, 290, 290, 290, 290] [350, 350, 330, 310, 290] [82, 354] 5 3
[250, 270, 290, 290, 290] [350, 350, 350, 330, 310] [82, 354] 5 3
[230, 250, 270, 290, 290] [350, 350, 350, 350, 330] [82, 354] 5 3
[210, 230, 250, 270, 290] [350, 350, 350, 350, 350] [82, 354] 5 3
[190, 210, 230, 250, 270] [350, 350, 350, 350, 350] [82, 354] 5 3
[170, 190, 210, 230, 250] [350, 350, 350, 350, 350] [82, 354] 5 3
[150, 170, 190, 210, 230] [350, 350, 350, 350, 350] [82, 354] 5 3
[130, 150, 170, 190, 210] [350, 350, 350, 350, 350] [82, 354] 5 3
[110, 130, 150, 170, 190] [350, 350, 350, 350, 350] [82, 354] 5 3
[90, 110, 130, 150, 170] [350, 350, 350, 350, 350] [82, 354] 5 3
[70, 90, 110, 130, 150, 170] [350, 350, 350, 350, 350, 350] [289, 184] 6 3
[70, 70, 90, 110, 130, 150] [330, 350, 350, 350, 350, 350] [289, 184] 6 2
[70, 70, 70, 90, 110, 130] [310, 330, 350, 350, 350, 350] [289, 184] 6 2
[70, 70, 70, 70, 90, 110] [290, 310, 330, 350, 350, 350] [289, 184] 6 2
[70, 70, 70, 70, 70, 90] [270, 290, 310, 330, 350, 350] [289, 184] 6 2
[70, 70, 70, 70, 70, 70] [250, 270, 290, 310, 330, 350] [289, 184] 6 2
[70, 70, 70, 70, 70, 70] [230, 250, 270, 290, 310, 330] [289, 184] 6 2
[70, 70, 70, 70, 70, 70] [210, 230, 250, 270, 290, 310] [289, 184] 6 2
[70, 70, 70, 70, 70, 70] [190, 210, 230, 250, 270, 290] [289, 184] 6 2
[90, 70, 70, 70, 70, 70] [190, 190, 210, 230, 250, 270] [289, 184] 6 1
[110, 90, 70, 70, 70, 70] [190, 190, 190, 210, 230, 250] [289, 184] 6 1
[130, 110, 90, 70, 70, 70] [190, 190, 190, 190, 210, 230] [289, 184] 6 1
[150, 130, 110, 90, 70, 70] [190, 190, 190, 190, 190, 210] [289, 184] 6 1
[170, 150, 130, 110, 90, 70] [190, 190, 190, 190, 190, 190] [289, 184] 6 1
[190, 170, 150, 130, 110, 90] [190, 190, 190, 190, 190, 190] [289, 184] 6 1
[210, 190, 170, 150, 130, 110] [190, 190, 190, 190, 190, 190] [289, 184] 6 1
[230, 210, 190, 170, 150, 130] [190, 190, 190, 190, 190, 190] [289, 184] 6 1
[250, 230, 210, 190, 170, 150] [190, 190, 190, 190, 190, 190] [289, 184] 6 1
[270, 250, 230, 210, 190, 170] [190, 190, 190, 190, 190, 190] [289, 184] 6 1
[290, 270, 250, 230, 210, 190, 170] [190, 190, 190, 190, 190, 190, 190] [469, 552] 7 1
[290, 290, 270, 250, 230, 210, 190] [210, 190, 190, 190, 190, 190, 190] [469, 552] 7 0
[290, 290, 290, 270, 250, 230, 210] [230, 210, 190, 190, 190, 190, 190] [469, 552] 7 0
[290, 290, 290, 290, 270, 250, 230] [250, 230, 210, 190, 190, 190, 190] [469, 552] 7 0
[290, 290, 290, 290, 290, 270, 250] [270, 250, 230, 210, 190, 190, 190] [469, 552] 7 0
[290, 290, 290, 290, 290, 290, 270] [290, 270, 250, 230, 210, 190, 190] [469, 552] 7 0
[290, 290, 290, 290, 290, 290, 290] [310, 290, 270, 250, 230, 210, 190] [469, 552] 7 0
[290, 290, 290, 290, 290, 290, 290] [330, 310, 290, 270, 250, 230, 210] [469, 552] 7 0
[290, 290, 290, 290, 290, 290, 290] [350, 330, 310, 290, 270, 250, 230] [469, 552] 7 0
[290, 290, 290, 290, 290, 290, 290] [370, 350, 330, 310, 290, 270, 250] [469, 552] 7 0
[290, 290, 290, 290, 290, 290, 290] [390, 370, 350, 330, 310, 290, 270] [469, 552] 7 0
[290, 290, 290, 290, 290, 290, 290] [410, 390, 370, 350, 330, 310, 290] [469, 552] 7 0
[290, 290, 290, 290, 290, 290, 290] [430, 410, 390, 370, 350, 330, 310] [469, 552] 7 0
[290, 290, 290, 290, 290, 290, 290] [450, 430, 410, 390, 370, 350, 330] [469, 552] 7 0
[290, 290, 290, 290, 290, 290, 290] [470, 450, 430, 410, 390, 370, 350] [469, 552] 7 0
[290, 290, 290, 290, 290, 290, 290] [490, 470, 450, 430, 410, 390, 370] [469, 552] 7 0
[290, 290, 290, 290, 290, 290, 290] [510, 490, 470, 450, 430, 410, 390] [469, 552] 7 0
[290, 290, 290, 290, 290, 290, 290] [530, 510, 490, 470, 450, 430, 410] [469, 552] 7 0
[290, 290, 290, 290, 290, 290, 290] [550, 530, 510, 490, 470, 450, 430] [469, 552] 7 0
[310, 290, 290, 290, 290, 290, 290] [550, 550, 530, 510, 490, 470, 450] [469, 552] 7 1
[330, 310, 290, 290, 290, 290, 290] [550, 550, 550, 530, 510, 490, 470] [469, 552] 7 1
[350, 330, 310, 290, 290, 290, 290] [550, 550, 550, 550, 530, 510, 490] [469, 552] 7 1
[370, 350, 330, 310, 290, 290, 290] [550, 550, 550, 550, 550, 530, 510] [469, 552] 7 1
[390, 370, 350, 330, 310, 290, 290] [550, 550, 550, 550, 550, 550, 530] [469, 552] 7 1
[410, 390, 370, 350, 330, 310, 290] [550, 550, 550, 550, 550, 550, 550] [469, 552] 7 1
[430, 410, 390, 370, 350, 330, 310] [550, 550, 550, 550, 550, 550, 550] [469, 552] 7 1
[450, 430, 410, 390, 370, 350, 330] [550, 550, 550, 550, 550, 550, 550] [469, 552] 7 1
[470, 450, 430, 410, 390, 370, 350, 330] [550, 550, 550, 550, 550, 550, 550, 550] [163, 337] 8 1
[470, 470, 450, 430, 410, 390, 370, 350] [530, 550, 550, 550, 550, 550, 550, 550] [163, 337] 8 2
[470, 470, 470, 450, 430, 410, 390, 370] [510, 530, 550, 550, 550, 550, 550, 550] [163, 337] 8 2
[470, 470, 470, 470, 450, 430, 410, 390] [490, 510, 530, 550, 550, 550, 550, 550] [163, 337] 8 2
[470, 470, 470, 470, 470, 450, 430, 410] [470, 490, 510, 530, 550, 550, 550, 550] [163, 337] 8 2
[470, 470, 470, 470, 470, 470, 450, 430] [450, 470, 490, 510, 530, 550, 550, 550] [163, 337] 8 2
[470, 470, 470, 470, 470, 470, 470, 450] [430, 450, 470, 490, 510, 530, 550, 550] [163, 337] 8 2
[470, 470, 470, 470, 470, 470, 470, 470] [410, 430, 450, 470, 490, 510, 530, 550] [163, 337] 8 2
[470, 470, 470, 470, 470, 470, 470, 470] [390, 410, 430, 450, 470, 490, 510, 530] [163, 337] 8 2
[470, 470, 470, 470, 470, 470, 470, 470] [370, 390, 410, 430, 450, 470, 490, 510] [163, 337] 8 2
[470, 470, 470, 470, 470, 470, 470, 470] [350, 370, 390, 410, 430, 450, 470, 490] [163, 337] 8 2
[450, 470, 470, 470, 470, 470, 470, 470] [350, 350, 370, 390, 410, 430, 450, 470] [163, 337] 8 3
[430, 450, 470, 470, 470, 470, 470, 470] [350, 350, 350, 370, 390, 410, 430, 450] [163, 337] 8 3
[410, 430, 450, 470, 470, 470, 470, 470] [350, 350, 350, 350, 370, 390, 410, 430] [163, 337] 8 3
[390, 410, 430, 450, 470, 470, 470, 470] [350, 350, 350, 350, 350, 370, 390, 410] [163, 337] 8 3
[370, 390, 410, 430, 450, 470, 470, 470] [350, 350, 350, 350, 350, 350, 370, 390] [163, 337] 8 3
[350, 370, 390, 410, 430, 450, 470, 470] [350, 350, 350, 350, 350, 350, 350, 370] [163, 337] 8 3
[330, 350, 370, 390, 410, 430, 450, 470] [350, 350, 350, 350, 350, 350, 350, 350] [163, 337] 8 3
[310, 330, 350, 370, 390, 410, 430, 450] [350, 350, 350, 350, 350, 350, 350, 350] [163, 337] 8 3
[290, 310, 330, 350, 370, 390, 410, 430] [350, 350, 350, 350, 350, 350, 350, 350] [163, 337] 8 3
[270, 290, 310, 330, 350, 370, 390, 410] [350, 350, 350, 350, 350, 350, 350, 350] [163, 337] 8 3
[250, 270, 290, 310, 330, 350, 370, 390] [350, 350, 350, 350, 350, 350, 350, 350] [163, 337] 8 3
[230, 250, 270, 290, 310, 330, 350, 370] [350, 350, 350, 350, 350, 350, 350, 350] [163, 337] 8 3
[210, 230, 250, 270, 290, 310, 330, 350] [350, 350, 350, 350, 350, 350, 350, 350] [163, 337] 8 3
[190, 210, 230, 250, 270, 290, 310, 330] [350, 350, 350, 350, 350, 350, 350, 350] [163, 337] 8 3
[170, 190, 210, 230, 250, 270, 290, 310] [350, 350, 350, 350, 350, 350, 350, 350] [163, 337] 8 3
[170, 170, 190, 210, 230, 250, 270, 290] [330, 350, 350, 350, 350, 350, 350, 350] [163, 337] 8 2
[170, 170, 170, 190, 210, 230, 250, 270, 290] [310, 330, 350, 350, 350, 350, 350, 350, 350] [55, 74] 9 2
[170, 170, 170, 170, 190, 210, 230, 250, 270] [290, 310, 330, 350, 350, 350, 350, 350, 350] [55, 74] 9 2
[170, 170, 170, 170, 170, 190, 210, 230, 250] [270, 290, 310, 330, 350, 350, 350, 350, 350] [55, 74] 9 2
[170, 170, 170, 170, 170, 170, 190, 210, 230] [250, 270, 290, 310, 330, 350, 350, 350, 350] [55, 74] 9 2
[170, 170, 170, 170, 170, 170, 170, 190, 210] [230, 250, 270, 290, 310, 330, 350, 350, 350] [55, 74] 9 2
[170, 170, 170, 170, 170, 170, 170, 170, 190] [210, 230, 250, 270, 290, 310, 330, 350, 350] [55, 74] 9 2
[170, 170, 170, 170, 170, 170, 170, 170, 170] [190, 210, 230, 250, 270, 290, 310, 330, 350] [55, 74] 9 2
[170, 170, 170, 170, 170, 170, 170, 170, 170] [170, 190, 210, 230, 250, 270, 290, 310, 330] [55, 74] 9 2
[170, 170, 170, 170, 170, 170, 170, 170, 170] [150, 170, 190, 210, 230, 250, 270, 290, 310] [55, 74] 9 2
[170, 170, 170, 170, 170, 170, 170, 170, 170] [130, 150, 170, 190, 210, 230, 250, 270, 290] [55, 74] 9 2
[170, 170, 170, 170, 170, 170, 170, 170, 170] [110, 130, 150, 170, 190, 210, 230, 250, 270] [55, 74] 9 2
[170, 170, 170, 170, 170, 170, 170, 170, 170] [90, 110, 130, 150, 170, 190, 210, 230, 250] [55, 74] 9 2
[170, 170, 170, 170, 170, 170, 170, 170, 170] [70, 90, 110, 130, 150, 170, 190, 210, 230] [55, 74] 9 2
[150, 170, 170, 170, 170, 170, 170, 170, 170] [70, 70, 90, 110, 130, 150, 170, 190, 210] [55, 74] 9 3
[130, 150, 170, 170, 170, 170, 170, 170, 170] [70, 70, 70, 90, 110, 130, 150, 170, 190] [55, 74] 9 3
[110, 130, 150, 170, 170, 170, 170, 170, 170] [70, 70, 70, 70, 90, 110, 130, 150, 170] [55, 74] 9 3
[90, 110, 130, 150, 170, 170, 170, 170, 170] [70, 70, 70, 70, 70, 90, 110, 130, 150] [55, 74] 9 3
[70, 90, 110, 130, 150, 170, 170, 170, 170] [70, 70, 70, 70, 70, 70, 90, 110, 130] [55, 74] 9 3
[50, 70, 90, 110, 130, 150, 170, 170, 170] [70, 70, 70, 70, 70, 70, 70, 90, 110] [55, 74] 9 3
[50, 50, 70, 90, 110, 130, 150, 170, 170, 170] [90, 70, 70, 70, 70, 70, 70, 70, 90, 110] [452, 185] 10 0
[50, 50, 50, 70, 90, 110, 130, 150, 170, 170] [110, 90, 70, 70, 70, 70, 70, 70, 70, 90] [452, 185] 10 0
[50, 50, 50, 50, 70, 90, 110, 130, 150, 170] [130, 110, 90, 70, 70, 70, 70, 70, 70, 70] [452, 185] 10 0
[50, 50, 50, 50, 50, 70, 90, 110, 130, 150] [150, 130, 110, 90, 70, 70, 70, 70, 70, 70] [452, 185] 10 0
[50, 50, 50, 50, 50, 50, 70, 90, 110, 130] [170, 150, 130, 110, 90, 70, 70, 70, 70, 70] [452, 185] 10 0
[70, 50, 50, 50, 50, 50, 50, 70, 90, 110] [170, 170, 150, 130, 110, 90, 70, 70, 70, 70] [452, 185] 10 1
[90, 70, 50, 50, 50, 50, 50, 50, 70, 90] [170, 170, 170, 150, 130, 110, 90, 70, 70, 70] [452, 185] 10 1
[110, 90, 70, 50, 50, 50, 50, 50, 50, 70] [170, 170, 170, 170, 150, 130, 110, 90, 70, 70] [452, 185] 10 1
[130, 110, 90, 70, 50, 50, 50, 50, 50, 50] [170, 170, 170, 170, 170, 150, 130, 110, 90, 70] [452, 185] 10 1
[150, 130, 110, 90, 70, 50, 50, 50, 50, 50] [170, 170, 170, 170, 170, 170, 150, 130, 110, 90] [452, 185] 10 1
[170, 150, 130, 110, 90, 70, 50, 50, 50, 50] [170, 170, 170, 170, 170, 170, 170, 150, 130, 110] [452, 185] 10 1
[190, 170, 150, 130, 110, 90, 70, 50, 50, 50] [170, 170, 170, 170, 170, 170, 170, 170, 150, 130] [452, 185] 10 1
[210, 190, 170, 150, 130, 110, 90, 70, 50, 50] [170, 170, 170, 170, 170, 170, 170, 170, 170, 150] [452, 185] 10 1
[230, 210, 190, 170, 150, 130, 110, 90, 70, 50] [170, 170, 170, 170, 170, 170, 170, 170, 170, 170] [452, 185] 10 1
[250, 230, 210, 190, 170, 150, 130, 110, 90, 70] [170, 170, 170, 170, 170, 170, 170, 170, 170, 170] [452, 185] 10 1
[270, 250, 230, 210, 190, 170, 150, 130, 110, 90] [170, 170, 170, 170, 170, 170, 170, 170, 170, 170] [452, 185] 10 1
[290, 270, 250, 230, 210, 190, 170, 150, 130, 110] [170, 170, 170, 170, 170, 170, 170, 170, 170, 170] [452, 185] 10 1
[310, 290, 270, 250, 230, 210, 190, 170, 150, 130] [170, 170, 170, 170, 170, 170, 170, 170, 170, 170] [452, 185] 10 1
[330, 310, 290, 270, 250, 230, 210, 190, 170, 150] [170, 170, 170, 170, 170, 170, 170, 170, 170, 170] [452, 185] 10 1
[350, 330, 310, 290, 270, 250, 230, 210, 190, 170] [170, 170, 170, 170, 170, 170, 170, 170, 170, 170] [452, 185] 10 1
[370, 350, 330, 310, 290, 270, 250, 230, 210, 190] [170, 170, 170, 170, 170, 170, 170, 170, 170, 170] [452, 185] 10 1
[390, 370, 350, 330, 310, 290, 270, 250, 230, 210] [170, 170, 170, 170, 170, 170, 170, 170, 170, 170] [452, 185] 10 1
[410, 390, 370, 350, 330, 310, 290, 270, 250, 230] [170, 170, 170, 170, 170, 170, 170, 170, 170, 170] [452, 185] 10 1
[430, 410, 390, 370, 350, 330, 310, 290, 270, 250] [170, 170, 170, 170, 170, 170, 170, 170, 170, 170] [452, 185] 10 1
[450, 430, 410, 390, 370, 350, 330, 310, 290, 270] [170, 170, 170, 170, 170, 170, 170, 170, 170, 170] [452, 185] 10 1
[470, 450, 430, 410, 390, 370, 350, 330, 310, 290, 270] [170, 170, 170, 170, 170, 170, 170, 170, 170, 170, 170] [205, 414] 11 1
[470, 470, 450, 430, 410, 390, 370, 350, 330, 310, 290] [190, 170, 170, 170, 170, 170, 170, 170, 170, 170, 170] [205, 414] 11 0
[470, 470, 470, 450, 430, 410, 390, 370, 350, 330, 310] [210, 190, 170, 170, 170, 170, 170, 170, 170, 170, 170] [205, 414] 11 0
[470, 470, 470, 470, 450, 430, 410, 390, 370, 350, 330] [230, 210, 190, 170, 170, 170, 170, 170, 170, 170, 170] [205, 414] 11 0
[470, 470, 470, 470, 470, 450, 430, 410, 390, 370, 350] [250, 230, 210, 190, 170, 170, 170, 170, 170, 170, 170] [205, 414] 11 0
[470, 470, 470, 470, 470, 470, 450, 430, 410, 390, 370] [270, 250, 230, 210, 190, 170, 170, 170, 170, 170, 170] [205, 414] 11 0
[470, 470, 470, 470, 470, 470, 470, 450, 430, 410, 390] [290, 270, 250, 230, 210, 190, 170, 170, 170, 170, 170] [205, 414] 11 0
[470, 470, 470, 470, 470, 470, 470, 470, 450, 430, 410] [310, 290, 270, 250, 230, 210, 190, 170, 170, 170, 170] [205, 414] 11 0
[470, 470, 470, 470, 470, 470, 470, 470, 470, 450, 430] [330, 310, 290, 270, 250, 230, 210, 190, 170, 170, 170] [205, 414] 11 0
[470, 470, 470, 470, 470, 470, 470, 470, 470, 470, 450] [350, 330, 310, 290, 270, 250, 230, 210, 190, 170, 170] [205, 414] 11 0
[470, 470, 470, 470, 470, 470, 470, 470, 470, 470, 470] [370, 350, 330, 310, 290, 270, 250, 230, 210, 190, 170] [205, 414] 11 0
[470, 470, 470, 470, 470, 470, 470, 470, 470, 470, 470] [390, 370, 350, 330, 310, 290, 270, 250, 230, 210, 190] [205, 414] 11 0
[470, 470, 470, 470, 470, 470, 470, 470, 470, 470, 470] [410, 390, 370, 350, 330, 310, 290, 270, 250, 230, 210] [205, 414] 11 0
[450, 470, 470, 470, 470, 470, 470, 470, 470, 470, 470] [410, 410, 390, 370, 350, 330, 310, 290, 270, 250, 230] [205, 414] 11 3
[430, 450, 470, 470, 470, 470, 470, 470, 470, 470, 470] [410, 410, 410, 390, 370, 350, 330, 310, 290, 270, 250] [205, 414] 11 3
[410, 430, 450, 470, 470, 470, 470, 470, 470, 470, 470] [410, 410, 410, 410, 390, 370, 350, 330, 310, 290, 270] [205, 414] 11 3
[390, 410, 430, 450, 470, 470, 470, 470, 470, 470, 470] [410, 410, 410, 410, 410, 390, 370, 350, 330, 310, 290] [205, 414] 11 3
[370, 390, 410, 430, 450, 470, 470, 470, 470, 470, 470] [410, 410, 410, 410, 410, 410, 390, 370, 350, 330, 310] [205, 414] 11 3
[350, 370, 390, 410, 430, 450, 470, 470, 470, 470, 470] [410, 410, 410, 410, 410, 410, 410, 390, 370, 350, 330] [205, 414] 11 3
[330, 350, 370, 390, 410, 430, 450, 470, 470, 470, 470] [410, 410, 410, 410, 410, 410, 410, 410, 390, 370, 350] [205, 414] 11 3
[310, 330, 350, 370, 390, 410, 430, 450, 470, 470, 470] [410, 410, 410, 410, 410, 410, 410, 410, 410, 390, 370] [205, 414] 11 3
[290, 310, 330, 350, 370, 390, 410, 430, 450, 470, 470] [410, 410, 410, 410, 410, 410, 410, 410, 410, 410, 390] [205, 414] 11 3
[270, 290, 310, 330, 350, 370, 390, 410, 430, 450, 470] [410, 410, 410, 410, 410, 410, 410, 410, 410, 410, 410] [205, 414] 11 3
[250, 270, 290, 310, 330, 350, 370, 390, 410, 430, 450] [410, 410, 410, 410, 410, 410, 410, 410, 410, 410, 410] [205, 414] 11 3
[230, 250, 270, 290, 310, 330, 350, 370, 390, 410, 430] [410, 410, 410, 410, 410, 410, 410, 410, 410, 410, 410] [205, 414] 11 3
[210, 230, 250, 270, 290, 310, 330, 350, 370, 390, 410] [410, 410, 410, 410, 410, 410, 410, 410, 410, 410, 410] [205, 414] 11 3
[190, 210, 230, 250, 270, 290, 310, 330, 350, 370, 390, 410] [410, 410, 410, 410, 410, 410, 410, 410, 410, 410, 410, 410] [496, 249] 12 3
[190, 190, 210, 230, 250, 270, 290, 310, 330, 350, 370, 390] [390, 410, 410, 410, 410, 410, 410, 410, 410, 410, 410, 410] [496, 249] 12 2
[190, 190, 190, 210, 230, 250, 270, 290, 310, 330, 350, 370] [370, 390, 410, 410, 410, 410, 410, 410, 410, 410, 410, 410] [496, 249] 12 2
[190, 190, 190, 190, 210, 230, 250, 270, 290, 310, 330, 350] [350, 370, 390, 410, 410, 410, 410, 410, 410, 410, 410, 410] [496, 249] 12 2
[190, 190, 190, 190, 190, 210, 230, 250, 270, 290, 310, 330] [330, 350, 370, 390, 410, 410, 410, 410, 410, 410, 410, 410] [496, 249] 12 2
[190, 190, 190, 190, 190, 190, 210, 230, 250, 270, 290, 310] [310, 330, 350, 370, 390, 410, 410, 410, 410, 410, 410, 410] [496, 249] 12 2
[190, 190, 190, 190, 190, 190, 190, 210, 230, 250, 270, 290] [290, 310, 330, 350, 370, 390, 410, 410, 410, 410, 410, 410] [496, 249] 12 2
[190, 190, 190, 190, 190, 190, 190, 190, 210, 230, 250, 270] [270, 290, 310, 330, 350, 370, 390, 410, 410, 410, 410, 410] [496, 249] 12 2
[190, 190, 190, 190, 190, 190, 190, 190, 190, 210, 230, 250] [250, 270, 290, 310, 330, 350, 370, 390, 410, 410, 410, 410] [496, 249] 12 2
[210, 190, 190, 190, 190, 190, 190, 190, 190, 190, 210, 230] [250, 250, 270, 290, 310, 330, 350, 370, 390, 410, 410, 410] [496, 249] 12 1
[230, 210, 190, 190, 190, 190, 190, 190, 190, 190, 190, 210] [250, 250, 250, 270, 290, 310, 330, 350, 370, 390, 410, 410] [496, 249] 12 1
[250, 230, 210, 190, 190, 190, 190, 190, 190, 190, 190, 190] [250, 250, 250, 250, 270, 290, 310, 330, 350, 370, 390, 410] [496, 249] 12 1
[270, 250, 230, 210, 190, 190, 190, 190, 190, 190, 190, 190] [250, 250, 250, 250, 250, 270, 290, 310, 330, 350, 370, 390] [496, 249] 12 1
[290, 270, 250, 230, 210, 190, 190, 190, 190, 190, 190, 190] [250, 250, 250, 250, 250, 250, 270, 290, 310, 330, 350, 370] [496, 249] 12 1
[310, 290, 270, 250, 230, 210, 190, 190, 190, 190, 190, 190] [250, 250, 250, 250, 250, 250, 250, 270, 290, 310, 330, 350] [496, 249] 12 1
[330, 310, 290, 270, 250, 230, 210, 190, 190, 190, 190, 190] [250, 250, 250, 250, 250, 250, 250, 250, 270, 290, 310, 330] [496, 249] 12 1
[350, 330, 310, 290, 270, 250, 230, 210, 190, 190, 190, 190] [250, 250, 250, 250, 250, 250, 250, 250, 250, 270, 290, 310] [496, 249] 12 1
[370, 350, 330, 310, 290, 270, 250, 230, 210, 190, 190, 190] [250, 250, 250, 250, 250, 250, 250, 250, 250, 250, 270, 290] [496, 249] 12 1
[390, 370, 350, 330, 310, 290, 270, 250, 230, 210, 190, 190] [250, 250, 250, 250, 250, 250, 250, 250, 250, 250, 250, 270] [496, 249] 12 1
[410, 390, 370, 350, 330, 310, 290, 270, 250, 230, 210, 190] [250, 250, 250, 250, 250, 250, 250, 250, 250, 250, 250, 250] [496, 249] 12 1
[430, 410, 390, 370, 350, 330, 310, 290, 270, 250, 230, 210] [250, 250, 250, 250, 250, 250, 250, 250, 250, 250, 250, 250] [496, 249] 12 1
[450, 430, 410, 390, 370, 350, 330, 310, 290, 270, 250, 230] [250, 250, 250, 250, 250, 250, 250, 250, 250, 250, 250, 250] [496, 249] 12 1
[470, 450, 430, 410, 390, 370, 350, 330, 310, 290, 270, 250] [250, 250, 250, 250, 250, 250, 250, 250, 250, 250, 250, 250] [496, 249] 12 1
[490, 470, 450, 430, 410, 390, 370, 350, 330, 310, 290, 270] [250, 250, 250, 250, 250, 250, 250, 250, 250, 250, 250, 250] [496, 249] 12 1
[510, 490, 470, 450, 430, 410, 390, 370, 350, 330, 310, 290, 270] [250, 250, 250, 250, 250, 250, 250, 250, 250, 250, 250, 250, 250] [584, 396] 13 1
[510, 510, 490, 470, 450, 430, 410, 390, 370, 350, 330, 310, 290] [270, 250, 250, 250, 250, 250, 250, 250, 250, 250, 250, 250, 250] [584, 396] 13 0
[510, 510, 510, 490, 470, 450, 430, 410, 390, 370, 350, 330, 310] [290, 270, 250, 250, 250, 250, 250, 250, 250, 250, 250, 250, 250] [584, 396] 13 0
[530, 510, 510, 510, 490, 470, 450, 430, 410, 390, 370, 350, 330] [290, 290, 270, 250, 250, 250, 250, 250, 250, 250, 250, 250, 250] [584, 396] 13 1
[550, 530, 510, 510, 510, 490, 470, 450, 430, 410, 390, 370, 350] [290, 290, 290, 270, 250, 250, 250, 250, 250, 250, 250, 250, 250] [584, 396] 13 1
[570, 550, 530, 510, 510, 510, 490, 470, 450, 430, 410, 390, 370] [290, 290, 290, 290, 270, 250, 250, 250, 250, 250, 250, 250, 250] [584, 396] 13 1
[570, 570, 550, 530, 510, 510, 510, 490, 470, 450, 430, 410, 390] [310, 290, 290, 290, 290, 270, 250, 250, 250, 250, 250, 250, 250] [584, 396] 13 0
[570, 570, 570, 550, 530, 510, 510, 510, 490, 470, 450, 430, 410] [330, 310, 290, 290, 290, 290, 270, 250, 250, 250, 250, 250, 250] [584, 396] 13 0
[570, 570, 570, 570, 550, 530, 510, 510, 510, 490, 470, 450, 430] [350, 330, 310, 290, 290, 290, 290, 270, 250, 250, 250, 250, 250] [584, 396] 13 0
[570, 570, 570, 570, 570, 550, 530, 510, 510, 510, 490, 470, 450] [370, 350, 330, 310, 290, 290, 290, 290, 270, 250, 250, 250, 250] [584, 396] 13 0
[570, 570, 570, 570, 570, 570, 550, 530, 510, 510, 510, 490, 470] [390, 370, 350, 330, 310, 290, 290, 290, 290, 270, 250, 250, 250] [584, 396] 13 0
[570, 570, 570, 570, 570, 570, 570, 550, 530, 510, 510, 510, 490, 470] [410, 390, 370, 350, 330, 310, 290, 290, 290, 290, 270, 250, 250, 250] [540, 234] 14 0
[550, 570, 570, 570, 570, 570, 570, 570, 550, 530, 510, 510, 510, 490] [410, 410, 390, 370, 350, 330, 310, 290, 290, 290, 290, 270, 250, 250] [540, 234] 14 3
[530, 550, 570, 570, 570, 570, 570, 570, 570, 550, 530, 510, 510, 510] [410, 410, 410, 390, 370, 350, 330, 310, 290, 290, 290, 290, 270, 250] [540, 234] 14 3
[530, 530, 550, 570, 570, 570, 570, 570, 570, 570, 550, 530, 510, 510] [390, 410, 410, 410, 390, 370, 350, 330, 310, 290, 290, 290, 290, 270] [540, 234] 14 2
[530, 530, 530, 550, 570, 570, 570, 570, 570, 570, 570, 550, 530, 510] [370, 390, 410, 410, 410, 390, 370, 350, 330, 310, 290, 290, 290, 290] [540, 234] 14 2
[530, 530, 530, 530, 550, 570, 570, 570, 570, 570, 570, 570, 550, 530] [350, 370, 390, 410, 410, 410, 390, 370, 350, 330, 310, 290, 290, 290] [540, 234] 14 2
[530, 530, 530, 530, 530, 550, 570, 570, 570, 570, 570, 570, 570, 550] [330, 350, 370, 390, 410, 410, 410, 390, 370, 350, 330, 310, 290, 290] [540, 234] 14 2
[530, 530, 530, 530, 530, 530, 550, 570, 570, 570, 570, 570, 570, 570] [310, 330, 350, 370, 390, 410, 410, 410, 390, 370, 350, 330, 310, 290] [540, 234] 14 2
[530, 530, 530, 530, 530, 530, 530, 550, 570, 570, 570, 570, 570, 570] [290, 310, 330, 350, 370, 390, 410, 410, 410, 390, 370, 350, 330, 310] [540, 234] 14 2
[530, 530, 530, 530, 530, 530, 530, 530, 550, 570, 570, 570, 570, 570] [270, 290, 310, 330, 350, 370, 390, 410, 410, 410, 390, 370, 350, 330] [540, 234] 14 2
[530, 530, 530, 530, 530, 530, 530, 530, 530, 550, 570, 570, 570, 570] [250, 270, 290, 310, 330, 350, 370, 390, 410, 410, 410, 390, 370, 350] [540, 234] 14 2
[530, 530, 530, 530, 530, 530, 530, 530, 530, 530, 550, 570, 570, 570] [230, 250, 270, 290, 310, 330, 350, 370, 390, 410, 410, 410, 390, 370] [540, 234] 14 2
