[290, 290, 290, 290, 290] [290, 270, 250, 230, 210] [369, 498] 5 0
[290, 290, 290, 290, 290] [310, 290, 270, 250, 230] [369, 498] 5 0
[290, 290, 290, 290, 290] [330, 310, 290, 270, 250] [369, 498] 5 0
[290, 290, 290, 290, 290] [350, 330, 310, 290, 270] [369, 498] 5 0
[290, 290, 290, 290, 290] [370, 350, 330, 310, 290] [369, 498] 5 0
[290, 290, 290, 290, 290] [390, 370, 350, 330, 310] [369, 498] 5 0
[290, 290, 290, 290, 290] [410, 390, 370, 350, 330] [369, 498] 5 0
[290, 290, 290, 290, 290] [430, 410, 390, 370, 350] [369, 498] 5 0
[290, 290, 290, 290, 290] [450, 430, 410, 390, 370] [369, 498] 5 0
[290, 290, 290, 290, 290] [470, 450, 430, 410, 390] [369, 498] 5 0
[290, 290, 290, 290, 290] [490, 470, 450, 430, 410] [369, 498] 5 0
[310, 290, 290, 290, 290] [490, 490, 470, 450, 430] [369, 498] 5 1
[330, 310, 290, 290, 290] [490, 490, 490, 470, 450] [369, 498] 5 1
[350, 330, 310, 290, 290] [490, 490, 490, 490, 470] [369, 498] 5 1
[370, 350, 330, 310, 290, 290] [490, 490, 490, 490, 490, 470] [584, 563] 6 1
[390, 370, 350, 330, 310, 290] [490, 490, 490, 490, 490, 490] [584, 563] 6 1
[410, 390, 370, 350, 330, 310] [490, 490, 490, 490, 490, 490] [584, 563] 6 1
[430, 410, 390, 370, 350, 330] [490, 490, 490, 490, 490, 490] [584, 563] 6 1
[450, 430, 410, 390, 370, 350] [490, 490, 490, 490, 490, 490] [584, 563] 6 1
[470, 450, 430, 410, 390, 370] [490, 490, 490, 490, 490, 490] [584, 563] 6 1
[490, 470, 450, 430, 410, 390] [490, 490, 490, 490, 490, 490] [584, 563] 6 1
[510, 490, 470, 450, 430, 410] [490, 490, 490, 490, 490, 490] [584, 563] 6 1
[530, 510, 490, 470, 450, 430] [490, 490, 490, 490, 490, 490] [584, 563] 6 1
[550, 530, 510, 490, 470, 450] [490, 490, 490, 490, 490, 490] [584, 563] 6 1
[570, 550, 530, 510, 490, 470] [490, 490, 490, 490, 490, 490] [584, 563] 6 1
[570, 570, 550, 530, 510, 490] [510, 490, 490, 490, 490, 490] [584, 563] 6 0
[570, 570, 570, 550, 530, 510] [530, 510, 490, 490, 490, 490] [584, 563] 6 0
[570, 570, 570, 570, 550, 530] [550, 530, 510, 490, 490, 490] [584, 563] 6 0
[550, 570, 570, 570, 570, 550, 530] [550, 550, 530, 510, 490, 490, 490] [190, 547] 7 3
[530, 550, 570, 570, 570, 570, 550] [550, 550, 550, 530, 510, 490, 490] [190, 547] 7 3
[510, 530, 550, 570, 570, 570, 570] [550, 550, 550, 550, 530, 510, 490] [190, 547] 7 3
[490, 510, 530, 550, 570, 570, 570] [550, 550, 550, 550, 550, 530, 510] [190, 547] 7 3
[470, 490, 510, 530, 550, 570, 570] [550, 550, 550, 550, 550, 550, 530] [190, 547] 7 3
[450, 470, 490, 510, 530, 550, 570] [550, 550, 550, 550, 550, 550, 550] [190, 547] 7 3
[430, 450, 470, 490, 510, 530, 550] [550, 550, 550, 550, 550, 550, 550] [190, 547] 7 3
[410, 430, 450, 470, 490, 510, 530] [550, 550, 550, 550, 550, 550, 550] [190, 547] 7 3
[390, 410, 430, 450, 470, 490, 510] [550, 550, 550, 550, 550, 550, 550] [190, 547] 7 3
[370, 390, 410, 430, 450, 470, 490] [550, 550, 550, 550, 550, 550, 550] [190, 547] 7 3
[350, 370, 390, 410, 430, 450, 470] [550, 550, 550, 550, 550, 550, 550] [190, 547] 7 3
[330, 350, 370, 390, 410, 430, 450] [550, 550, 550, 550, 550, 550, 550] [190, 547] 7 3
[310, 330, 350, 370, 390, 410, 430] [550, 550, 550, 550, 550, 550, 550] [190, 547] 7 3
[290, 310, 330, 350, 370, 390, 410] [550, 550, 550, 550, 550, 550, 550] [190, 547] 7 3
[270, 290, 310, 330, 350, 370, 390] [550, 550, 550, 550, 550, 550, 550] [190, 547] 7 3
[250, 270, 290, 310, 330, 350, 370] [550, 550, 550, 550, 550, 550, 550] [190, 547] 7 3
[230, 250, 270, 290, 310, 330, 350] [550, 550, 550, 550, 550, 550, 550] [190, 547] 7 3
[210, 230, 250, 270, 290, 310, 330] [550, 550, 550, 550, 550, 550, 550] [190, 547] 7 3
[190, 210, 230, 250, 270, 290, 310] [550, 550, 550, 550, 550, 550, 550] [190, 547] 7 3
[170, 190, 210, 230, 250, 270, 290, 310] [550, 550, 550, 550, 550, 550, 550, 550] [225, 472] 8 3
[170, 170, 190, 210, 230, 250, 270, 290] [530, 550, 550, 550, 550, 550, 550, 550] [225, 472] 8 2
[170, 170, 170, 190, 210, 230, 250, 270] [510, 530, 550, 550, 550, 550, 550, 550] [225, 472] 8 2
[170, 170, 170, 170, 190, 210, 230, 250] [490, 510, 530, 550, 550, 550, 550, 550] [225, 472] 8 2
[170, 170, 170, 170, 170, 190, 210, 230] [470, 490, 510, 530, 550, 550, 550, 550] [225, 472] 8 2
[190, 170, 170, 170, 170, 170, 190, 210] [470, 470, 490, 510, 530, 550, 550, 550] [225, 472] 8 1
[210, 190, 170, 170, 170, 170, 170, 190] [470, 470, 470, 490, 510, 530, 550, 550] [225, 472] 8 1
[230, 210, 190, 170, 170, 170, 170, 170, 190] [470, 470, 470, 470, 490, 510, 530, 550, 550] [275, 451] 9 1
[250, 230, 210, 190, 170, 170, 170, 170, 170] [470, 470, 470, 470, 470, 490, 510, 530, 550] [275, 451] 9 1
[270, 250, 230, 210, 190, 170, 170, 170, 170] [470, 470, 470, 470, 470, 470, 490, 510, 530] [275, 451] 9 1
[270, 270, 250, 230, 210, 190, 170, 170, 170] [450, 470, 470, 470, 470, 470, 470, 490, 510] [275, 451] 9 2
[270, 270, 270, 250, 230, 210, 190, 170, 170, 170] [430, 450, 470, 470, 470, 470, 470, 470, 490, 510] [534, 138] 10 2
[270, 270, 270, 270, 250, 230, 210, 190, 170, 170] [410, 430, 450, 470, 470, 470, 470, 470, 470, 490] [534, 138] 10 2
[270, 270, 270, 270, 270, 250, 230, 210, 190, 170] [390, 410, 430, 450, 470, 470, 470, 470, 470, 470] [534, 138] 10 2
[270, 270, 270, 270, 270, 270, 250, 230, 210, 190] [370, 390, 410, 430, 450, 470, 470, 470, 470, 470] [534, 138] 10 2
[270, 270, 270, 270, 270, 270, 270, 250, 230, 210] [350, 370, 390, 410, 430, 450, 470, 470, 470, 470] [534, 138] 10 2
[270, 270, 270, 270, 270, 270, 270, 270, 250, 230] [330, 350, 370, 390, 410, 430, 450, 470, 470, 470] [534, 138] 10 2
[270, 270, 270, 270, 270, 270, 270, 270, 270, 250] [310, 330, 350, 370, 390, 410, 430, 450, 470, 470] [534, 138] 10 2
[270, 270, 270, 270, 270, 270, 270, 270, 270, 270] [290, 310, 330, 350, 370, 390, 410, 430, 450, 470] [534, 138] 10 2
[270, 270, 270, 270, 270, 270, 270, 270, 270, 270] [270, 290, 310, 330, 350, 370, 390, 410, 430, 450] [534, 138] 10 2
[270, 270, 270, 270, 270, 270, 270, 270, 270, 270] [250, 270, 290, 310, 330, 350, 370, 390, 410, 430] [534, 138] 10 2
[270, 270, 270, 270, 270, 270, 270, 270, 270, 270] [230, 250, 270, 290, 310, 330, 350, 370, 390, 410] [534, 138] 10 2
[270, 270, 270, 270, 270, 270, 270, 270, 270, 270] [210, 230, 250, 270, 290, 310, 330, 350, 370, 390] [534, 138] 10 2
[270, 270, 270, 270, 270, 270, 270, 270, 270, 270] [190, 210, 230, 250, 270, 290, 310, 330, 350, 370] [534, 138] 10 2
[270, 270, 270, 270, 270, 270, 270, 270, 270, 270] [170, 190, 210, 230, 250, 270, 290, 310, 330, 350] [534, 138] 10 2
[270, 270, 270, 270, 270, 270, 270, 270, 270, 270] [150, 170, 190, 210, 230, 250, 270, 290, 310, 330] [534, 138] 10 2
[270, 270, 270, 270, 270, 270, 270, 270, 270, 270] [130, 150, 170, 190, 210, 230, 250, 270, 290, 310] [534, 138] 10 2
[290, 270, 270, 270, 270, 270, 270, 270, 270, 270] [130, 130, 150, 170, 190, 210, 230, 250, 270, 290] [534, 138] 10 1
[310, 290, 270, 270, 270, 270, 270, 270, 270, 270] [130, 130, 130, 150, 170, 190, 210, 230, 250, 270] [534, 138] 10 1
[330, 310, 290, 270, 270, 270, 270, 270, 270, 270] [130, 130, 130, 130, 150, 170, 190, 210, 230, 250] [534, 138] 10 1
[350, 330, 310, 290, 270, 270, 270, 270, 270, 270] [130, 130, 130, 130, 130, 150, 170, 190, 210, 230] [534, 138] 10 1
[370, 350, 330, 310, 290, 270, 270, 270, 270, 270] [130, 130, 130, 130, 130, 130, 150, 170, 190, 210] [534, 138] 10 1
[390, 370, 350, 330, 310, 290, 270, 270, 270, 270] [130, 130, 130, 130, 130, 130, 130, 150, 170, 190] [534, 138] 10 1
[410, 390, 370, 350, 330, 310, 290, 270, 270, 270] [130, 130, 130, 130, 130, 130, 130, 130, 150, 170] [534, 138] 10 1
[430, 410, 390, 370, 350, 330, 310, 290, 270, 270] [130, 130, 130, 130, 130, 130, 130, 130, 130, 150] [534, 138] 10 1
[450, 430, 410, 390, 370, 350, 330, 310, 290, 270] [130, 130, 130, 130, 130, 130, 130, 130, 130, 130] [534, 138] 10 1
[470, 450, 430, 410, 390, 370, 350, 330, 310, 290] [130, 130, 130, 130, 130, 130, 130, 130, 130, 130] [534, 138] 10 1
[490, 470, 450, 430, 410, 390, 370, 350, 330, 310] [130, 130, 130, 130, 130, 130, 130, 130, 130, 130] [534, 138] 10 1
[510, 490, 470, 450, 430, 410, 390, 370, 350, 330] [130, 130, 130, 130, 130, 130, 130, 130, 130, 130] [534, 138] 10 1
[530, 510, 490, 470, 450, 430, 410, 390, 370, 350] [130, 130, 130, 130, 130, 130, 130, 130, 130, 130] [534, 138] 10 1
[530, 530, 510, 490, 470, 450, 430, 410, 390, 370, 350] [150, 130, 130, 130, 130, 130, 130, 130, 130, 130, 130] [96, 451] 11 0
[530, 530, 530, 510, 490, 470, 450, 430, 410, 390, 370] [170, 150, 130, 130, 130, 130, 130, 130, 130, 130, 130] [96, 451] 11 0
[530, 530, 530, 530, 510, 490, 470, 450, 430, 410, 390] [190, 170, 150, 130, 130, 130, 130, 130, 130, 130, 130] [96, 451] 11 0
[530, 530, 530, 530, 530, 510, 490, 470, 450, 430, 410] [210, 190, 170, 150, 130, 130, 130, 130, 130, 130, 130] [96, 451] 11 0
[530, 530, 530, 530, 530, 530, 510, 490, 470, 450, 430] [230, 210, 190, 170, 150, 130, 130, 130, 130, 130, 130] [96, 451] 11 0
[530, 530, 530, 530, 530, 530, 530, 510, 490, 470, 450] [250, 230, 210, 190, 170, 150, 130, 130, 130, 130, 130] [96, 451] 11 0
[530, 530, 530, 530, 530, 530, 530, 530, 510, 490, 470] [270, 250, 230, 210, 190, 170, 150, 130, 130, 130, 130] [96, 451] 11 0
[530, 530, 530, 530, 530, 530, 530, 530, 530, 510, 490] [290, 270, 250, 230, 210, 190, 170, 150, 130, 130, 130] [96, 451] 11 0
[530, 530, 530, 530, 530, 530, 530, 530, 530, 530, 510] [310, 290, 270, 250, 230, 210, 190, 170, 150, 130, 130] [96, 451] 11 0
[530, 530, 530, 530, 530, 530, 530, 530, 530, 530, 530] [330, 310, 290, 270, 250, 230, 210, 190, 170, 150, 130] [96, 451] 11 0
[530, 530, 530, 530, 530, 530, 530, 530, 530, 530, 530] [350, 330, 310, 290, 270, 250, 230, 210, 190, 170, 150] [96, 451] 11 0
[530, 530, 530, 530, 530, 530, 530, 530, 530, 530, 530] [370, 350, 330, 310, 290, 270, 250, 230, 210, 190, 170] [96, 451] 11 0
[530, 530, 530, 530, 530, 530, 530, 530, 530, 530, 530] [390, 370, 350, 330, 310, 290, 270, 250, 230, 210, 190] [96, 451] 11 0
[530, 530, 530, 530, 530, 530, 530, 530, 530, 530, 530] [410, 390, 370, 350, 330, 310, 290, 270, 250, 230, 210] [96, 451] 11 0
[530, 530, 530, 530, 530, 530, 530, 530, 530, 530, 530] [430, 410, 390, 370, 350, 330, 310, 290, 270, 250, 230] [96, 451] 11 0
[530, 530, 530, 530, 530, 530, 530, 530, 530, 530, 530] [450, 430, 410, 390, 370, 350, 330, 310, 290, 270, 250] [96, 451] 11 0
[510, 530, 530, 530, 530, 530, 530, 530, 530, 530, 530] [450, 450, 430, 410, 390, 370, 350, 330, 310, 290, 270] [96, 451] 11 3
[490, 510, 530, 530, 530, 530, 530, 530, 530, 530, 530] [450, 450, 450, 430, 410, 390, 370, 350, 330, 310, 290] [96, 451] 11 3
[470, 490, 510, 530, 530, 530, 530, 530, 530, 530, 530] [450, 450, 450, 450, 430, 410, 390, 370, 350, 330, 310] [96, 451] 11 3
[450, 470, 490, 510, 530, 530, 530, 530, 530, 530, 530] [450, 450, 450, 450, 450, 430, 410, 390, 370, 350, 330] [96, 451] 11 3
[430, 450, 470, 490, 510, 530, 530, 530, 530, 530, 530] [450, 450, 450, 450, 450, 450, 430, 410, 390, 370, 350] [96, 451] 11 3
[410, 430, 450, 470, 490, 510, 530, 530, 530, 530, 530] [450, 450, 450, 450, 450, 450, 450, 430, 410, 390, 370] [96, 451] 11 3
[390, 410, 430, 450, 470, 490, 510, 530, 530, 530, 530] [450, 450, 450, 450, 450, 450, 450, 450, 430, 410, 390] [96, 451] 11 3
[370, 390, 410, 430, 450, 470, 490, 510, 530, 530, 530] [450, 450, 450, 450, 450, 450, 450, 450, 450, 430, 410] [96, 451] 11 3
[350, 370, 390, 410, 430, 450, 470, 490, 510, 530, 530] [450, 450, 450, 450, 450, 450, 450, 450, 450, 450, 430] [96, 451] 11 3
[330, 350, 370, 390, 410, 430, 450, 470, 490, 510, 530] [450, 450, 450, 450, 450, 450, 450, 450, 450, 450, 450] [96, 451] 11 3
[310, 330, 350, 370, 390, 410, 430, 450, 470, 490, 510] [450, 450, 450, 450, 450, 450, 450, 450, 450, 450, 450] [96, 451] 11 3
[290, 310, 330, 350, 370, 390, 410, 430, 450, 470, 490] [450, 450, 450, 450, 450, 450, 450, 450, 450, 450, 450] [96, 451] 11 3
[270, 290, 310, 330, 350, 370, 390, 410, 430, 450, 470] [450, 450, 450, 450, 450, 450, 450, 450, 450, 450, 450] [96, 451] 11 3
[250, 270, 290, 310, 330, 350, 370, 390, 410, 430, 450] [450, 450, 450, 450, 450, 450, 450, 450, 450, 450, 450] [96, 451] 11 3
[230, 250, 270, 290, 310, 330, 350, 370, 390, 410, 430] [450, 450, 450, 450, 450, 450, 450, 450, 450, 450, 450] [96, 451] 11 3
[210, 230, 250, 270, 290, 310, 330, 350, 370, 390, 410] [450, 450, 450, 450, 450, 450, 450, 450, 450, 450, 450] [96, 451] 11 3
[190, 210, 230, 250, 270, 290, 310, 330, 350, 370, 390] [450, 450, 450, 450, 450, 450, 450, 450, 450, 450, 450] [96, 451] 11 3
[170, 190, 210, 230, 250, 270, 290, 310, 330, 350, 370] [450, 450, 450, 450, 450, 450, 450, 450, 450, 450, 450] [96, 451] 11 3
[150, 170, 190, 210, 230, 250, 270, 290, 310, 330, 350] [450, 450, 450, 450, 450, 450, 450, 450, 450, 450, 450] [96, 451] 11 3
[130, 150, 170, 190, 210, 230, 250, 270, 290, 310, 330] [450, 450, 450, 450, 450, 450, 450, 450, 450, 450, 450] [96, 451] 11 3
[110, 130, 150, 170, 190, 210, 230, 250, 270, 290, 310] [450, 450, 450, 450, 450, 450, 450, 450, 450, 450, 450] [96, 451] 11 3
[90, 110, 130, 150, 170, 190, 210, 230, 250, 270, 290] [450, 450, 450, 450, 450, 450, 450, 450, 450, 450, 450] [96, 451] 11 3
[90, 90, 110, 130, 150, 170, 190, 210, 230, 250, 270, 290] [430, 450, 450, 450, 450, 450, 450, 450, 450, 450, 450, 450] [435, 502] 12 2
[110, 90, 90, 110, 130, 150, 170, 190, 210, 230, 250, 270] [430, 430, 450, 450, 450, 450, 450, 450, 450, 450, 450, 450] [435, 502] 12 1
[130, 110, 90, 90, 110, 130, 150, 170, 190, 210, 230, 250] [430, 430, 430, 450, 450, 450, 450, 450, 450, 450, 450, 450] [435, 502] 12 1
[150, 130, 110, 90, 90, 110, 130, 150, 170, 190, 210, 230] [430, 430, 430, 430, 450, 450, 450, 450, 450, 450, 450, 450] [435, 502] 12 1
[170, 150, 130, 110, 90, 90, 110, 130, 150, 170, 190, 210] [430, 430, 430, 430, 430, 450, 450, 450, 450, 450, 450, 450] [435, 502] 12 1
[190, 170, 150, 130, 110, 90, 90, 110, 130, 150, 170, 190] [430, 430, 430, 430, 430, 430, 450, 450, 450, 450, 450, 450] [435, 502] 12 1
[210, 190, 170, 150, 130, 110, 90, 90, 110, 130, 150, 170] [430, 430, 430, 430, 430, 430, 430, 450, 450, 450, 450, 450] [435, 502] 12 1
[230, 210, 190, 170, 150, 130, 110, 90, 90, 110, 130, 150] [430, 430, 430, 430, 430, 430, 430, 430, 450, 450, 450, 450] [435, 502] 12 1
[250, 230, 210, 190, 170, 150, 130, 110, 90, 90, 110, 130] [430, 430, 430, 430, 430, 430, 430, 430, 430, 450, 450, 450] [435, 502] 12 1
[270, 250, 230, 210, 190, 170, 150, 130, 110, 90, 90, 110] [430, 430, 430, 430, 430, 430, 430, 430, 430, 430, 450, 450] [435, 502] 12 1
[290, 270, 250, 230, 210, 190, 170, 150, 130, 110, 90, 90] [430, 430, 430, 430, 430, 430, 430, 430, 430, 430, 430, 450] [435, 502] 12 1
[310, 290, 270, 250, 230, 210, 190, 170, 150, 130, 110, 90] [430, 430, 430, 430, 430, 430, 430, 430, 430, 430, 430, 430] [435, 502] 12 1
[330, 310, 290, 270, 250, 230, 210, 190, 170, 150, 130, 110] [430, 430, 430, 430, 430, 430, 430, 430, 430, 430, 430, 430] [435, 502] 12 1
[350, 330, 310, 290, 270, 250, 230, 210, 190, 170, 150, 130] [430, 430, 430, 430, 430, 430, 430, 430, 430, 430, 430, 430] [435, 502] 12 1
[370, 350, 330, 310, 290, 270, 250, 230, 210, 190, 170, 150] [430, 430, 430, 430, 430, 430, 430, 430, 430, 430, 430, 430] [435, 502] 12 1
[390, 370, 350, 330, 310, 290, 270, 250, 230, 210, 190, 170] [430, 430, 430, 430, 430, 430, 430, 430, 430, 430, 430, 430] [435, 502] 12 1
[410, 390, 370, 350, 330, 310, 290, 270, 250, 230, 210, 190] [430, 430, 430, 430, 430, 430, 430, 430, 430, 430, 430, 430] [435, 502] 12 1
[430, 410, 390, 370, 350, 330, 310, 290, 270, 250, 230, 210] [430, 430, 430, 430, 430, 430, 430, 430, 430, 430, 430, 430] [435, 502] 12 1
[430, 430, 410, 390, 370, 350, 330, 310, 290, 270, 250, 230] [450, 430, 430, 430, 430, 430, 430, 430, 430, 430, 430, 430] [435, 502] 12 0
[430, 430, 430, 410, 390, 370, 350, 330, 310, 290, 270, 250] [470, 450, 430, 430, 430, 430, 430, 430, 430, 430, 430, 430] [435, 502] 12 0
[430, 430, 430, 430, 410, 390, 370, 350, 330, 310, 290, 270] [490, 470, 450, 430, 430, 430, 430, 430, 430, 430, 430, 430] [435, 502] 12 0
[430, 430, 430, 430, 430, 410, 390, 370, 350, 330, 310, 290, 270] [510, 490, 470, 450, 430, 430, 430, 430, 430, 430, 430, 430, 430] [333, 215] 13 0
[410, 430, 430, 430, 430, 430, 410, 390, 370, 350, 330, 310, 290] [510, 510, 490, 470, 450, 430, 430, 430, 430, 430, 430, 430, 430] [333, 215] 13 3
[390, 410, 430, 430, 430, 430, 430, 410, 390, 370, 350, 330, 310] [510, 510, 510, 490, 470, 450, 430, 430, 430, 430, 430, 430, 430] [333, 215] 13 3
[370, 390, 410, 430, 430, 430, 430, 430, 410, 390, 370, 350, 330] [510, 510, 510, 510, 490, 470, 450, 430, 430, 430, 430, 430, 430] [333, 215] 13 3
[350, 370, 390, 410, 430, 430, 430, 430, 430, 410, 390, 370, 350] [510, 510, 510, 510, 510, 490, 470, 450, 430, 430, 430, 430, 430] [333, 215] 13 3
[330, 350, 370, 390, 410, 430, 430, 430, 430, 430, 410, 390, 370] [510, 510, 510, 510, 510, 510, 490, 470, 450, 430, 430, 430, 430] [333, 215] 13 3
[330, 330, 350, 370, 390, 410, 430, 430, 430, 430, 430, 410, 390] [490, 510, 510, 510, 510, 510, 510, 490, 470, 450, 430, 430, 430] [333, 215] 13 2
[330, 330, 330, 350, 370, 390, 410, 430, 430, 430, 430, 430, 410] [470, 490, 510, 510, 510, 510, 510, 510, 490, 470, 450, 430, 430] [333, 215] 13 2
[330, 330, 330, 330, 350, 370, 390, 410, 430, 430, 430, 430, 430] [450, 470, 490, 510, 510, 510, 510, 510, 510, 490, 470, 450, 430] [333, 215] 13 2
[330, 330, 330, 330, 330, 350, 370, 390, 410, 430, 430, 430, 430] [430, 450, 470, 490, 510, 510, 510, 510, 510, 510, 490, 470, 450] [333, 215] 13 2
[330, 330, 330, 330, 330, 330, 350, 370, 390, 410, 430, 430, 430] [410, 430, 450, 470, 490, 510, 510, 510, 510, 510, 510, 490, 470] [333, 215] 13 2
[330, 330, 330, 330, 330, 330, 330, 350, 370, 390, 410, 430, 430] [390, 410, 430, 450, 470, 490, 510, 510, 510, 510, 510, 510, 490] [333, 215] 13 2
[330, 330, 330, 330, 330, 330, 330, 330, 350, 370, 390, 410, 430] [370, 390, 410, 430, 450, 470, 490, 510, 510, 510, 510, 510, 510] [333, 215] 13 2
[330, 330, 330, 330, 330, 330, 330, 330, 330, 350, 370, 390, 410] [350, 370, 390, 410, 430, 450, 470, 490, 510, 510, 510, 510, 510] [333, 215] 13 2
[330, 330, 330, 330, 330, 330, 330, 330, 330, 330, 350, 370, 390] [330, 350, 370, 390, 410, 430, 450, 470, 490, 510, 510, 510, 510] [333, 215] 13 2
[330, 330, 330, 330, 330, 330, 330, 330, 330, 330, 330, 350, 370] [310, 330, 350, 370, 390, 410, 430, 450, 470, 490, 510, 510, 510] [333, 215] 13 2
[330, 330, 330, 330, 330, 330, 330, 330, 330, 330, 330, 330, 350] [290, 310, 330, 350, 370, 390, 410, 430, 450, 470, 490, 510, 510] [333, 215] 13 2
[330, 330, 330, 330, 330, 330, 330, 330, 330, 330, 330, 330, 330] [270, 290, 310, 330, 350, 370, 390, 410, 430, 450, 470, 490, 510] [333, 215] 13 2
[330, 330, 330, 330, 330, 330, 330, 330, 330, 330, 330, 330, 330] [250, 270, 290, 310, 330, 350, 370, 390, 410, 430, 450, 470, 490] [333, 215] 13 2
[330, 330, 330, 330, 330, 330, 330, 330, 330, 330, 330, 330, 330] [230, 250, 270, 290, 310, 330, 350, 370, 390, 410, 430, 450, 470] [333, 215] 13 2
[330, 330, 330, 330, 330, 330, 330, 330, 330, 330, 330, 330, 330] [210, 230, 250, 270, 290, 310, 330, 350, 370, 390, 410, 430, 450] [333, 215] 13 2
[330, 330, 330, 330, 330, 330, 330, 330, 330, 330, 330, 330, 330, 330] [190, 210, 230, 250, 270, 290, 310, 330, 350, 370, 390, 410, 430, 450] [391, 41] 14 2
[330, 330, 330, 330, 330, 330, 330, 330, 330, 330, 330, 330, 330, 330] [170, 190, 210, 230, 250, 270, 290, 310, 330, 350, 370, 390, 410, 430] [391, 41] 14 2
[330, 330, 330, 330, 330, 330, 330, 330, 330, 330, 330, 330, 330, 330] [150, 170, 190, 210, 230, 250, 270, 290, 310, 330, 350, 370, 390, 410] [391, 41] 14 2
[330, 330, 330, 330, 330, 330, 330, 330, 330, 330, 330, 330, 330, 330] [130, 150, 170, 190, 210, 230, 250, 270, 290, 310, 330, 350, 370, 390] [391, 41] 14 2
[330, 330, 330, 330, 330, 330, 330, 330, 330, 330, 330, 330, 330, 330] [110, 130, 150, 170, 190, 210, 230, 250, 270, 290, 310, 330, 350, 370] [391, 41] 14 2
[330, 330, 330, 330, 330, 330, 330, 330, 330, 330, 330, 330, 330, 330] [90, 110, 130, 150, 170, 190, 210, 230, 250, 270, 290, 310, 330, 350] [391, 41] 14 2
[330, 330, 330, 330, 330, 330, 330, 330, 330, 330, 330, 330, 330, 330] [70, 90, 110, 130, 150, 170, 190, 210, 230, 250, 270, 290, 310, 330] [391, 41] 14 2
[330, 330, 330, 330, 330, 330, 330, 330, 330, 330, 330, 330, 330, 330] [50, 70, 90, 110, 130, 150, 170, 190, 210, 230, 250, 270, 290, 310] [391, 41] 14 2
[330, 330, 330, 330, 330, 330, 330, 330, 330, 330, 330, 330, 330, 330] [30, 50, 70, 90, 110, 130, 150, 170, 190, 210, 230, 250, 270, 290] [391, 41] 14 2
[350, 330, 330, 330, 330, 330, 330, 330, 330, 330, 330, 330, 330, 330] [30, 30, 50, 70, 90, 110, 130, 150, 170, 190, 210, 230, 250, 270] [391, 41] 14 1
[370, 350, 330, 330, 330, 330, 330, 330, 330, 330, 330, 330, 330, 330] [30, 30, 30, 50, 70, 90, 110, 130, 150, 170, 190, 210, 230, 250] [391, 41] 14 1
[390, 370, 350, 330, 330, 330, 330, 330, 330, 330, 330, 330, 330, 330] [30, 30, 30, 30, 50, 70, 90, 110, 130, 150, 170, 190, 210, 230] [391, 41] 14 1
