[290, 290, 290, 290, 290] [290, 270, 250, 230, 210] [325, 410] 5 0
[290, 290, 290, 290, 290] [310, 290, 270, 250, 230] [325, 410] 5 0
[290, 290, 290, 290, 290] [330, 310, 290, 270, 250] [325, 410] 5 0
[290, 290, 290, 290, 290] [350, 330, 310, 290, 270] [325, 410] 5 0
[290, 290, 290, 290, 290] [370, 350, 330, 310, 290] [325, 410] 5 0
[290, 290, 290, 290, 290] [390, 370, 350, 330, 310] [325, 410] 5 0
[290, 290, 290, 290, 290] [410, 390, 370, 350, 330] [325, 410] 5 0
[310, 290, 290, 290, 290] [410, 410, 390, 370, 350] [325, 410] 5 1
[330, 310, 290, 290, 290, 290] [410, 410, 410, 390, 370, 350] [107, 446] 6 1
[330, 330, 310, 290, 290, 290] [430, 410, 410, 410, 390, 370] [107, 446] 6 0
[310, 330, 330, 310, 290, 290] [430, 430, 410, 410, 410, 390] [107, 446] 6 3
[290, 310, 330, 330, 310, 290] [430, 430, 430, 410, 410, 410] [107, 446] 6 3
[270, 290, 310, 330, 330, 310] [430, 430, 430, 430, 410, 410] [107, 446] 6 3
[250, 270, 290, 310, 330, 330] [430, 430, 430, 430, 430, 410] [107, 446] 6 3
[230, 250, 270, 290, 310, 330] [430, 430, 430, 430, 430, 430] [107, 446] 6 3
[210, 230, 250, 270, 290, 310] [430, 430, 430, 430, 430, 430] [107, 446] 6 3
[190, 210, 230, 250, 270, 290] [430, 430, 430, 430, 430, 430] [107, 446] 6 3
[170, 190, 210, 230, 250, 270] [430, 430, 430, 430, 430, 430] [107, 446] 6 3
[150, 170, 190, 210, 230, 250] [430, 430, 430, 430, 430, 430] [107, 446] 6 3
[130, 150, 170, 190, 210, 230] [430, 430, 430, 430, 430, 430] [107, 446] 6 3
[110, 130, 150, 170, 190, 210] [430, 430, 430, 430, 430, 430] [107, 446] 6 3
[90, 110, 130, 150, 170, 190, 210] [430, 430, 430, 430, 430, 430, 430] [469, 312] 7 3
[90, 90, 110, 130, 150, 170, 190] [450, 430, 430, 430, 430, 430, 430] [469, 312] 7 0
[110, 90, 90, 110, 130, 150, 170] [450, 450, 430, 430, 430, 430, 430] [469, 312] 7 1
[130, 110, 90, 90, 110, 130, 150] [450, 450, 450, 430, 430, 430, 430] [469, 312] 7 1
[150, 130, 110, 90, 90, 110, 130] [450, 450, 450, 450, 430, 430, 430] [469, 312] 7 1
[170, 150, 130, 110, 90, 90, 110] [450, 450, 450, 450, 450, 430, 430] [469, 312] 7 1
[190, 170, 150, 130, 110, 90, 90] [450, 450, 450, 450, 450, 450, 430] [469, 312] 7 1
[210, 190, 170, 150, 130, 110, 90] [450, 450, 450, 450, 450, 450, 450] [469, 312] 7 1
[230, 210, 190, 170, 150, 130, 110] [450, 450, 450, 450, 450, 450, 450] [469, 312] 7 1
[250, 230, 210, 190, 170, 150, 130] [450, 450, 450, 450, 450, 450, 450] [469, 312] 7 1
[270, 250, 230, 210, 190, 170, 150] [450, 450, 450, 450, 450, 450, 450] [469, 312] 7 1
[290, 270, 250, 230, 210, 190, 170] [450, 450, 450, 450, 450, 450, 450] [469, 312] 7 1
[310, 290, 270, 250, 230, 210, 190] [450, 450, 450, 450, 450, 450, 450] [469, 312] 7 1
[330, 310, 290, 270, 250, 230, 210] [450, 450, 450, 450, 450, 450, 450] [469, 312] 7 1
[350, 330, 310, 290, 270, 250, 230] [450, 450, 450, 450, 450, 450, 450] [469, 312] 7 1
[370, 350, 330, 310, 290, 270, 250] [450, 450, 450, 450, 450, 450, 450] [469, 312] 7 1
[390, 370, 350, 330, 310, 290, 270] [450, 450, 450, 450, 450, 450, 450] [469, 312] 7 1
[410, 390, 370, 350, 330, 310, 290] [450, 450, 450, 450, 450, 450, 450] [469, 312] 7 1
[430, 410, 390, 370, 350, 330, 310] [450, 450, 450, 450, 450, 450, 450] [469, 312] 7 1
[450, 430, 410, 390, 370, 350, 330] [450, 450, 450, 450, 450, 450, 450] [469, 312] 7 1
[450, 450, 430, 410, 390, 370, 350] [430, 450, 450, 450, 450, 450, 450] [469, 312] 7 2
[450, 450, 450, 430, 410, 390, 370] [410, 430, 450, 450, 450, 450, 450] [469, 312] 7 2
[450, 450, 450, 450, 430, 410, 390] [390, 410, 430, 450, 450, 450, 450] [469, 312] 7 2
[450, 450, 450, 450, 450, 430, 410] [370, 390, 410, 430, 450, 450, 450] [469, 312] 7 2
[450, 450, 450, 450, 450, 450, 430] [350, 370, 390, 410, 430, 450, 450] [469, 312] 7 2
[450, 450, 450, 450, 450, 450, 450] [330, 350, 370, 390, 410, 430, 450] [469, 312] 7 2
[450, 450, 450, 450, 450, 450, 450] [310, 330, 350, 370, 390, 410, 430] [469, 312] 7 2
[470, 450, 450, 450, 450, 450, 450, 450] [310, 310, 330, 350, 370, 390, 410, 430] [192, 127] 8 1
[470, 470, 450, 450, 450, 450, 450, 450] [290, 310, 310, 330, 350, 370, 390, 410] [192, 127] 8 2
[470, 470, 470, 450, 450, 450, 450, 450] [270, 290, 310, 310, 330, 350, 370, 390] [192, 127] 8 2
[470, 470, 470, 470, 450, 450, 450, 450] [250, 270, 290, 310, 310, 330, 350, 370] [192, 127] 8 2
[470, 470, 470, 470, 470, 450, 450, 450] [230, 250, 270, 290, 310, 310, 330, 350] [192, 127] 8 2
[470, 470, 470, 470, 470, 470, 450, 450] [210, 230, 250, 270, 290, 310, 310, 330] [192, 127] 8 2
[470, 470, 470, 470, 470, 470, 470, 450] [190, 210, 230, 250, 270, 290, 310, 310] [192, 127] 8 2
[470, 470, 470, 470, 470, 470, 470, 470] [170, 190, 210, 230, 250, 270, 290, 310] [192, 127] 8 2
[470, 470, 470, 470, 470, 470, 470, 470] [150, 170, 190, 210, 230, 250, 270, 290] [192, 127] 8 2
[470, 470, 470, 470, 470, 470, 470, 470] [130, 150, 170, 190, 210, 230, 250, 270] [192, 127] 8 2
[470, 470, 470, 470, 470, 470, 470, 470] [110, 130, 150, 170, 190, 210, 230, 250] [192, 127] 8 2
[450, 470, 470, 470, 470, 470, 470, 470] [110, 110, 130, 150, 170, 190, 210, 230] [192, 127] 8 3
[430, 450, 470, 470, 470, 470, 470, 470] [110, 110, 110, 130, 150, 170, 190, 210] [192, 127] 8 3
[410, 430, 450, 470, 470, 470, 470, 470] [110, 110, 110, 110, 130, 150, 170, 190] [192, 127] 8 3
[390, 410, 430, 450, 470, 470, 470, 470] [110, 110, 110, 110, 110, 130, 150, 170] [192, 127] 8 3
[370, 390, 410, 430, 450, 470, 470, 470] [110, 110, 110, 110, 110, 110, 130, 150] [192, 127] 8 3
[350, 370, 390, 410, 430, 450, 470, 470] [110, 110, 110, 110, 110, 110, 110, 130] [192, 127] 8 3
[330, 350, 370, 390, 410, 430, 450, 470] [110, 110, 110, 110, 110, 110, 110, 110] [192, 127] 8 3
[310, 330, 350, 370, 390, 410, 430, 450] [110, 110, 110, 110, 110, 110, 110, 110] [192, 127] 8 3
[290, 310, 330, 350, 370, 390, 410, 430] [110, 110, 110, 110, 110, 110, 110, 110] [192, 127] 8 3
[270, 290, 310, 330, 350, 370, 390, 410] [110, 110, 110, 110, 110, 110, 110, 110] [192, 127] 8 3
[250, 270, 290, 310, 330, 350, 370, 390] [110, 110, 110, 110, 110, 110, 110, 110] [192, 127] 8 3
[230, 250, 270, 290, 310, 330, 350, 370] [110, 110, 110, 110, 110, 110, 110, 110] [192, 127] 8 3
[210, 230, 250, 270, 290, 310, 330, 350] [110, 110, 110, 110, 110, 110, 110, 110] [192, 127] 8 3
[190, 210, 230, 250, 270, 290, 310, 330] [110, 110, 110, 110, 110, 110, 110, 110] [192, 127] 8 3
[170, 190, 210, 230, 250, 270, 290, 310, 330] [110, 110, 110, 110, 110, 110, 110, 110, 110] [519, 420] 9 3
[170, 170, 190, 210, 230, 250, 270, 290, 310] [130, 110, 110, 110, 110, 110, 110, 110, 110] [519, 420] 9 0
[170, 170, 170, 190, 210, 230, 250, 270, 290] [150, 130, 110, 110, 110, 110, 110, 110, 110] [519, 420] 9 0
[170, 170, 170, 170, 190, 210, 230, 250, 270] [170, 150, 130, 110, 110, 110, 110, 110, 110] [519, 420] 9 0
[170, 170, 170, 170, 170, 190, 210, 230, 250] [190, 170, 150, 130, 110, 110, 110, 110, 110] [519, 420] 9 0
[170, 170, 170, 170, 170, 170, 190, 210, 230] [210, 190, 170, 150, 130, 110, 110, 110, 110] [519, 420] 9 0
[170, 170, 170, 170, 170, 170, 170, 190, 210] [230, 210, 190, 170, 150, 130, 110, 110, 110] [519, 420] 9 0
[170, 170, 170, 170, 170, 170, 170, 170, 190] [250, 230, 210, 190, 170, 150, 130, 110, 110] [519, 420] 9 0
[170, 170, 170, 170, 170, 170, 170, 170, 170] [270, 250, 230, 210, 190, 170, 150, 130, 110] [519, 420] 9 0
[170, 170, 170, 170, 170, 170, 170, 170, 170] [290, 270, 250, 230, 210, 190, 170, 150, 130] [519, 420] 9 0
[170, 170, 170, 170, 170, 170, 170, 170, 170] [310, 290, 270, 250, 230, 210, 190, 170, 150] [519, 420] 9 0
[170, 170, 170, 170, 170, 170, 170, 170, 170] [330, 310, 290, 270, 250, 230, 210, 190, 170] [519, 420] 9 0
[170, 170, 170, 170, 170, 170, 170, 170, 170] [350, 330, 310, 290, 270, 250, 230, 210, 190] [519, 420] 9 0
[170, 170, 170, 170, 170, 170, 170, 170, 170] [370, 350, 330, 310, 290, 270, 250, 230, 210] [519, 420] 9 0
[170, 170, 170, 170, 170, 170, 170, 170, 170] [390, 370, 350, 330, 310, 290, 270, 250, 230] [519, 420] 9 0
[170, 170, 170, 170, 170, 170, 170, 170, 170] [410, 390, 370, 350, 330, 310, 290, 270, 250] [519, 420] 9 0
[170, 170, 170, 170, 170, 170, 170, 170, 170] [430, 410, 390, 370, 350, 330, 310, 290, 270] [519, 420] 9 0
[170, 170, 170, 170, 170, 170, 170, 170, 170] [450, 430, 410, 390, 370, 350, 330, 310, 290] [519, 420] 9 0
[190, 170, 170, 170, 170, 170, 170, 170, 170] [450, 450, 430, 410, 390, 370, 350, 330, 310] [519, 420] 9 1
[210, 190, 170, 170, 170, 170, 170, 170, 170] [450, 450, 450, 430, 410, 390, 370, 350, 330] [519, 420] 9 1
[230, 210, 190, 170, 170, 170, 170, 170, 170] [450, 450, 450, 450, 430, 410, 390, 370, 350] [519, 420] 9 1
[250, 230, 210, 190, 170, 170, 170, 170, 170] [450, 450, 450, 450, 450, 430, 410, 390, 370] [519, 420] 9 1
[270, 250, 230, 210, 190, 170, 170, 170, 170] [450, 450, 450, 450, 450, 450, 430, 410, 390] [519, 420] 9 1
[290, 270, 250, 230, 210, 190, 170, 170, 170] [450, 450, 450, 450, 450, 450, 450, 430, 410] [519, 420] 9 1
[310, 290, 270, 250, 230, 210, 190, 170, 170] [450, 450, 450, 450, 450, 450, 450, 450, 430] [519, 420] 9 1
[330, 310, 290, 270, 250, 230, 210, 190, 170] [450, 450, 450, 450, 450, 450, 450, 450, 450] [519, 420] 9 1
[350, 330, 310, 290, 270, 250, 230, 210, 190] [450, 450, 450, 450, 450, 450, 450, 450, 450] [519, 420] 9 1
[370, 350, 330, 310, 290, 270, 250, 230, 210] [450, 450, 450, 450, 450, 450, 450, 450, 450] [519, 420] 9 1
[390, 370, 350, 330, 310, 290, 270, 250, 230] [450, 450, 450, 450, 450, 450, 450, 450, 450] [519, 420] 9 1
[410, 390, 370, 350, 330, 310, 290, 270, 250] [450, 450, 450, 450, 450, 450, 450, 450, 450] [519, 420] 9 1
[430, 410, 390, 370, 350, 330, 310, 290, 270] [450, 450, 450, 450, 450, 450, 450, 450, 450] [519, 420] 9 1
[450, 430, 410, 390, 370, 350, 330, 310, 290] [450, 450, 450, 450, 450, 450, 450, 450, 450] [519, 420] 9 1
[470, 450, 430, 410, 390, 370, 350, 330, 310] [450, 450, 450, 450, 450, 450, 450, 450, 450] [519, 420] 9 1
[490, 470, 450, 430, 410, 390, 370, 350, 330] [450, 450, 450, 450, 450, 450, 450, 450, 450] [519, 420] 9 1
[510, 490, 470, 450, 430, 410, 390, 370, 350] [450, 450, 450, 450, 450, 450, 450, 450, 450] [519, 420] 9 1
[510, 510, 490, 470, 450, 430, 410, 390, 370] [430, 450, 450, 450, 450, 450, 450, 450, 450] [519, 420] 9 2
[510, 510, 510, 490, 470, 450, 430, 410, 390] [410, 430, 450, 450, 450, 450, 450, 450, 450] [519, 420] 9 2
[510, 510, 510, 510, 490, 470, 450, 430, 410, 390] [390, 410, 430, 450, 450, 450, 450, 450, 450, 450] [444, 198] 10 2
[510, 510, 510, 510, 510, 490, 470, 450, 430, 410] [370, 390, 410, 430, 450, 450, 450, 450, 450, 450] [444, 198] 10 2
[510, 510, 510, 510, 510, 510, 490, 470, 450, 430] [350, 370, 390, 410, 430, 450, 450, 450, 450, 450] [444, 198] 10 2
[510, 510, 510, 510, 510, 510, 510, 490, 470, 450] [330, 350, 370, 390, 410, 430, 450, 450, 450, 450] [444, 198] 10 2
[510, 510, 510, 510, 510, 510, 510, 510, 490, 470] [310, 330, 350, 370, 390, 410, 430, 450, 450, 450] [444, 198] 10 2
[510, 510, 510, 510, 510, 510, 510, 510, 510, 490] [290, 310, 330, 350, 370, 390, 410, 430, 450, 450] [444, 198] 10 2
[510, 510, 510, 510, 510, 510, 510, 510, 510, 510] [270, 290, 310, 330, 350, 370, 390, 410, 430, 450] [444, 198] 10 2
[510, 510, 510, 510, 510, 510, 510, 510, 510, 510] [250, 270, 290, 310, 330, 350, 370, 390, 410, 430] [444, 198] 10 2
[510, 510, 510, 510, 510, 510, 510, 510, 510, 510] [230, 250, 270, 290, 310, 330, 350, 370, 390, 410] [444, 198] 10 2
[510, 510, 510, 510, 510, 510, 510, 510, 510, 510] [210, 230, 250, 270, 290, 310, 330, 350, 370, 390] [444, 198] 10 2
[510, 510, 510, 510, 510, 510, 510, 510, 510, 510] [190, 210, 230, 250, 270, 290, 310, 330, 350, 370] [444, 198] 10 2
[490, 510, 510, 510, 510, 510, 510, 510, 510, 510] [190, 190, 210, 230, 250, 270, 290, 310, 330, 350] [444, 198] 10 3
[470, 490, 510, 510, 510, 510, 510, 510, 510, 510] [190, 190, 190, 210, 230, 250, 270, 290, 310, 330] [444, 198] 10 3
[450, 470, 490, 510, 510, 510, 510, 510, 510, 510] [190, 190, 190, 190, 210, 230, 250, 270, 290, 310] [444, 198] 10 3
[430, 450, 470, 490, 510, 510, 510, 510, 510, 510, 510] [190, 190, 190, 190, 190, 210, 230, 250, 270, 290, 310] [277, 315] 11 3
[410, 430, 450, 470, 490, 510, 510, 510, 510, 510, 510] [190, 190, 190, 190, 190, 190, 210, 230, 250, 270, 290] [277, 315] 11 3
[390, 410, 430, 450, 470, 490, 510, 510, 510, 510, 510] [190, 190, 190, 190, 190, 190, 190, 210, 230, 250, 270] [277, 315] 11 3
[370, 390, 410, 430, 450, 470, 490, 510, 510, 510, 510] [190, 190, 190, 190, 190, 190, 190, 190, 210, 230, 250] [277, 315] 11 3
[350, 370, 390, 410, 430, 450, 470, 490, 510, 510, 510] [190, 190, 190, 190, 190, 190, 190, 190, 190, 210, 230] [277, 315] 11 3
[330, 350, 370, 390, 410, 430, 450, 470, 490, 510, 510] [190, 190, 190, 190, 190, 190, 190, 190, 190, 190, 210] [277, 315] 11 3
[310, 330, 350, 370, 390, 410, 430, 450, 470, 490, 510] [190, 190, 190, 190, 190, 190, 190, 190, 190, 190, 190] [277, 315] 11 3
[290, 310, 330, 350, 370, 390, 410, 430, 450, 470, 490] [190, 190, 190, 190, 190, 190, 190, 190, 190, 190, 190] [277, 315] 11 3
[270, 290, 310, 330, 350, 370, 390, 410, 430, 450, 470] [190, 190, 190, 190, 190, 190, 190, 190, 190, 190, 190] [277, 315] 11 3
[270, 270, 290, 310, 330, 350, 370, 390, 410, 430, 450] [210, 190, 190, 190, 190, 190, 190, 190, 190, 190, 190] [277, 315] 11 0
[270, 270, 270, 290, 310, 330, 350, 370, 390, 410, 430] [230, 210, 190, 190, 190, 190, 190, 190, 190, 190, 190] [277, 315] 11 0
[270, 270, 270, 270, 290, 310, 330, 350, 370, 390, 410] [250, 230, 210, 190, 190, 190, 190, 190, 190, 190, 190] [277, 315] 11 0
[270, 270, 270, 270, 270, 290, 310, 330, 350, 370, 390] [270, 250, 230, 210, 190, 190, 190, 190, 190, 190, 190] [277, 315] 11 0
[270, 270, 270, 270, 270, 270, 290, 310, 330, 350, 370] [290, 270, 250, 230, 210, 190, 190, 190, 190, 190, 190] [277, 315] 11 0
[270, 270, 270, 270, 270, 270, 270, 290, 310, 330, 350] [310, 290, 270, 250, 230, 210, 190, 190, 190, 190, 190] [277, 315] 11 0
[270, 270, 270, 270, 270, 270, 270, 270, 290, 310, 330, 350] [330, 310, 290, 270, 250, 230, 210, 190, 190, 190, 190, 190] [273, 387] 12 0
[270, 270, 270, 270, 270, 270, 270, 270, 270, 290, 310, 330] [350, 330, 310, 290, 270, 250, 230, 210, 190, 190, 190, 190] [273, 387] 12 0
[270, 270, 270, 270, 270, 270, 270, 270, 270, 270, 290, 310] [370, 350, 330, 310, 290, 270, 250, 230, 210, 190, 190, 190] [273, 387] 12 0
[270, 270, 270, 270, 270, 270, 270, 270, 270, 270, 270, 290, 310] [390, 370, 350, 330, 310, 290, 270, 250, 230, 210, 190, 190, 190] [79, 271] 13 0
[250, 270, 270, 270, 270, 270, 270, 270, 270, 270, 270, 270, 290] [390, 390, 370, 350, 330, 310, 290, 270, 250, 230, 210, 190, 190] [79, 271] 13 3
[230, 250, 270, 270, 270, 270, 270, 270, 270, 270, 270, 270, 270] [390, 390, 390, 370, 350, 330, 310, 290, 270, 250, 230, 210, 190] [79, 271] 13 3
[210, 230, 250, 270, 270, 270, 270, 270, 270, 270, 270, 270, 270] [390, 390, 390, 390, 370, 350, 330, 310, 290, 270, 250, 230, 210] [79, 271] 13 3
[190, 210, 230, 250, 270, 270, 270, 270, 270, 270, 270, 270, 270] [390, 390, 390, 390, 390, 370, 350, 330, 310, 290, 270, 250, 230] [79, 271] 13 3
[170, 190, 210, 230, 250, 270, 270, 270, 270, 270, 270, 270, 270] [390, 390, 390, 390, 390, 390, 370, 350, 330, 310, 290, 270, 250] [79, 271] 13 3
[150, 170, 190, 210, 230, 250, 270, 270, 270, 270, 270, 270, 270] [390, 390, 390, 390, 390, 390, 390, 370, 350, 330, 310, 290, 270] [79, 271] 13 3
[130, 150, 170, 190, 210, 230, 250, 270, 270, 270, 270, 270, 270] [390, 390, 390, 390, 390, 390, 390, 390, 370, 350, 330, 310, 290] [79, 271] 13 3
[110, 130, 150, 170, 190, 210, 230, 250, 270, 270, 270, 270, 270] [390, 390, 390, 390, 390, 390, 390, 390, 390, 370, 350, 330, 310] [79, 271] 13 3
[90, 110, 130, 150, 170, 190, 210, 230, 250, 270, 270, 270, 270] [390, 390, 390, 390, 390, 390, 390, 390, 390, 390, 370, 350, 330] [79, 271] 13 3
[70, 90, 110, 130, 150, 170, 190, 210, 230, 250, 270, 270, 270] [390, 390, 390, 390, 390, 390, 390, 390, 390, 390, 390, 370, 350] [79, 271] 13 3
[70, 70, 90, 110, 130, 150, 170, 190, 210, 230, 250, 270, 270] [370, 390, 390, 390, 390, 390, 390, 390, 390, 390, 390, 390, 370] [79, 271] 13 2
[70, 70, 70, 90, 110, 130, 150, 170, 190, 210, 230, 250, 270] [350, 370, 390, 390, 390, 390, 390, 390, 390, 390, 390, 390, 390] [79, 271] 13 2
[70, 70, 70, 70, 90, 110, 130, 150, 170, 190, 210, 230, 250] [330, 350, 370, 390, 390, 390, 390, 390, 390, 390, 390, 390, 390] [79, 271] 13 2
[70, 70, 70, 70, 70, 90, 110, 130, 150, 170, 190, 210, 230] [310, 330, 350, 370, 390, 390, 390, 390, 390, 390, 390, 390, 390] [79, 271] 13 2
[70, 70, 70, 70, 70, 70, 90, 110, 130, 150, 170, 190, 210] [290, 310, 330, 350, 370, 390, 390, 390, 390, 390, 390, 390, 390] [79, 271] 13 2
[70, 70, 70, 70, 70, 70, 70, 90, 110, 130, 150, 170, 190] [270, 290, 310, 330, 350, 370, 390, 390, 390, 390, 390, 390, 390] [79, 271] 13 2
[70, 70, 70, 70, 70, 70, 70, 70, 90, 110, 130, 150, 170, 190] [250, 270, 290, 310, 330, 350, 370, 390, 390, 390, 390, 390, 390, 390] [181, 132] 14 2
[70, 70, 70, 70, 70, 70, 70, 70, 70, 90, 110, 130, 150, 170] [230, 250, 270, 290, 310, 330, 350, 370, 390, 390, 390, 390, 390, 390] [181, 132] 14 2
[70, 70, 70, 70, 70, 70, 70, 70, 70, 70, 90, 110, 130, 150] [210, 230, 250, 270, 290, 310, 330, 350, 370, 390, 390, 390, 390, 390] [181, 132] 14 2
[70, 70, 70, 70, 70, 70, 70, 70, 70, 70, 70, 90, 110, 130] [190, 210, 230, 250, 270, 290, 310, 330, 350, 370, 390, 390, 390, 390] [181, 132] 14 2
[70, 70, 70, 70, 70, 70, 70, 70, 70, 70, 70, 70, 90, 110] [170, 190, 210, 230, 250, 270, 290, 310, 330, 350, 370, 390, 390, 390] [181, 132] 14 2
[70, 70, 70, 70, 70, 70, 70, 70, 70, 70, 70, 70, 70, 90] [150, 170, 190, 210, 230, 250, 270, 290, 310, 330, 350, 370, 390, 390] [181, 132] 14 2
[70, 70, 70, 70, 70, 70, 70, 70, 70, 70, 70, 70, 70, 70] [130, 150, 170, 190, 210, 230, 250, 270, 290, 310, 330, 350, 370, 390] [181, 132] 14 2
[90, 70, 70, 70, 70, 70, 70, 70, 70, 70, 70, 70, 70, 70] [130, 130, 150, 170, 190, 210, 230, 250, 270, 290, 310, 330, 350, 370] [181, 132] 14 1
[110, 90, 70, 70, 70, 70, 70, 70, 70, 70, 70, 70, 70, 70] [130, 130, 130, 150, 170, 190, 210, 230, 250, 270, 290, 310, 330, 350] [181, 132] 14 1
[130, 110, 90, 70, 70, 70, 70, 70, 70, 70, 70, 70, 70, 70] [130, 130, 130, 130, 150, 170, 190, 210, 230, 250, 270, 290, 310, 330] [181, 132] 14 1
[150, 130, 110, 90, 70, 70, 70, 70, 70, 70, 70, 70, 70, 70] [130, 130, 130, 130, 130, 150, 170, 190, 210, 230, 250, 270, 290, 310] [181, 132] 14 1
[170, 150, 130, 110, 90, 70, 70, 70, 70, 70, 70, 70, 70, 70] [130, 130, 130, 130, 130, 130, 150, 170, 190, 210, 230, 250, 270, 290] [181, 132] 14 1
[190, 170, 150, 130, 110, 90, 70, 70, 70, 70, 70, 70, 70, 70, 70] [130, 130, 130, 130, 130, 130, 130, 150, 170, 190, 210, 230, 250, 270, 290] [224, 374] 15 1
[210, 190, 170, 150, 130, 110, 90, 70, 70, 70, 70, 70, 70, 70, 70] [130, 130, 130, 130, 130, 130, 130, 130, 150, 170, 190, 210, 230, 250, 270] [224, 374] 15 1
[230, 210, 190, 170, 150, 130, 110, 90, 70, 70, 70, 70, 70, 70, 70] [130, 130, 130, 130, 130, 130, 130, 130, 130, 150, 170, 190, 210, 230, 250] [224, 374] 15 1
[230, 230, 210, 190, 170, 150, 130, 110, 90, 70, 70, 70, 70, 70, 70] [150, 130, 130, 130, 130, 130, 130, 130, 130, 130, 150, 170, 190, 210, 230] [224, 374] 15 0
[230, 230, 230, 210, 190, 170, 150, 130, 110, 90, 70, 70, 70, 70, 70] [170, 150, 130, 130, 130, 130, 130, 130, 130, 130, 130, 150, 170, 190, 210] [224, 374] 15 0
[230, 230, 230, 230, 210, 190, 170, 150, 130, 110, 90, 70, 70, 70, 70] [190, 170, 150, 130, 130, 130, 130, 130, 130, 130, 130, 130, 150, 170, 190] [224, 374] 15 0
[230, 230, 230, 230, 230, 210, 190, 170, 150, 130, 110, 90, 70, 70, 70] [210, 190, 170, 150, 130, 130, 130, 130, 130, 130, 130, 130, 130, 150, 170] [224, 374] 15 0
[230, 230, 230, 230, 230, 230, 210, 190, 170, 150, 130, 110, 90, 70, 70] [230, 210, 190, 170, 150, 130, 130, 130, 130, 130, 130, 130, 130, 130, 150] [224, 374] 15 0
[230, 230, 230, 230, 230, 230, 230, 210, 190, 170, 150, 130, 110, 90, 70] [250, 230, 210, 190, 170, 150, 130, 130, 130, 130, 130, 130, 130, 130, 130] [224, 374] 15 0
[230, 230, 230, 230, 230, 230, 230, 230, 210, 190, 170, 150, 130, 110, 90] [270, 250, 230, 210, 190, 170, 150, 130, 130, 130, 130, 130, 130, 130, 130] [224, 374] 15 0
[230, 230, 230, 230, 230, 230, 230, 230, 230, 210, 190, 170, 150, 130, 110] [290, 270, 250, 230, 210, 190, 170, 150, 130, 130, 130, 130, 130, 130, 130] [224, 374] 15 0
[230, 230, 230, 230, 230, 230, 230, 230, 230, 230, 210, 190, 170, 150, 130] [310, 290, 270, 250, 230, 210, 190, 170, 150, 130, 130, 130, 130, 130, 130] [224, 374] 15 0
[230, 230, 230, 230, 230, 230, 230, 230, 230, 230, 230, 210, 190, 170, 150] [330, 310, 290, 270, 250, 230, 210, 190, 170, 150, 130, 130, 130, 130, 130] [224, 374] 15 0
[230, 230, 230, 230, 230, 230, 230, 230, 230, 230, 230, 230, 210, 190, 170] [350, 330, 310, 290, 270, 250, 230, 210, 190, 170, 150, 130, 130, 130, 130] [224, 374] 15 0
[230, 230, 230, 230, 230, 230, 230, 230, 230, 230, 230, 230, 230, 210, 190] [370, 350, 330, 310, 290, 270, 250, 230, 210, 190, 170, 150, 130, 130, 130] [224, 374] 15 0
[230, 230, 230, 230, 230, 230, 230, 230, 230, 230, 230, 230, 230, 230, 210, 190] [390, 370, 350, 330, 310, 290, 270, 250, 230, 210, 190, 170, 150, 130, 130, 130] [373, 111] 16 0
[250, 230, 230, 230, 230, 230, 230, 230, 230, 230, 230, 230, 230, 230, 230, 210] [390, 390, 370, 350, 330, 310, 290, 270, 250, 230, 210, 190, 170, 150, 130, 130] [373, 111] 16 1
[270, 250, 230, 230, 230, 230, 230, 230, 230, 230, 230, 230, 230, 230, 230, 230] [390, 390, 390, 370, 350, 330, 310, 290, 270, 250, 230, 210, 190, 170, 150, 130] [373, 111] 16 1
[290, 270, 250, 230, 230, 230, 230, 230, 230, 230, 230, 230, 230, 230, 230, 230] [390, 390, 390, 390, 370, 350, 330, 310, 290, 270, 250, 230, 210, 190, 170, 150] [373, 111] 16 1
[310, 290, 270, 250, 230, 230, 230, 230, 230, 230, 230, 230, 230, 230, 230, 230] [390, 390, 390, 390, 390, 370, 350, 330, 310, 290, 270, 250, 230, 210, 190, 170] [373, 111] 16 1
[330, 310, 290, 270, 250, 230, 230, 230, 230, 230, 230, 230, 230, 230, 230, 230] [390, 390, 390, 390, 390, 390, 370, 350, 330, 310, 290, 270, 250, 230, 210, 190] [373, 111] 16 1
[350, 330, 310, 290, 270, 250, 230, 230, 230, 230, 230, 230, 230, 230, 230, 230] [390, 390, 390, 390, 390, 390, 390, 370, 350, 330, 310, 290, 270, 250, 230, 210] [373, 111] 16 1
[350, 350, 330, 310, 290, 270, 250, 230, 230, 230, 230, 230, 230, 230, 230, 230] [370, 390, 390, 390, 390, 390, 390, 390, 370, 350, 330, 310, 290, 270, 250, 230] [373, 111] 16 2
[350, 350, 350, 330, 310, 290, 270, 250, 230, 230, 230, 230, 230, 230, 230, 230] [350, 370, 390, 390, 390, 390, 390, 390, 390, 370, 350, 330, 310, 290, 270, 250] [373, 111] 16 2
[350, 350, 350, 350, 330, 310, 290, 270, 250, 230, 230, 230, 230, 230, 230, 230] [330, 350, 370, 390, 390, 390, 390, 390, 390, 390, 370, 350, 330, 310, 290, 270] [373, 111] 16 2
[350, 350, 350, 350, 350, 330, 310, 290, 270, 250, 230, 230, 230, 230, 230, 230] [310, 330, 350, 370, 390, 390, 390, 390, 390, 390, 390, 370, 350, 330, 310, 290] [373, 111] 16 2
[350, 350, 350, 350, 350, 350, 330, 310, 290, 270, 250, 230, 230, 230, 230, 230] [290, 310, 330, 350, 370, 390, 390, 390, 390, 390, 390, 390, 370, 350, 330, 310] [373, 111] 16 2
[350, 350, 350, 350, 350, 350, 350, 330, 310, 290, 270, 250, 230, 230, 230, 230] [270, 290, 310, 330, 350, 370, 390, 390, 390, 390, 390, 390, 390, 370, 350, 330] [373, 111] 16 2
[350, 350, 350, 350, 350, 350, 350, 350, 330, 310, 290, 270, 250, 230, 230, 230] [250, 270, 290, 310, 330, 350, 370, 390, 390, 390, 390, 390, 390, 390, 370, 350] [373, 111] 16 2
[350, 350, 350, 350, 350, 350, 350, 350, 350, 330, 310, 290, 270, 250, 230, 230] [230, 250, 270, 290, 310, 330, 350, 370, 390, 390, 390, 390, 390, 390, 390, 370] [373, 111] 16 2
[350, 350, 350, 350, 350, 350, 350, 350, 350, 350, 330, 310, 290, 270, 250, 230] [210, 230, 250, 270, 290, 310, 330, 350, 370, 390, 390, 390, 390, 390, 390, 390] [373, 111] 16 2
[350, 350, 350, 350, 350, 350, 350, 350, 350, 350, 350, 330, 310, 290, 270, 250] [190, 210, 230, 250, 270, 290, 310, 330, 350, 370, 390, 390, 390, 390, 390, 390] [373, 111] 16 2
[350, 350, 350, 350, 350, 350, 350, 350, 350, 350, 350, 350, 330, 310, 290, 270] [170, 190, 210, 230, 250, 270, 290, 310, 330, 350, 370, 390, 390, 390, 390, 390] [373, 111] 16 2
[350, 350, 350, 350, 350, 350, 350, 350, 350, 350, 350, 350, 350, 330, 310, 290] [150, 170, 190, 210, 230, 250, 270, 290, 310, 330, 350, 370, 390, 390, 390, 390] [373, 111] 16 2
[350, 350, 350, 350, 350, 350, 350, 350, 350, 350, 350, 350, 350, 350, 330, 310] [130, 150, 170, 190, 210, 230, 250, 270, 290, 310, 330, 350, 370, 390, 390, 390] [373, 111] 16 2
[350, 350, 350, 350, 350, 350, 350, 350, 350, 350, 350, 350, 350, 350, 350, 330] [110, 130, 150, 170, 190, 210, 230, 250, 270, 290, 310, 330, 350, 370, 390, 390] [373, 111] 16 2
[370, 350, 350, 350, 350, 350, 350, 350, 350, 350, 350, 350, 350, 350, 350, 350] [110, 110, 130, 150, 170, 190, 210, 230, 250, 270, 290, 310, 330, 350, 370, 390] [373, 111] 16 1
[390, 370, 350, 350, 350, 350, 350, 350, 350, 350, 350, 350, 350, 350, 350, 350, 350] [110, 110, 110, 130, 150, 170, 190, 210, 230, 250, 270, 290, 310, 330, 350, 370, 390] [89, 516] 17 1
[390, 390, 370, 350, 350, 350, 350, 350, 350, 350, 350, 350, 350, 350, 350, 350, 350] [130, 110, 110, 110, 130, 150, 170, 190, 210, 230, 250, 270, 290, 310, 330, 350, 370] [89, 516] 17 0
[390, 390, 390, 370, 350, 350, 350, 350, 350, 350, 350, 350, 350, 350, 350, 350, 350] [150, 130, 110, 110, 110, 130, 150, 170, 190, 210, 230, 250, 270, 290, 310, 330, 350] [89, 516] 17 0
[390, 390, 390, 390, 370, 350, 350, 350, 350, 350, 350, 350, 350, 350, 350, 350, 350] [170, 150, 130, 110, 110, 110, 130, 150, 170, 190, 210, 230, 250, 270, 290, 310, 330] [89, 516] 17 0
[390, 390, 390, 390, 390, 370, 350, 350, 350, 350, 350, 350, 350, 350, 350, 350, 350] [190, 170, 150, 130, 110, 110, 110, 130, 150, 170, 190, 210, 230, 250, 270, 290, 310] [89, 516] 17 0
[390, 390, 390, 390, 390, 390, 370, 350, 350, 350, 350, 350, 350, 350, 350, 350, 350] [210, 190, 170, 150, 130, 110, 110, 110, 130, 150, 170, 190, 210, 230, 250, 270, 290] [89, 516] 17 0
[390, 390, 390, 390, 390, 390, 390, 370, 350, 350, 350, 350, 350, 350, 350, 350, 350] [230, 210, 190, 170, 150, 130, 110, 110, 110, 130, 150, 170, 190, 210, 230, 250, 270] [89, 516] 17 0
[390, 390, 390, 390, 390, 390, 390, 390, 370, 350, 350, 350, 350, 350, 350, 350, 350] [250, 230, 210, 190, 170, 150, 130, 110, 110, 110, 130, 150, 170, 190, 210, 230, 250] [89, 516] 17 0
[390, 390, 390, 390, 390, 390, 390, 390, 390, 370, 350, 350, 350, 350, 350, 350, 350] [270, 250, 230, 210, 190, 170, 150, 130, 110, 110, 110, 130, 150, 170, 190, 210, 230] [89, 516] 17 0
[390, 390, 390, 390, 390, 390, 390, 390, 390, 390, 370, 350, 350, 350, 350, 350, 350] [290, 270, 250, 230, 210, 190, 170, 150, 130, 110, 110, 110, 130, 150, 170, 190, 210] [89, 516] 17 0
[390, 390, 390, 390, 390, 390, 390, 390, 390, 390, 390, 370, 350, 350, 350, 350, 350] [310, 290, 270, 250, 230, 210, 190, 170, 150, 130, 110, 110, 110, 130, 150, 170, 190] [89, 516] 17 0
[390, 390, 390, 390, 390, 390, 390, 390, 390, 390, 390, 390, 370, 350, 350, 350, 350] [330, 310, 290, 270, 250, 230, 210, 190, 170, 150, 130, 110, 110, 110, 130, 150, 170] [89, 516] 17 0
[390, 390, 390, 390, 390, 390, 390, 390, 390, 390, 390, 390, 390, 370, 350, 350, 350] [350, 330, 310, 290, 270, 250, 230, 210, 190, 170, 150, 130, 110, 110, 110, 130, 150] [89, 516] 17 0
[390, 390, 390, 390, 390, 390, 390, 390, 390, 390, 390, 390, 390, 390, 370, 350, 350] [370, 350, 330, 310, 290, 270, 250, 230, 210, 190, 170, 150, 130, 110, 110, 110, 130] [89, 516] 17 0
[390, 390, 390, 390, 390, 390, 390, 390, 390, 390, 390, 390, 390, 390, 390, 370, 350] [390, 370, 350, 330, 310, 290, 270, 250, 230, 210, 190, 170, 150, 130, 110, 110, 110] [89, 516] 17 0
[390, 390, 390, 390, 390, 390, 390, 390, 390, 390, 390, 390, 390, 390, 390, 390, 370] [410, 390, 370, 350, 330, 310, 290, 270, 250, 230, 210, 190, 170, 150, 130, 110, 110] [89, 516] 17 0
[390, 390, 390, 390, 390, 390, 390, 390, 390, 390, 390, 390, 390, 390, 390, 390, 390] [430, 410, 390, 370, 350, 330, 310, 290, 270, 250, 230, 210, 190, 170, 150, 130, 110] [89, 516] 17 0
[390, 390, 390, 390, 390, 390, 390, 390, 390, 390, 390, 390, 390, 390, 390, 390, 390] [450, 430, 410, 390, 370, 350, 330, 310, 290, 270, 250, 230, 210, 190, 170, 150, 130] [89, 516] 17 0
[390, 390, 390, 390, 390, 390, 390, 390, 390, 390, 390, 390, 390, 390, 390, 390, 390] [470, 450, 430, 410, 390, 370, 350, 330, 310, 290, 270, 250, 230, 210, 190, 170, 150] [89, 516] 17 0
[390, 390, 390, 390, 390, 390, 390, 390, 390, 390, 390, 390, 390, 390, 390, 390, 390] [490, 470, 450, 430, 410, 390, 370, 350, 330, 310, 290, 270, 250, 230, 210, 190, 170] [89, 516] 17 0
[390, 390, 390, 390, 390, 390, 390, 390, 390, 390, 390, 390, 390, 390, 390, 390, 390] [510, 490, 470, 450, 430, 410, 390, 370, 350, 330, 310, 290, 270, 250, 230, 210, 190] [89, 516] 17 0
[370, 390, 390, 390, 390, 390, 390, 390, 390, 390, 390, 390, 390, 390, 390, 390, 390] [510, 510, 490, 470, 450, 430, 410, 390, 370, 350, 330, 310, 290, 270, 250, 230, 210] [89, 516] 17 3
[350, 370, 390, 390, 390, 390, 390, 390, 390, 390, 390, 390, 390, 390, 390, 390, 390] [510, 510, 510, 490, 470, 450, 430, 410, 390, 370, 350, 330, 310, 290, 270, 250, 230] [89, 516] 17 3
[330, 350, 370, 390, 390, 390, 390, 390, 390, 390, 390, 390, 390, 390, 390, 390, 390] [510, 510, 510, 510, 490, 470, 450, 430, 410, 390, 370, 350, 330, 310, 290, 270, 250] [89, 516] 17 3
[310, 330, 350, 370, 390, 390, 390, 390, 390, 390, 390, 390, 390, 390, 390, 390, 390] [510, 510, 510, 510, 510, 490, 470, 450, 430, 410, 390, 370, 350, 330, 310, 290, 270] [89, 516] 17 3
[290, 310, 330, 350, 370, 390, 390, 390, 390, 390, 390, 390, 390, 390, 390, 390, 390] [510, 510, 510, 510, 510, 510, 490, 470, 450, 430, 410, 390, 370, 350, 330, 310, 290] [89, 516] 17 3
[270, 290, 310, 330, 350, 370, 390, 390, 390, 390, 390, 390, 390, 390, 390, 390, 390] [510, 510, 510, 510, 510, 510, 510, 490, 470, 450, 430, 410, 390, 370, 350, 330, 310] [89, 516] 17 3
[250, 270, 290, 310, 330, 350, 370, 390, 390, 390, 390, 390, 390, 390, 390, 390, 390] [510, 510, 510, 510, 510, 510, 510, 510, 490, 470, 450, 430, 410, 390, 370, 350, 330] [89, 516] 17 3
[230, 250, 270, 290, 310, 330, 350, 370, 390, 390, 390, 390, 390, 390, 390, 390, 390] [510, 510, 510, 510, 510, 510, 510, 510, 510, 490, 470, 450, 430, 410, 390, 370, 350] [89, 516] 17 3
[210, 230, 250, 270, 290, 310, 330, 350, 370, 390, 390, 390, 390, 390, 390, 390, 390] [510, 510, 510, 510, 510, 510, 510, 510, 510, 510, 490, 470, 450, 430, 410, 390, 370] [89, 516] 17 3
[190, 210, 230, 250, 270, 290, 310, 330, 350, 370, 390, 390, 390, 390, 390, 390, 390] [510, 510, 510, 510, 510, 510, 510, 510, 510, 510, 510, 490, 470, 450, 430, 410, 390] [89, 516] 17 3
[170, 190, 210, 230, 250, 270, 290, 310, 330, 350, 370, 390, 390, 390, 390, 390, 390] [510, 510, 510, 510, 510, 510, 510, 510, 510, 510, 510, 510, 490, 470, 450, 430, 410] [89, 516] 17 3
[150, 170, 190, 210, 230, 250, 270, 290, 310, 330, 350, 370, 390, 390, 390, 390, 390] [510, 510, 510, 510, 510, 510, 510, 510, 510, 510, 510, 510, 510, 490, 470, 450, 430] [89, 516] 17 3
[130, 150, 170, 190, 210, 230, 250, 270, 290, 310, 330, 350, 370, 390, 390, 390, 390] [510, 510, 510, 510, 510, 510, 510, 510, 510, 510, 510, 510, 510, 510, 490, 470, 450] [89, 516] 17 3
[110, 130, 150, 170, 190, 210, 230, 250, 270, 290, 310, 330, 350, 370, 390, 390, 390] [510, 510, 510, 510, 510, 510, 510, 510, 510, 510, 510, 510, 510, 510, 510, 490, 470] [89, 516] 17 3
[90, 110, 130, 150, 170, 190, 210, 230, 250, 270, 290, 310, 330, 350, 370, 390, 390] [510, 510, 510, 510, 510, 510, 510, 510, 510, 510, 510, 510, 510, 510, 510, 510, 490] [89, 516] 17 3
