[290, 290, 290, 290, 290] [290, 270, 250, 230, 210] [465, 494] 5 0
[310, 290, 290, 290, 290] [290, 290, 270, 250, 230] [465, 494] 5 1
[330, 310, 290, 290, 290] [290, 290, 290, 270, 250] [465, 494] 5 1
[350, 330, 310, 290, 290] [290, 290, 290, 290, 270] [465, 494] 5 1
[370, 350, 330, 310, 290] [290, 290, 290, 290, 290] [465, 494] 5 1
[390, 370, 350, 330, 310] [290, 290, 290, 290, 290] [465, 494] 5 1
[410, 390, 370, 350, 330] [290, 290, 290, 290, 290] [465, 494] 5 1
[430, 410, 390, 370, 350] [290, 290, 290, 290, 290] [465, 494] 5 1
[450, 430, 410, 390, 370] [290, 290, 290, 290, 290] [465, 494] 5 1
[470, 450, 430, 410, 390] [290, 290, 290, 290, 290] [465, 494] 5 1
[470, 470, 450, 430, 410] [310, 290, 290, 290, 290] [465, 494] 5 0
[470, 470, 470, 450, 430] [330, 310, 290, 290, 290] [465, 494] 5 0
[470, 470, 470, 470, 450] [350, 330, 310, 290, 290] [465, 494] 5 0
[470, 470, 470, 470, 470] [370, 350, 330, 310, 290] [465, 494] 5 0
[470, 470, 470, 470, 470] [390, 370, 350, 330, 310] [465, 494] 5 0
[470, 470, 470, 470, 470] [410, 390, 370, 350, 330] [465, 494] 5 0
[470, 470, 470, 470, 470] [430, 410, 390, 370, 350] [465, 494] 5 0
[470, 470, 470, 470, 470] [450, 430, 410, 390, 370] [465, 494] 5 0
[470, 470, 470, 470, 470] [470, 450, 430, 410, 390] [465, 494] 5 0
[470, 470, 470, 470, 470] [490, 470, 450, 430, 410] [465, 494] 5 0
[450, 470, 470, 470, 470, 470] [490, 490, 470, 450, 430, 410] [512, 277] 6 3
[430, 450, 470, 470, 470, 470] [490, 490, 490, 470, 450, 430] [512, 277] 6 3
[410, 430, 450, 470, 470, 470] [490, 490, 490, 490, 470, 450] [512, 277] 6 3
[410, 410, 430, 450, 470, 470] [470, 490, 490, 490, 490, 470] [512, 277] 6 2
[410, 410, 410, 430, 450, 470] [450, 470, 490, 490, 490, 490] [512, 277] 6 2
[410, 410, 410, 410, 430, 450] [430, 450, 470, 490, 490, 490] [512, 277] 6 2
[410, 410, 410, 410, 410, 430] [410, 430, 450, 470, 490, 490] [512, 277] 6 2
[410, 410, 410, 410, 410, 410] [390, 410, 430, 450, 470, 490] [512, 277] 6 2
[410, 410, 410, 410, 410, 410] [370, 390, 410, 430, 450, 470] [512, 277] 6 2
[410, 410, 410, 410, 410, 410] [350, 370, 390, 410, 430, 450] [512, 277] 6 2
[410, 410, 410, 410, 410, 410] [330, 350, 370, 390, 410, 430] [512, 277] 6 2
[410, 410, 410, 410, 410, 410] [310, 330, 350, 370, 390, 410] [512, 277] 6 2
[410, 410, 410, 410, 410, 410] [290, 310, 330, 350, 370, 390] [512, 277] 6 2
[410, 410, 410, 410, 410, 410] [270, 290, 310, 330, 350, 370] [512, 277] 6 2
[430, 410, 410, 410, 410, 410] [270, 270, 290, 310, 330, 350] [512, 277] 6 1
[450, 430, 410, 410, 410, 410] [270, 270, 270, 290, 310, 330] [512, 277] 6 1
[470, 450, 430, 410, 410, 410] [270, 270, 270, 270, 290, 310] [512, 277] 6 1
[490, 470, 450, 430, 410, 410] [270, 270, 270, 270, 270, 290] [512, 277] 6 1
[510, 490, 470, 450, 430, 410] [270, 270, 270, 270, 270, 270] [512, 277] 6 1
[510, 510, 490, 470, 450, 430, 410] [290, 270, 270, 270, 270, 270, 270] [118, 49] 7 0
[510, 510, 510, 490, 470, 450, 430] [310, 290, 270, 270, 270, 270, 270] [118, 49] 7 0
[490, 510, 510, 510, 490, 470, 450] [310, 310, 290, 270, 270, 270, 270] [118, 49] 7 3
[470, 490, 510, 510, 510, 490, 470] [310, 310, 310, 290, 270, 270, 270] [118, 49] 7 3
[450, 470, 490, 510, 510, 510, 490] [310, 310, 310, 310, 290, 270, 270] [118, 49] 7 3
[430, 450, 470, 490, 510, 510, 510] [310, 310, 310, 310, 310, 290, 270] [118, 49] 7 3
[410, 430, 450, 470, 490, 510, 510] [310, 310, 310, 310, 310, 310, 290] [118, 49] 7 3
[390, 410, 430, 450, 470, 490, 510] [310, 310, 310, 310, 310, 310, 310] [118, 49] 7 3
[370, 390, 410, 430, 450, 470, 490] [310, 310, 310, 310, 310, 310, 310] [118, 49] 7 3
[350, 370, 390, 410, 430, 450, 470] [310, 310, 310, 310, 310, 310, 310] [118, 49] 7 3
[330, 350, 370, 390, 410, 430, 450] [310, 310, 310, 310, 310, 310, 310] [118, 49] 7 3
[310, 330, 350, 370, 390, 410, 430] [310, 310, 310, 310, 310, 310, 310] [118, 49] 7 3
[290, 310, 330, 350, 370, 390, 410] [310, 310, 310, 310, 310, 310, 310] [118, 49] 7 3
[270, 290, 310, 330, 350, 370, 390] [310, 310, 310, 310, 310, 310, 310] [118, 49] 7 3
[250, 270, 290, 310, 330, 350, 370] [310, 310, 310, 310, 310, 310, 310] [118, 49] 7 3
[230, 250, 270, 290, 310, 330, 350] [310, 310, 310, 310, 310, 310, 310] [118, 49] 7 3
[210, 230, 250, 270, 290, 310, 330] [310, 310, 310, 310, 310, 310, 310] [118, 49] 7 3
[190, 210, 230, 250, 270, 290, 310] [310, 310, 310, 310, 310, 310, 310] [118, 49] 7 3
[170, 190, 210, 230, 250, 270, 290] [310, 310, 310, 310, 310, 310, 310] [118, 49] 7 3
[150, 170, 190, 210, 230, 250, 270] [310, 310, 310, 310, 310, 310, 310] [118, 49] 7 3
[130, 150, 170, 190, 210, 230, 250] [310, 310, 310, 310, 310, 310, 310] [118, 49] 7 3
[110, 130, 150, 170, 190, 210, 230] [310, 310, 310, 310, 310, 310, 310] [118, 49] 7 3
[90, 110, 130, 150, 170, 190, 210] [310, 310, 310, 310, 310, 310, 310] [118, 49] 7 3
[70, 90, 110, 130, 150, 170, 190] [310, 310, 310, 310, 310, 310, 310] [118, 49] 7 3
[50, 70, 90, 110, 130, 150, 170] [310, 310, 310, 310, 310, 310, 310] [118, 49] 7 3
[30, 50, 70, 90, 110, 130, 150] [310, 310, 310, 310, 310, 310, 310] [118, 49] 7 3
[10, 30, 50, 70, 90, 110, 130] [310, 310, 310, 310, 310, 310, 310] [118, 49] 7 3
[10, 10, 30, 50, 70, 90, 110] [290, 310, 310, 310, 310, 310, 310] [118, 49] 7 2
[10, 10, 10, 30, 50, 70, 90] [270, 290, 310, 310, 310, 310, 310] [118, 49] 7 2
[10, 10, 10, 10, 30, 50, 70] [250, 270, 290, 310, 310, 310, 310] [118, 49] 7 2
[10, 10, 10, 10, 10, 30, 50] [230, 250, 270, 290, 310, 310, 310] [118, 49] 7 2
[10, 10, 10, 10, 10, 10, 30] [210, 230, 250, 270, 290, 310, 310] [118, 49] 7 2
[10, 10, 10, 10, 10, 10, 10] [190, 210, 230, 250, 270, 290, 310] [118, 49] 7 2
[10, 10, 10, 10, 10, 10, 10] [170, 190, 210, 230, 250, 270, 290] [118, 49] 7 2
[10, 10, 10, 10, 10, 10, 10] [150, 170, 190, 210, 230, 250, 270] [118, 49] 7 2
[10, 10, 10, 10, 10, 10, 10] [130, 150, 170, 190, 210, 230, 250] [118, 49] 7 2
[10, 10, 10, 10, 10, 10, 10] [110, 130, 150, 170, 190, 210, 230] [118, 49] 7 2
[10, 10, 10, 10, 10, 10, 10] [90, 110, 130, 150, 170, 190, 210] [118, 49] 7 2
[10, 10, 10, 10, 10, 10, 10] [70, 90, 110, 130, 150, 170, 190] [118, 49] 7 2
[10, 10, 10, 10, 10, 10, 10] [50, 70, 90, 110, 130, 150, 170] [118, 49] 7 2
[10, 10, 10, 10, 10, 10, 10] [30, 50, 70, 90, 110, 130, 150] [118, 49] 7 2
[10, 10, 10, 10, 10, 10, 10] [10, 30, 50, 70, 90, 110, 130] [118, 49] 7 2
[30, 10, 10, 10, 10, 10, 10] [10, 10, 30, 50, 70, 90, 110] [118, 49] 7 1
[50, 30, 10, 10, 10, 10, 10] [10, 10, 10, 30, 50, 70, 90] [118, 49] 7 1
[70, 50, 30, 10, 10, 10, 10] [10, 10, 10, 10, 30, 50, 70] [118, 49] 7 1
[90, 70, 50, 30, 10, 10, 10] [10, 10, 10, 10, 10, 30, 50] [118, 49] 7 1
[110, 90, 70, 50, 30, 10, 10] [10, 10, 10, 10, 10, 10, 30] [118, 49] 7 1
[110, 110, 90, 70, 50, 30, 10] [30, 10, 10, 10, 10, 10, 10] [118, 49] 7 0
[110, 110, 110, 90, 70, 50, 30, 10] [50, 30, 10, 10, 10, 10, 10, 10] [62, 126] 8 0
[110, 110, 110, 110, 90, 70, 50, 30] [70, 50, 30, 10, 10, 10, 10, 10] [62, 126] 8 0
[110, 110, 110, 110, 110, 90, 70, 50] [90, 70, 50, 30, 10, 10, 10, 10] [62, 126] 8 0
[110, 110, 110, 110, 110, 110, 90, 70] [110, 90, 70, 50, 30, 10, 10, 10] [62, 126] 8 0
[110, 110, 110, 110, 110, 110, 110, 90] [130, 110, 90, 70, 50, 30, 10, 10] [62, 126] 8 0
[90, 110, 110, 110, 110, 110, 110, 110] [130, 130, 110, 90, 70, 50, 30, 10] [62, 126] 8 3
[70, 90, 110, 110, 110, 110, 110, 110] [130, 130, 130, 110, 90, 70, 50, 30] [62, 126] 8 3
[50, 70, 90, 110, 110, 110, 110, 110, 110] [130, 130, 130, 130, 110, 90, 70, 50, 30] [203, 429] 9 3
[50, 50, 70, 90, 110, 110, 110, 110, 110] [150, 130, 130, 130, 130, 110, 90, 70, 50] [203, 429] 9 0
[50, 50, 50, 70, 90, 110, 110, 110, 110] [170, 150, 130, 130, 130, 130, 110, 90, 70] [203, 429] 9 0
[50, 50, 50, 50, 70, 90, 110, 110, 110] [190, 170, 150, 130, 130, 130, 130, 110, 90] [203, 429] 9 0
[50, 50, 50, 50, 50, 70, 90, 110, 110] [210, 190, 170, 150, 130, 130, 130, 130, 110] [203, 429] 9 0
[50, 50, 50, 50, 50, 50, 70, 90, 110] [230, 210, 190, 170, 150, 130, 130, 130, 130] [203, 429] 9 0
[50, 50, 50, 50, 50, 50, 50, 70, 90] [250, 230, 210, 190, 170, 150, 130, 130, 130] [203, 429] 9 0
[50, 50, 50, 50, 50, 50, 50, 50, 70] [270, 250, 230, 210, 190, 170, 150, 130, 130] [203, 429] 9 0
[50, 50, 50, 50, 50, 50, 50, 50, 50] [290, 270, 250, 230, 210, 190, 170, 150, 130] [203, 429] 9 0
[50, 50, 50, 50, 50, 50, 50, 50, 50] [310, 290, 270, 250, 230, 210, 190, 170, 150] [203, 429] 9 0
[50, 50, 50, 50, 50, 50, 50, 50, 50] [330, 310, 290, 270, 250, 230, 210, 190, 170] [203, 429] 9 0
[50, 50, 50, 50, 50, 50, 50, 50, 50] [350, 330, 310, 290, 270, 250, 230, 210, 190] [203, 429] 9 0
[50, 50, 50, 50, 50, 50, 50, 50, 50] [370, 350, 330, 310, 290, 270, 250, 230, 210] [203, 429] 9 0
[50, 50, 50, 50, 50, 50, 50, 50, 50] [390, 370, 350, 330, 310, 290, 270, 250, 230] [203, 429] 9 0
[50, 50, 50, 50, 50, 50, 50, 50, 50] [410, 390, 370, 350, 330, 310, 290, 270, 250] [203, 429] 9 0
[50, 50, 50, 50, 50, 50, 50, 50, 50] [430, 410, 390, 370, 350, 330, 310, 290, 270] [203, 429] 9 0
[50, 50, 50, 50, 50, 50, 50, 50, 50] [450, 430, 410, 390, 370, 350, 330, 310, 290] [203, 429] 9 0
[70, 50, 50, 50, 50, 50, 50, 50, 50] [450, 450, 430, 410, 390, 370, 350, 330, 310] [203, 429] 9 1
[90, 70, 50, 50, 50, 50, 50, 50, 50] [450, 450, 450, 430, 410, 390, 370, 350, 330] [203, 429] 9 1
[110, 90, 70, 50, 50, 50, 50, 50, 50] [450, 450, 450, 450, 430, 410, 390, 370, 350] [203, 429] 9 1
[130, 110, 90, 70, 50, 50, 50, 50, 50] [450, 450, 450, 450, 450, 430, 410, 390, 370] [203, 429] 9 1
[150, 130, 110, 90, 70, 50, 50, 50, 50] [450, 450, 450, 450, 450, 450, 430, 410, 390] [203, 429] 9 1
[170, 150, 130, 110, 90, 70, 50, 50, 50] [450, 450, 450, 450, 450, 450, 450, 430, 410] [203, 429] 9 1
[190, 170, 150, 130, 110, 90, 70, 50, 50] [450, 450, 450, 450, 450, 450, 450, 450, 430] [203, 429] 9 1
[190, 190, 170, 150, 130, 110, 90, 70, 50] [430, 450, 450, 450, 450, 450, 450, 450, 450] [203, 429] 9 2
[190, 190, 190, 170, 150, 130, 110, 90, 70, 50] [410, 430, 450, 450, 450, 450, 450, 450, 450, 450] [431, 445] 10 2
[210, 190, 190, 190, 170, 150, 130, 110, 90, 70] [410, 410, 430, 450, 450, 450, 450, 450, 450, 450] [431, 445] 10 1
[230, 210, 190, 190, 190, 170, 150, 130, 110, 90] [410, 410, 410, 430, 450, 450, 450, 450, 450, 450] [431, 445] 10 1
[250, 230, 210, 190, 190, 190, 170, 150, 130, 110] [410, 410, 410, 410, 430, 450, 450, 450, 450, 450] [431, 445] 10 1
[270, 250, 230, 210, 190, 190, 190, 170, 150, 130] [410, 410, 410, 410, 410, 430, 450, 450, 450, 450] [431, 445] 10 1
[290, 270, 250, 230, 210, 190, 190, 190, 170, 150] [410, 410, 410, 410, 410, 410, 430, 450, 450, 450] [431, 445] 10 1
[310, 290, 270, 250, 230, 210, 190, 190, 190, 170] [410, 410, 410, 410, 410, 410, 410, 430, 450, 450] [431, 445] 10 1
[330, 310, 290, 270, 250, 230, 210, 190, 190, 190] [410, 410, 410, 410, 410, 410, 410, 410, 430, 450] [431, 445] 10 1
[350, 330, 310, 290, 270, 250, 230, 210, 190, 190] [410, 410, 410, 410, 410, 410, 410, 410, 410, 430] [431, 445] 10 1
[370, 350, 330, 310, 290, 270, 250, 230, 210, 190] [410, 410, 410, 410, 410, 410, 410, 410, 410, 410] [431, 445] 10 1
[390, 370, 350, 330, 310, 290, 270, 250, 230, 210] [410, 410, 410, 410, 410, 410, 410, 410, 410, 410] [431, 445] 10 1
[410, 390, 370, 350, 330, 310, 290, 270, 250, 230] [410, 410, 410, 410, 410, 410, 410, 410, 410, 410] [431, 445] 10 1
[430, 410, 390, 370, 350, 330, 310, 290, 270, 250] [410, 410, 410, 410, 410, 410, 410, 410, 410, 410] [431, 445] 10 1
[430, 430, 410, 390, 370, 350, 330, 310, 290, 270] [430, 410, 410, 410, 410, 410, 410, 410, 410, 410] [431, 445] 10 0
[430, 430, 430, 410, 390, 370, 350, 330, 310, 290, 270] [450, 430, 410, 410, 410, 410, 410, 410, 410, 410, 410] [321, 65] 11 0
[410, 430, 430, 430, 410, 390, 370, 350, 330, 310, 290] [450, 450, 430, 410, 410, 410, 410, 410, 410, 410, 410] [321, 65] 11 3
[390, 410, 430, 430, 430, 410, 390, 370, 350, 330, 310] [450, 450, 450, 430, 410, 410, 410, 410, 410, 410, 410] [321, 65] 11 3
[370, 390, 410, 430, 430, 430, 410, 390, 370, 350, 330] [450, 450, 450, 450, 430, 410, 410, 410, 410, 410, 410] [321, 65] 11 3
[350, 370, 390, 410, 430, 430, 430, 410, 390, 370, 350] [450, 450, 450, 450, 450, 430, 410, 410, 410, 410, 410] [321, 65] 11 3
[330, 350, 370, 390, 410, 430, 430, 430, 410, 390, 370] [450, 450, 450, 450, 450, 450, 430, 410, 410, 410, 410] [321, 65] 11 3
[330, 330, 350, 370, 390, 410, 430, 430, 430, 410, 390] [430, 450, 450, 450, 450, 450, 450, 430, 410, 410, 410] [321, 65] 11 2
[330, 330, 330, 350, 370, 390, 410, 430, 430, 430, 410] [410, 430, 450, 450, 450, 450, 450, 450, 430, 410, 410] [321, 65] 11 2
[330, 330, 330, 330, 350, 370, 390, 410, 430, 430, 430] [390, 410, 430, 450, 450, 450, 450, 450, 450, 430, 410] [321, 65] 11 2
[330, 330, 330, 330, 330, 350, 370, 390, 410, 430, 430] [370, 390, 410, 430, 450, 450, 450, 450, 450, 450, 430] [321, 65] 11 2
[330, 330, 330, 330, 330, 330, 350, 370, 390, 410, 430] [350, 370, 390, 410, 430, 450, 450, 450, 450, 450, 450] [321, 65] 11 2
[330, 330, 330, 330, 330, 330, 330, 350, 370, 390, 410] [330, 350, 370, 390, 410, 430, 450, 450, 450, 450, 450] [321, 65] 11 2
[330, 330, 330, 330, 330, 330, 330, 330, 350, 370, 390] [310, 330, 350, 370, 390, 410, 430, 450, 450, 450, 450] [321, 65] 11 2
[330, 330, 330, 330, 330, 330, 330, 330, 330, 350, 370] [290, 310, 330, 350, 370, 390, 410, 430, 450, 450, 450] [321, 65] 11 2
[330, 330, 330, 330, 330, 330, 330, 330, 330, 330, 350] [270, 290, 310, 330, 350, 370, 390, 410, 430, 450, 450] [321, 65] 11 2
[330, 330, 330, 330, 330, 330, 330, 330, 330, 330, 330] [250, 270, 290, 310, 330, 350, 370, 390, 410, 430, 450] [321, 65] 11 2
[330, 330, 330, 330, 330, 330, 330, 330, 330, 330, 330] [230, 250, 270, 290, 310, 330, 350, 370, 390, 410, 430] [321, 65] 11 2
[330, 330, 330, 330, 330, 330, 330, 330, 330, 330, 330] [210, 230, 250, 270, 290, 310, 330, 350, 370, 390, 410] [321, 65] 11 2
[330, 330, 330, 330, 330, 330, 330, 330, 330, 330, 330] [190, 210, 230, 250, 270, 290, 310, 330, 350, 370, 390] [321, 65] 11 2
[330, 330, 330, 330, 330, 330, 330, 330, 330, 330, 330] [170, 190, 210, 230, 250, 270, 290, 310, 330, 350, 370] [321, 65] 11 2
[330, 330, 330, 330, 330, 330, 330, 330, 330, 330, 330] [150, 170, 190, 210, 230, 250, 270, 290, 310, 330, 350] [321, 65] 11 2
[330, 330, 330, 330, 330, 330, 330, 330, 330, 330, 330] [130, 150, 170, 190, 210, 230, 250, 270, 290, 310, 330] [321, 65] 11 2
[330, 330, 330, 330, 330, 330, 330, 330, 330, 330, 330] [110, 130, 150, 170, 190, 210, 230, 250, 270, 290, 310] [321, 65] 11 2
[330, 330, 330, 330, 330, 330, 330, 330, 330, 330, 330] [90, 110, 130, 150, 170, 190, 210, 230, 250, 270, 290] [321, 65] 11 2
[330, 330, 330, 330, 330, 330, 330, 330, 330, 330, 330] [70, 90, 110, 130, 150, 170, 190, 210, 230, 250, 270] [321, 65] 11 2
[330, 330, 330, 330, 330, 330, 330, 330, 330, 330, 330, 330] [50, 70, 90, 110, 130, 150, 170, 190, 210, 230, 250, 270] [291, 281] 12 2
[310, 330, 330, 330, 330, 330, 330, 330, 330, 330, 330, 330] [50, 50, 70, 90, 110, 130, 150, 170, 190, 210, 230, 250] [291, 281] 12 3
[290, 310, 330, 330, 330, 330, 330, 330, 330, 330, 330, 330] [50, 50, 50, 70, 90, 110, 130, 150, 170, 190, 210, 230] [291, 281] 12 3
[290, 290, 310, 330, 330, 330, 330, 330, 330, 330, 330, 330] [70, 50, 50, 50, 70, 90, 110, 130, 150, 170, 190, 210] [291, 281] 12 0
[290, 290, 290, 310, 330, 330, 330, 330, 330, 330, 330, 330] [90, 70, 50, 50, 50, 70, 90, 110, 130, 150, 170, 190] [291, 281] 12 0
[290, 290, 290, 290, 310, 330, 330, 330, 330, 330, 330, 330] [110, 90, 70, 50, 50, 50, 70, 90, 110, 130, 150, 170] [291, 281] 12 0
[290, 290, 290, 290, 290, 310, 330, 330, 330, 330, 330, 330] [130, 110, 90, 70, 50, 50, 50, 70, 90, 110, 130, 150] [291, 281] 12 0
[290, 290, 290, 290, 290, 290, 310, 330, 330, 330, 330, 330] [150, 130, 110, 90, 70, 50, 50, 50, 70, 90, 110, 130] [291, 281] 12 0
[290, 290, 290, 290, 290, 290, 290, 310, 330, 330, 330, 330] [170, 150, 130, 110, 90, 70, 50, 50, 50, 70, 90, 110] [291, 281] 12 0
[290, 290, 290, 290, 290, 290, 290, 290, 310, 330, 330, 330] [190, 170, 150, 130, 110, 90, 70, 50, 50, 50, 70, 90] [291, 281] 12 0
[290, 290, 290, 290, 290, 290, 290, 290, 290, 310, 330, 330] [210, 190, 170, 150, 130, 110, 90, 70, 50, 50, 50, 70] [291, 281] 12 0
[290, 290, 290, 290, 290, 290, 290, 290, 290, 290, 310, 330] [230, 210, 190, 170, 150, 130, 110, 90, 70, 50, 50, 50] [291, 281] 12 0
[290, 290, 290, 290, 290, 290, 290, 290, 290, 290, 290, 310] [250, 230, 210, 190, 170, 150, 130, 110, 90, 70, 50, 50] [291, 281] 12 0
[290, 290, 290, 290, 290, 290, 290, 290, 290, 290, 290, 290] [270, 250, 230, 210, 190, 170, 150, 130, 110, 90, 70, 50] [291, 281] 12 0
[290, 290, 290, 290, 290, 290, 290, 290, 290, 290, 290, 290, 290] [290, 270, 250, 230, 210, 190, 170, 150, 130, 110, 90, 70, 50] [49, 476] 13 0
[290, 290, 290, 290, 290, 290, 290, 290, 290, 290, 290, 290, 290] [310, 290, 270, 250, 230, 210, 190, 170, 150, 130, 110, 90, 70] [49, 476] 13 0
[290, 290, 290, 290, 290, 290, 290, 290, 290, 290, 290, 290, 290] [330, 310, 290, 270, 250, 230, 210, 190, 170, 150, 130, 110, 90] [49, 476] 13 0
[290, 290, 290, 290, 290, 290, 290, 290, 290, 290, 290, 290, 290] [350, 330, 310, 290, 270, 250, 230, 210, 190, 170, 150, 130, 110] [49, 476] 13 0
[290, 290, 290, 290, 290, 290, 290, 290, 290, 290, 290, 290, 290] [370, 350, 330, 310, 290, 270, 250, 230, 210, 190, 170, 150, 130] [49, 476] 13 0
[290, 290, 290, 290, 290, 290, 290, 290, 290, 290, 290, 290, 290] [390, 370, 350, 330, 310, 290, 270, 250, 230, 210, 190, 170, 150] [49, 476] 13 0
[290, 290, 290, 290, 290, 290, 290, 290, 290, 290, 290, 290, 290] [410, 390, 370, 350, 330, 310, 290, 270, 250, 230, 210, 190, 170] [49, 476] 13 0
[290, 290, 290, 290, 290, 290, 290, 290, 290, 290, 290, 290, 290] [430, 410, 390, 370, 350, 330, 310, 290, 270, 250, 230, 210, 190] [49, 476] 13 0
[290, 290, 290, 290, 290, 290, 290, 290, 290, 290, 290, 290, 290] [450, 430, 410, 390, 370, 350, 330, 310, 290, 270, 250, 230, 210] [49, 476] 13 0
[290, 290, 290, 290, 290, 290, 290, 290, 290, 290, 290, 290, 290] [470, 450, 430, 410, 390, 370, 350, 330, 310, 290, 270, 250, 230] [49, 476] 13 0
[270, 290, 290, 290, 290, 290, 290, 290, 290, 290, 290, 290, 290] [470, 470, 450, 430, 410, 390, 370, 350, 330, 310, 290, 270, 250] [49, 476] 13 3
[250, 270, 290, 290, 290, 290, 290, 290, 290, 290, 290, 290, 290] [470, 470, 470, 450, 430, 410, 390, 370, 350, 330, 310, 290, 270] [49, 476] 13 3
[230, 250, 270, 290, 290, 290, 290, 290, 290, 290, 290, 290, 290] [470, 470, 470, 470, 450, 430, 410, 390, 370, 350, 330, 310, 290] [49, 476] 13 3
[210, 230, 250, 270, 290, 290, 290, 290, 290, 290, 290, 290, 290] [470, 470, 470, 470, 470, 450, 430, 410, 390, 370, 350, 330, 310] [49, 476] 13 3
[190, 210, 230, 250, 270, 290, 290, 290, 290, 290, 290, 290, 290] [470, 470, 470, 470, 470, 470, 450, 430, 410, 390, 370, 350, 330] [49, 476] 13 3
[170, 190, 210, 230, 250, 270, 290, 290, 290, 290, 290, 290, 290] [470, 470, 470, 470, 470, 470, 470, 450, 430, 410, 390, 370, 350] [49, 476] 13 3
[150, 170, 190, 210, 230, 250, 270, 290, 290, 290, 290, 290, 290] [470, 470, 470, 470, 470, 470, 470, 470, 450, 430, 410, 390, 370] [49, 476] 13 3
[130, 150, 170, 190, 210, 230, 250, 270, 290, 290, 290, 290, 290] [470, 470, 470, 470, 470, 470, 470, 470, 470, 450, 430, 410, 390] [49, 476] 13 3
[110, 130, 150, 170, 190, 210, 230, 250, 270, 290, 290, 290, 290] [470, 470, 470, 470, 470, 470, 470, 470, 470, 470, 450, 430, 410] [49, 476] 13 3
[90, 110, 130, 150, 170, 190, 210, 230, 250, 270, 290, 290, 290] [470, 470, 470, 470, 470, 470, 470, 470, 470, 470, 470, 450, 430] [49, 476] 13 3
[70, 90, 110, 130, 150, 170, 190, 210, 230, 250, 270, 290, 290] [470, 470, 470, 470, 470, 470, 470, 470, 470, 470, 470, 470, 450] [49, 476] 13 3
[50, 70, 90, 110, 130, 150, 170, 190, 210, 230, 250, 270, 290] [470, 470, 470, 470, 470, 470, 470, 470, 470, 470, 470, 470, 470] [49, 476] 13 3
[30, 50, 70, 90, 110, 130, 150, 170, 190, 210, 230, 250, 270, 290] [470, 470, 470, 470, 470, 470, 470, 470, 470, 470, 470, 470, 470, 470] [245, 153] 14 3
[30, 30, 50, 70, 90, 110, 130, 150, 170, 190, 210, 230, 250, 270] [450, 470, 470, 470, 470, 470, 470, 470, 470, 470, 470, 470, 470, 470] [245, 153] 14 2
[30, 30, 30, 50, 70, 90, 110, 130, 150, 170, 190, 210, 230, 250] [430, 450, 470, 470, 470, 470, 470, 470, 470, 470, 470, 470, 470, 470] [245, 153] 14 2
[30, 30, 30, 30, 50, 70, 90, 110, 130, 150, 170, 190, 210, 230] [410, 430, 450, 470, 470, 470, 470, 470, 470, 470, 470, 470, 470, 470] [245, 153] 14 2
[30, 30, 30, 30, 30, 50, 70, 90, 110, 130, 150, 170, 190, 210] [390, 410, 430, 450, 470, 470, 470, 470, 470, 470, 470, 470, 470, 470] [245, 153] 14 2
[30, 30, 30, 30, 30, 30, 50, 70, 90, 110, 130, 150, 170, 190] [370, 390, 410, 430, 450, 470, 470, 470, 470, 470, 470, 470, 470, 470] [245, 153] 14 2
[30, 30, 30, 30, 30, 30, 30, 50, 70, 90, 110, 130, 150, 170] [350, 370, 390, 410, 430, 450, 470, 470, 470, 470, 470, 470, 470, 470] [245, 153] 14 2
[30, 30, 30, 30, 30, 30, 30, 30, 50, 70, 90, 110, 130, 150] [330, 350, 370, 390, 410, 430, 450, 470, 470, 470, 470, 470, 470, 470] [245, 153] 14 2
[30, 30, 30, 30, 30, 30, 30, 30, 30, 50, 70, 90, 110, 130] [310, 330, 350, 370, 390, 410, 430, 450, 470, 470, 470, 470, 470, 470] [245, 153] 14 2
[30, 30, 30, 30, 30, 30, 30, 30, 30, 30, 50, 70, 90, 110] [290, 310, 330, 350, 370, 390, 410, 430, 450, 470, 470, 470, 470, 470] [245, 153] 14 2
[30, 30, 30, 30, 30, 30, 30, 30, 30, 30, 30, 50, 70, 90] [270, 290, 310, 330, 350, 370, 390, 410, 430, 450, 470, 470, 470, 470] [245, 153] 14 2
[30, 30, 30, 30, 30, 30, 30, 30, 30, 30, 30, 30, 50, 70] [250, 270, 290, 310, 330, 350, 370, 390, 410, 430, 450, 470, 470, 470] [245, 153] 14 2
[30, 30, 30, 30, 30, 30, 30, 30, 30, 30, 30, 30, 30, 50] [230, 250, 270, 290, 310, 330, 350, 370, 390, 410, 430, 450, 470, 470] [245, 153] 14 2
[30, 30, 30, 30, 30, 30, 30, 30, 30, 30, 30, 30, 30, 30] [210, 230, 250, 270, 290, 310, 330, 350, 370, 390, 410, 430, 450, 470] [245, 153] 14 2
[30, 30, 30, 30, 30, 30, 30, 30, 30, 30, 30, 30, 30, 30] [190, 210, 230, 250, 270, 290, 310, 330, 350, 370, 390, 410, 430, 450] [245, 153] 14 2
[30, 30, 30, 30, 30, 30, 30, 30, 30, 30, 30, 30, 30, 30] [170, 190, 210, 230, 250, 270, 290, 310, 330, 350, 370, 390, 410, 430] [245, 153] 14 2
[30, 30, 30, 30, 30, 30, 30, 30, 30, 30, 30, 30, 30, 30] [150, 170, 190, 210, 230, 250, 270, 290, 310, 330, 350, 370, 390, 410] [245, 153] 14 2
[50, 30, 30, 30, 30, 30, 30, 30, 30, 30, 30, 30, 30, 30] [150, 150, 170, 190, 210, 230, 250, 270, 290, 310, 330, 350, 370, 390] [245, 153] 14 1
[70, 50, 30, 30, 30, 30, 30, 30, 30, 30, 30, 30, 30, 30] [150, 150, 150, 170, 190, 210, 230, 250, 270, 290, 310, 330, 350, 370] [245, 153] 14 1
[90, 70, 50, 30, 30, 30, 30, 30, 30, 30, 30, 30, 30, 30] [150, 150, 150, 150, 170, 190, 210, 230, 250, 270, 290, 310, 330, 350] [245, 153] 14 1
[110, 90, 70, 50, 30, 30, 30, 30, 30, 30, 30, 30, 30, 30] [150, 150, 150, 150, 150, 170, 190, 210, 230, 250, 270, 290, 310, 330] [245, 153] 14 1
[130, 110, 90, 70, 50, 30, 30, 30, 30, 30, 30, 30, 30, 30] [150, 150, 150, 150, 150, 150, 170, 190, 210, 230, 250, 270, 290, 310] [245, 153] 14 1
[150, 130, 110, 90, 70, 50, 30, 30, 30, 30, 30, 30, 30, 30] [150, 150, 150, 150, 150, 150, 150, 170, 190, 210, 230, 250, 270, 290] [245, 153] 14 1
[170, 150, 130, 110, 90, 70, 50, 30, 30, 30, 30, 30, 30, 30] [150, 150, 150, 150, 150, 150, 150, 150, 170, 190, 210, 230, 250, 270] [245, 153] 14 1
[190, 170, 150, 130, 110, 90, 70, 50, 30, 30, 30, 30, 30, 30] [150, 150, 150, 150, 150, 150, 150, 150, 150, 170, 190, 210, 230, 250] [245, 153] 14 1
[210, 190, 170, 150, 130, 110, 90, 70, 50, 30, 30, 30, 30, 30] [150, 150, 150, 150, 150, 150, 150, 150, 150, 150, 170, 190, 210, 230] [245, 153] 14 1
[230, 210, 190, 170, 150, 130, 110, 90, 70, 50, 30, 30, 30, 30] [150, 150, 150, 150, 150, 150, 150, 150, 150, 150, 150, 170, 190, 210] [245, 153] 14 1
