[290, 290, 290, 290, 290] [290, 270, 250, 230, 210] [287, 104] 5 0
[290, 290, 290, 290, 290] [310, 290, 270, 250, 230] [287, 104] 5 0
[290, 290, 290, 290, 290] [330, 310, 290, 270, 250] [287, 104] 5 0
[290, 290, 290, 290, 290] [350, 330, 310, 290, 270] [287, 104] 5 0
[270, 290, 290, 290, 290] [350, 350, 330, 310, 290] [287, 104] 5 3
[270, 270, 290, 290, 290] [330, 350, 350, 330, 310] [287, 104] 5 2
[270, 270, 270, 290, 290] [310, 330, 350, 350, 330] [287, 104] 5 2
[270, 270, 270, 270, 290] [290, 310, 330, 350, 350] [287, 104] 5 2
[270, 270, 270, 270, 270] [270, 290, 310, 330, 350] [287, 104] 5 2
[270, 270, 270, 270, 270] [250, 270, 290, 310, 330] [287, 104] 5 2
[270, 270, 270, 270, 270] [230, 250, 270, 290, 310] [287, 104] 5 2
[270, 270, 270, 270, 270] [210, 230, 250, 270, 290] [287, 104] 5 2
[270, 270, 270, 270, 270] [190, 210, 230, 250, 270] [287, 104] 5 2
[270, 270, 270, 270, 270] [170, 190, 210, 230, 250] [287, 104] 5 2
[270, 270, 270, 270, 270] [150, 170, 190, 210, 230] [287, 104] 5 2
[270, 270, 270, 270, 270] [130, 150, 170, 190, 210] [287, 104] 5 2
[270, 270, 270, 270, 270] [110, 130, 150, 170, 190] [287, 104] 5 2
[290, 270, 270, 270, 270, 270] [110, 110, 130, 150, 170, 190] [280, 384] 6 1
[310, 290, 270, 270, 270, 270] [110, 110, 110, 130, 150, 170] [280, 384] 6 1
[310, 310, 290, 270, 270, 270] [130, 110, 110, 110, 130, 150] [280, 384] 6 0
[310, 310, 310, 290, 270, 270] [150, 130, 110, 110, 110, 130] [280, 384] 6 0
[310, 310, 310, 310, 290, 270] [170, 150, 130, 110, 110, 110] [280, 384] 6 0
[310, 310, 310, 310, 310, 290] [190, 170, 150, 130, 110, 110] [280, 384] 6 0
[310, 310, 310, 310, 310, 310] [210, 190, 170, 150, 130, 110] [280, 384] 6 0
[310, 310, 310, 310, 310, 310] [230, 210, 190, 170, 150, 130] [280, 384] 6 0
[310, 310, 310, 310, 310, 310] [250, 230, 210, 190, 170, 150] [280, 384] 6 0
[310, 310, 310, 310, 310, 310] [270, 250, 230, 210, 190, 170] [280, 384] 6 0
[310, 310, 310, 310, 310, 310] [290, 270, 250, 230, 210, 190] [280, 384] 6 0
[310, 310, 310, 310, 310, 310] [310, 290, 270, 250, 230, 210] [280, 384] 6 0
[310, 310, 310, 310, 310, 310] [330, 310, 290, 270, 250, 230] [280, 384] 6 0
[310, 310, 310, 310, 310, 310] [350, 330, 310, 290, 270, 250] [280, 384] 6 0
[310, 310, 310, 310, 310, 310] [370, 350, 330, 310, 290, 270] [280, 384] 6 0
[290, 310, 310, 310, 310, 310] [370, 370, 350, 330, 310, 290] [280, 384] 6 3
[270, 290, 310, 310, 310, 310] [370, 370, 370, 350, 330, 310] [280, 384] 6 3
[250, 270, 290, 310, 310, 310, 310] [370, 370, 370, 370, 350, 330, 310] [318, 485] 7 3
[250, 250, 270, 290, 310, 310, 310] [390, 370, 370, 370, 370, 350, 330] [318, 485] 7 0
[250, 250, 250, 270, 290, 310, 310] [410, 390, 370, 370, 370, 370, 350] [318, 485] 7 0
[250, 250, 250, 250, 270, 290, 310] [430, 410, 390, 370, 370, 370, 370] [318, 485] 7 0
[250, 250, 250, 250, 250, 270, 290] [450, 430, 410, 390, 370, 370, 370] [318, 485] 7 0
[250, 250, 250, 250, 250, 250, 270] [470, 450, 430, 410, 390, 370, 370] [318, 485] 7 0
[270, 250, 250, 250, 250, 250, 250] [470, 470, 450, 430, 410, 390, 370] [318, 485] 7 1
[290, 270, 250, 250, 250, 250, 250] [470, 470, 470, 450, 430, 410, 390] [318, 485] 7 1
[310, 290, 270, 250, 250, 250, 250] [470, 470, 470, 470, 450, 430, 410] [318, 485] 7 1
[330, 310, 290, 270, 250, 250, 250, 250] [470, 470, 470, 470, 470, 450, 430, 410] [276, 457] 8 1
[330, 330, 310, 290, 270, 250, 250, 250] [450, 470, 470, 470, 470, 470, 450, 430] [276, 457] 8 2
[310, 330, 330, 310, 290, 270, 250, 250] [450, 450, 470, 470, 470, 470, 470, 450] [276, 457] 8 3
[290, 310, 330, 330, 310, 290, 270, 250] [450, 450, 450, 470, 470, 470, 470, 470] [276, 457] 8 3
[270, 290, 310, 330, 330, 310, 290, 270] [450, 450, 450, 450, 470, 470, 470, 470] [276, 457] 8 3
[250, 270, 290, 310, 330, 330, 310, 290, 270] [450, 450, 450, 450, 450, 470, 470, 470, 470] [495, 384] 9 3
[250, 250, 270, 290, 310, 330, 330, 310, 290] [430, 450, 450, 450, 450, 450, 470, 470, 470] [495, 384] 9 2
[250, 250, 250, 270, 290, 310, 330, 330, 310] [410, 430, 450, 450, 450, 450, 450, 470, 470] [495, 384] 9 2
[250, 250, 250, 250, 270, 290, 310, 330, 330] [390, 410, 430, 450, 450, 450, 450, 450, 470] [495, 384] 9 2
[250, 250, 250, 250, 250, 270, 290, 310, 330] [370, 390, 410, 430, 450, 450, 450, 450, 450] [495, 384] 9 2
[270, 250, 250, 250, 250, 250, 270, 290, 310] [370, 370, 390, 410, 430, 450, 450, 450, 450] [495, 384] 9 1
[290, 270, 250, 250, 250, 250, 250, 270, 290] [370, 370, 370, 390, 410, 430, 450, 450, 450] [495, 384] 9 1
[310, 290, 270, 250, 250, 250, 250, 250, 270] [370, 370, 370, 370, 390, 410, 430, 450, 450] [495, 384] 9 1
[330, 310, 290, 270, 250, 250, 250, 250, 250] [370, 370, 370, 370, 370, 390, 410, 430, 450] [495, 384] 9 1
[350, 330, 310, 290, 270, 250, 250, 250, 250] [370, 370, 370, 370, 370, 370, 390, 410, 430] [495, 384] 9 1
[370, 350, 330, 310, 290, 270, 250, 250, 250] [370, 370, 370, 370, 370, 370, 370, 390, 410] [495, 384] 9 1
[390, 370, 350, 330, 310, 290, 270, 250, 250] [370, 370, 370, 370, 370, 370, 370, 370, 390] [495, 384] 9 1
[410, 390, 370, 350, 330, 310, 290, 270, 250] [370, 370, 370, 370, 370, 370, 370, 370, 370] [495, 384] 9 1
[430, 410, 390, 370, 350, 330, 310, 290, 270] [370, 370, 370, 370, 370, 370, 370, 370, 370] [495, 384] 9 1
[450, 430, 410, 390, 370, 350, 330, 310, 290] [370, 370, 370, 370, 370, 370, 370, 370, 370] [495, 384] 9 1
[470, 450, 430, 410, 390, 370, 350, 330, 310] [370, 370, 370, 370, 370, 370, 370, 370, 370] [495, 384] 9 1
[490, 470, 450, 430, 410, 390, 370, 350, 330] [370, 370, 370, 370, 370, 370, 370, 370, 370] [495, 384] 9 1
[490, 490, 470, 450, 430, 410, 390, 370, 350, 330] [350, 370, 370, 370, 370, 370, 370, 370, 370, 370] [395, 310] 10 2
[490, 490, 490, 470, 450, 430, 410, 390, 370, 350] [330, 350, 370, 370, 370, 370, 370, 370, 370, 370] [395, 310] 10 2
[490, 490, 490, 490, 470, 450, 430, 410, 390, 370] [310, 330, 350, 370, 370, 370, 370, 370, 370, 370] [395, 310] 10 2
[490, 490, 490, 490, 490, 470, 450, 430, 410, 390] [290, 310, 330, 350, 370, 370, 370, 370, 370, 370] [395, 310] 10 2
[470, 490, 490, 490, 490, 490, 470, 450, 430, 410] [290, 290, 310, 330, 350, 370, 370, 370, 370, 370] [395, 310] 10 3
[450, 470, 490, 490, 490, 490, 490, 470, 450, 430] [290, 290, 290, 310, 330, 350, 370, 370, 370, 370] [395, 310] 10 3
[430, 450, 470, 490, 490, 490, 490, 490, 470, 450] [290, 290, 290, 290, 310, 330, 350, 370, 370, 370] [395, 310] 10 3
[410, 430, 450, 470, 490, 490, 490, 490, 490, 470] [290, 290, 290, 290, 290, 310, 330, 350, 370, 370] [395, 310] 10 3
[390, 410, 430, 450, 470, 490, 490, 490, 490, 490] [290, 290, 290, 290, 290, 290, 310, 330, 350, 370] [395, 310] 10 3
[370, 390, 410, 430, 450, 470, 490, 490, 490, 490] [290, 290, 290, 290, 290, 290, 290, 310, 330, 350] [395, 310] 10 3
[370, 370, 390, 410, 430, 450, 470, 490, 490, 490] [310, 290, 290, 290, 290, 290, 290, 290, 310, 330] [395, 310] 10 0
[390, 370, 370, 390, 410, 430, 450, 470, 490, 490] [310, 310, 290, 290, 290, 290, 290, 290, 290, 310] [395, 310] 10 1
[410, 390, 370, 370, 390, 410, 430, 450, 470, 490, 490] [310, 310, 310, 290, 290, 290, 290, 290, 290, 290, 310] [391, 468] 11 1
[430, 410, 390, 370, 370, 390, 410, 430, 450, 470, 490] [310, 310, 310, 310, 290, 290, 290, 290, 290, 290, 290] [391, 468] 11 1
[430, 430, 410, 390, 370, 370, 390, 410, 430, 450, 470] [330, 310, 310, 310, 310, 290, 290, 290, 290, 290, 290] [391, 468] 11 0
[430, 430, 430, 410, 390, 370, 370, 390, 410, 430, 450] [350, 330, 310, 310, 310, 310, 290, 290, 290, 290, 290] [391, 468] 11 0
[430, 430, 430, 430, 410, 390, 370, 370, 390, 410, 430] [370, 350, 330, 310, 310, 310, 310, 290, 290, 290, 290] [391, 468] 11 0
[430, 430, 430, 430, 430, 410, 390, 370, 370, 390, 410] [390, 370, 350, 330, 310, 310, 310, 310, 290, 290, 290] [391, 468] 11 0
[430, 430, 430, 430, 430, 430, 410, 390, 370, 370, 390] [410, 390, 370, 350, 330, 310, 310, 310, 310, 290, 290] [391, 468] 11 0
[430, 430, 430, 430, 430, 430, 430, 410, 390, 370, 370] [430, 410, 390, 370, 350, 330, 310, 310, 310, 310, 290] [391, 468] 11 0
[430, 430, 430, 430, 430, 430, 430, 430, 410, 390, 370] [450, 430, 410, 390, 370, 350, 330, 310, 310, 310, 310] [391, 468] 11 0
[410, 430, 430, 430, 430, 430, 430, 430, 430, 410, 390] [450, 450, 430, 410, 390, 370, 350, 330, 310, 310, 310] [391, 468] 11 3
[390, 410, 430, 430, 430, 430, 430, 430, 430, 430, 410] [450, 450, 450, 430, 410, 390, 370, 350, 330, 310, 310] [391, 468] 11 3
[370, 390, 410, 430, 430, 430, 430, 430, 430, 430, 430, 410] [450, 450, 450, 450, 430, 410, 390, 370, 350, 330, 310, 310] [538, 297] 12 3
[370, 370, 390, 410, 430, 430, 430, 430, 430, 430, 430, 430] [430, 450, 450, 450, 450, 430, 410, 390, 370, 350, 330, 310] [538, 297] 12 2
[370, 370, 370, 390, 410, 430, 430, 430, 430, 430, 430, 430] [410, 430, 450, 450, 450, 450, 430, 410, 390, 370, 350, 330] [538, 297] 12 2
[370, 370, 370, 370, 390, 410, 430, 430, 430, 430, 430, 430] [390, 410, 430, 450, 450, 450, 450, 430, 410, 390, 370, 350] [538, 297] 12 2
[370, 370, 370, 370, 370, 390, 410, 430, 430, 430, 430, 430] [370, 390, 410, 430, 450, 450, 450, 450, 430, 410, 390, 370] [538, 297] 12 2
[370, 370, 370, 370, 370, 370, 390, 410, 430, 430, 430, 430] [350, 370, 390, 410, 430, 450, 450, 450, 450, 430, 410, 390] [538, 297] 12 2
[370, 370, 370, 370, 370, 370, 370, 390, 410, 430, 430, 430] [330, 350, 370, 390, 410, 430, 450, 450, 450, 450, 430, 410] [538, 297] 12 2
[370, 370, 370, 370, 370, 370, 370, 370, 390, 410, 430, 430] [310, 330, 350, 370, 390, 410, 430, 450, 450, 450, 450, 430] [538, 297] 12 2
[370, 370, 370, 370, 370, 370, 370, 370, 370, 390, 410, 430] [290, 310, 330, 350, 370, 390, 410, 430, 450, 450, 450, 450] [538, 297] 12 2
[390, 370, 370, 370, 370, 370, 370, 370, 370, 370, 390, 410] [290, 290, 310, 330, 350, 370, 390, 410, 430, 450, 450, 450] [538, 297] 12 1
[410, 390, 370, 370, 370, 370, 370, 370, 370, 370, 370, 390] [290, 290, 290, 310, 330, 350, 370, 390, 410, 430, 450, 450] [538, 297] 12 1
[430, 410, 390, 370, 370, 370, 370, 370, 370, 370, 370, 370] [290, 290, 290, 290, 310, 330, 350, 370, 390, 410, 430, 450] [538, 297] 12 1
[450, 430, 410, 390, 370, 370, 370, 370, 370, 370, 370, 370] [290, 290, 290, 290, 290, 310, 330, 350, 370, 390, 410, 430] [538, 297] 12 1
[470, 450, 430, 410, 390, 370, 370, 370, 370, 370, 370, 370] [290, 290, 290, 290, 290, 290, 310, 330, 350, 370, 390, 410] [538, 297] 12 1
[490, 470, 450, 430, 410, 390, 370, 370, 370, 370, 370, 370] [290, 290, 290, 290, 290, 290, 290, 310, 330, 350, 370, 390] [538, 297] 12 1
[510, 490, 470, 450, 430, 410, 390, 370, 370, 370, 370, 370] [290, 290, 290, 290, 290, 290, 290, 290, 310, 330, 350, 370] [538, 297] 12 1
[530, 510, 490, 470, 450, 430, 410, 390, 370, 370, 370, 370] [290, 290, 290, 290, 290, 290, 290, 290, 290, 310, 330, 350] [538, 297] 12 1
[550, 530, 510, 490, 470, 450, 430, 410, 390, 370, 370, 370, 370] [290, 290, 290, 290, 290, 290, 290, 290, 290, 290, 310, 330, 350] [487, 521] 13 1
[550, 550, 530, 510, 490, 470, 450, 430, 410, 390, 370, 370, 370] [310, 290, 290, 290, 290, 290, 290, 290, 290, 290, 290, 310, 330] [487, 521] 13 0
[550, 550, 550, 530, 510, 490, 470, 450, 430, 410, 390, 370, 370] [330, 310, 290, 290, 290, 290, 290, 290, 290, 290, 290, 290, 310] [487, 521] 13 0
[550, 550, 550, 550, 530, 510, 490, 470, 450, 430, 410, 390, 370] [350, 330, 310, 290, 290, 290, 290, 290, 290, 290, 290, 290, 290] [487, 521] 13 0
[550, 550, 550, 550, 550, 530, 510, 490, 470, 450, 430, 410, 390] [370, 350, 330, 310, 290, 290, 290, 290, 290, 290, 290, 290, 290] [487, 521] 13 0
[550, 550, 550, 550, 550, 550, 530, 510, 490, 470, 450, 430, 410] [390, 370, 350, 330, 310, 290, 290, 290, 290, 290, 290, 290, 290] [487, 521] 13 0
[550, 550, 550, 550, 550, 550, 550, 530, 510, 490, 470, 450, 430] [410, 390, 370, 350, 330, 310, 290, 290, 290, 290, 290, 290, 290] [487, 521] 13 0
[550, 550, 550, 550, 550, 550, 550, 550, 530, 510, 490, 470, 450] [430, 410, 390, 370, 350, 330, 310, 290, 290, 290, 290, 290, 290] [487, 521] 13 0
[550, 550, 550, 550, 550, 550, 550, 550, 550, 530, 510, 490, 470] [450, 430, 410, 390, 370, 350, 330, 310, 290, 290, 290, 290, 290] [487, 521] 13 0
[550, 550, 550, 550, 550, 550, 550, 550, 550, 550, 530, 510, 490] [470, 450, 430, 410, 390, 370, 350, 330, 310, 290, 290, 290, 290] [487, 521] 13 0
[550, 550, 550, 550, 550, 550, 550, 550, 550, 550, 550, 530, 510] [490, 470, 450, 430, 410, 390, 370, 350, 330, 310, 290, 290, 290] [487, 521] 13 0
[550, 550, 550, 550, 550, 550, 550, 550, 550, 550, 550, 550, 530] [510, 490, 470, 450, 430, 410, 390, 370, 350, 330, 310, 290, 290] [487, 521] 13 0
[530, 550, 550, 550, 550, 550, 550, 550, 550, 550, 550, 550, 550] [510, 510, 490, 470, 450, 430, 410, 390, 370, 350, 330, 310, 290] [487, 521] 13 3
[510, 530, 550, 550, 550, 550, 550, 550, 550, 550, 550, 550, 550] [510, 510, 510, 490, 470, 450, 430, 410, 390, 370, 350, 330, 310] [487, 521] 13 3
[490, 510, 530, 550, 550, 550, 550, 550, 550, 550, 550, 550, 550] [510, 510, 510, 510, 490, 470, 450, 430, 410, 390, 370, 350, 330] [487, 521] 13 3
[470, 490, 510, 530, 550, 550, 550, 550, 550, 550, 550, 550, 550, 550] [510, 510, 510, 510, 510, 490, 470, 450, 430, 410, 390, 370, 350, 330] [113, 97] 14 3
[450, 470, 490, 510, 530, 550, 550, 550, 550, 550, 550, 550, 550, 550] [510, 510, 510, 510, 510, 510, 490, 470, 450, 430, 410, 390, 370, 350] [113, 97] 14 3
[430, 450, 470, 490, 510, 530, 550, 550, 550, 550, 550, 550, 550, 550] [510, 510, 510, 510, 510, 510, 510, 490, 470, 450, 430, 410, 390, 370] [113, 97] 14 3
[410, 430, 450, 470, 490, 510, 530, 550, 550, 550, 550, 550, 550, 550] [510, 510, 510, 510, 510, 510, 510, 510, 490, 470, 450, 430, 410, 390] [113, 97] 14 3
[390, 410, 430, 450, 470, 490, 510, 530, 550, 550, 550, 550, 550, 550] [510, 510, 510, 510, 510, 510, 510, 510, 510, 490, 470, 450, 430, 410] [113, 97] 14 3
[370, 390, 410, 430, 450, 470, 490, 510, 530, 550, 550, 550, 550, 550] [510, 510, 510, 510, 510, 510, 510, 510, 510, 510, 490, 470, 450, 430] [113, 97] 14 3
[350, 370, 390, 410, 430, 450, 470, 490, 510, 530, 550, 550, 550, 550] [510, 510, 510, 510, 510, 510, 510, 510, 510, 510, 510, 490, 470, 450] [113, 97] 14 3
[330, 350, 370, 390, 410, 430, 450, 470, 490, 510, 530, 550, 550, 550] [510, 510, 510, 510, 510, 510, 510, 510, 510, 510, 510, 510, 490, 470] [113, 97] 14 3
[310, 330, 350, 370, 390, 410, 430, 450, 470, 490, 510, 530, 550, 550] [510, 510, 510, 510, 510, 510, 510, 510, 510, 510, 510, 510, 510, 490] [113, 97] 14 3
[290, 310, 330, 350, 370, 390, 410, 430, 450, 470, 490, 510, 530, 550] [510, 510, 510, 510, 510, 510, 510, 510, 510, 510, 510, 510, 510, 510] [113, 97] 14 3
[270, 290, 310, 330, 350, 370, 390, 410, 430, 450, 470, 490, 510, 530] [510, 510, 510, 510, 510, 510, 510, 510, 510, 510, 510, 510, 510, 510] [113, 97] 14 3
[250, 270, 290, 310, 330, 350, 370, 390, 410, 430, 450, 470, 490, 510] [510, 510, 510, 510, 510, 510, 510, 510, 510, 510, 510, 510, 510, 510] [113, 97] 14 3
[230, 250, 270, 290, 310, 330, 350, 370, 390, 410, 430, 450, 470, 490] [510, 510, 510, 510, 510, 510, 510, 510, 510, 510, 510, 510, 510, 510] [113, 97] 14 3
[210, 230, 250, 270, 290, 310, 330, 350, 370, 390, 410, 430, 450, 470] [510, 510, 510, 510, 510, 510, 510, 510, 510, 510, 510, 510, 510, 510] [113, 97] 14 3
[190, 210, 230, 250, 270, 290, 310, 330, 350, 370, 390, 410, 430, 450] [510, 510, 510, 510, 510, 510, 510, 510, 510, 510, 510, 510, 510, 510] [113, 97] 14 3
[170, 190, 210, 230, 250, 270, 290, 310, 330, 350, 370, 390, 410, 430] [510, 510, 510, 510, 510, 510, 510, 510, 510, 510, 510, 510, 510, 510] [113, 97] 14 3
[150, 170, 190, 210, 230, 250, 270, 290, 310, 330, 350, 370, 390, 410] [510, 510, 510, 510, 510, 510, 510, 510, 510, 510, 510, 510, 510, 510] [113, 97] 14 3
[130, 150, 170, 190, 210, 230, 250, 270, 290, 310, 330, 350, 370, 390] [510, 510, 510, 510, 510, 510, 510, 510, 510, 510, 510, 510, 510, 510] [113, 97] 14 3
[110, 130, 150, 170, 190, 210, 230, 250, 270, 290, 310, 330, 350, 370] [510, 510, 510, 510, 510, 510, 510, 510, 510, 510, 510, 510, 510, 510] [113, 97] 14 3
[90, 110, 130, 150, 170, 190, 210, 230, 250, 270, 290, 310, 330, 350] [510, 510, 510, 510, 510, 510, 510, 510, 510, 510, 510, 510, 510, 510] [113, 97] 14 3
[90, 90, 110, 130, 150, 170, 190, 210, 230, 250, 270, 290, 310, 330] [490, 510, 510, 510, 510, 510, 510, 510, 510, 510, 510, 510, 510, 510] [113, 97] 14 2
[90, 90, 90, 110, 130, 150, 170, 190, 210, 230, 250, 270, 290, 310] [470, 490, 510, 510, 510, 510, 510, 510, 510, 510, 510, 510, 510, 510] [113, 97] 14 2
[90, 90, 90, 90, 110, 130, 150, 170, 190, 210, 230, 250, 270, 290] [450, 470, 490, 510, 510, 510, 510, 510, 510, 510, 510, 510, 510, 510] [113, 97] 14 2
[90, 90, 90, 90, 90, 110, 130, 150, 170, 190, 210, 230, 250, 270] [430, 450, 470, 490, 510, 510, 510, 510, 510, 510, 510, 510, 510, 510] [113, 97] 14 2
[90, 90, 90, 90, 90, 90, 110, 130, 150, 170, 190, 210, 230, 250] [410, 430, 450, 470, 490, 510, 510, 510, 510, 510, 510, 510, 510, 510] [113, 97] 14 2
[90, 90, 90, 90, 90, 90, 90, 110, 130, 150, 170, 190, 210, 230] [390, 410, 430, 450, 470, 490, 510, 510, 510, 510, 510, 510, 510, 510] [113, 97] 14 2
[90, 90, 90, 90, 90, 90, 90, 90, 110, 130, 150, 170, 190, 210] [370, 390, 410, 430, 450, 470, 490, 510, 510, 510, 510, 510, 510, 510] [113, 97] 14 2
[90, 90, 90, 90, 90, 90, 90, 90, 90, 110, 130, 150, 170, 190] [350, 370, 390, 410, 430, 450, 470, 490, 510, 510, 510, 510, 510, 510] [113, 97] 14 2
[90, 90, 90, 90, 90, 90, 90, 90, 90, 90, 110, 130, 150, 170] [330, 350, 370, 390, 410, 430, 450, 470, 490, 510, 510, 510, 510, 510] [113, 97] 14 2
[90, 90, 90, 90, 90, 90, 90, 90, 90, 90, 90, 110, 130, 150] [310, 330, 350, 370, 390, 410, 430, 450, 470, 490, 510, 510, 510, 510] [113, 97] 14 2
[90, 90, 90, 90, 90, 90, 90, 90, 90, 90, 90, 90, 110, 130] [290, 310, 330, 350, 370, 390, 410, 430, 450, 470, 490, 510, 510, 510] [113, 97] 14 2
[90, 90, 90, 90, 90, 90, 90, 90, 90, 90, 90, 90, 90, 110] [270, 290, 310, 330, 350, 370, 390, 410, 430, 450, 470, 490, 510, 510] [113, 97] 14 2
[90, 90, 90, 90, 90, 90, 90, 90, 90, 90, 90, 90, 90, 90] [250, 270, 290, 310, 330, 350, 370, 390, 410, 430, 450, 470, 490, 510] [113, 97] 14 2
[90, 90, 90, 90, 90, 90, 90, 90, 90, 90, 90, 90, 90, 90] [230, 250, 270, 290, 310, 330, 350, 370, 390, 410, 430, 450, 470, 490] [113, 97] 14 2
[90, 90, 90, 90, 90, 90, 90, 90, 90, 90, 90, 90, 90, 90] [210, 230, 250, 270, 290, 310, 330, 350, 370, 390, 410, 430, 450, 470] [113, 97] 14 2
[90, 90, 90, 90, 90, 90, 90, 90, 90, 90, 90, 90, 90, 90] [190, 210, 230, 250, 270, 290, 310, 330, 350, 370, 390, 410, 430, 450] [113, 97] 14 2
[90, 90, 90, 90, 90, 90, 90, 90, 90, 90, 90, 90, 90, 90] [170, 190, 210, 230, 250, 270, 290, 310, 330, 350, 370, 390, 410, 430] [113, 97] 14 2
[90, 90, 90, 90, 90, 90, 90, 90, 90, 90, 90, 90, 90, 90] [150, 170, 190, 210, 230, 250, 270, 290, 310, 330, 350, 370, 390, 410] [113, 97] 14 2
[90, 90, 90, 90, 90, 90, 90, 90, 90, 90, 90, 90, 90, 90] [130, 150, 170, 190, 210, 230, 250, 270, 290, 310, 330, 350, 370, 390] [113, 97] 14 2
[90, 90, 90, 90, 90, 90, 90, 90, 90, 90, 90, 90, 90, 90] [110, 130, 150, 170, 190, 210, 230, 250, 270, 290, 310, 330, 350, 370] [113, 97] 14 2
[90, 90, 90, 90, 90, 90, 90, 90, 90, 90, 90, 90, 90, 90] [90, 110, 130, 150, 170, 190, 210, 230, 250, 270, 290, 310, 330, 350] [113, 97] 14 2
[110, 90, 90, 90, 90, 90, 90, 90, 90, 90, 90, 90, 90, 90] [90, 90, 110, 130, 150, 170, 190, 210, 230, 250, 270, 290, 310, 330] [113, 97] 14 1
[130, 110, 90, 90, 90, 90, 90, 90, 90, 90, 90, 90, 90, 90, 90] [90, 90, 90, 110, 130, 150, 170, 190, 210, 230, 250, 270, 290, 310, 330] [205, 44] 15 1
[150, 130, 110, 90, 90, 90, 90, 90, 90, 90, 90, 90, 90, 90, 90] [90, 90, 90, 90, 110, 130, 150, 170, 190, 210, 230, 250, 270, 290, 310] [205, 44] 15 1
[170, 150, 130, 110, 90, 90, 90, 90, 90, 90, 90, 90, 90, 90, 90] [90, 90, 90, 90, 90, 110, 130, 150, 170, 190, 210, 230, 250, 270, 290] [205, 44] 15 1
[190, 170, 150, 130, 110, 90, 90, 90, 90, 90, 90, 90, 90, 90, 90] [90, 90, 90, 90, 90, 90, 110, 130, 150, 170, 190, 210, 230, 250, 270] [205, 44] 15 1
[190, 190, 170, 150, 130, 110, 90, 90, 90, 90, 90, 90, 90, 90, 90] [70, 90, 90, 90, 90, 90, 90, 110, 130, 150, 170, 190, 210, 230, 250] [205, 44] 15 2
[190, 190, 190, 170, 150, 130, 110, 90, 90, 90, 90, 90, 90, 90, 90] [50, 70, 90, 90, 90, 90, 90, 90, 110, 130, 150, 170, 190, 210, 230] [205, 44] 15 2
[190, 190, 190, 190, 170, 150, 130, 110, 90, 90, 90, 90, 90, 90, 90, 90] [30, 50, 70, 90, 90, 90, 90, 90, 90, 110, 130, 150, 170, 190, 210, 230] [457, 305] 16 2
[210, 190, 190, 190, 190, 170, 150, 130, 110, 90, 90, 90, 90, 90, 90, 90] [30, 30, 50, 70, 90, 90, 90, 90, 90, 90, 110, 130, 150, 170, 190, 210] [457, 305] 16 1
[230, 210, 190, 190, 190, 190, 170, 150, 130, 110, 90, 90, 90, 90, 90, 90] [30, 30, 30, 50, 70, 90, 90, 90, 90, 90, 90, 110, 130, 150, 170, 190] [457, 305] 16 1
[250, 230, 210, 190, 190, 190, 190, 170, 150, 130, 110, 90, 90, 90, 90, 90] [30, 30, 30, 30, 50, 70, 90, 90, 90, 90, 90, 90, 110, 130, 150, 170] [457, 305] 16 1
[270, 250, 230, 210, 190, 190, 190, 190, 170, 150, 130, 110, 90, 90, 90, 90] [30, 30, 30, 30, 30, 50, 70, 90, 90, 90, 90, 90, 90, 110, 130, 150] [457, 305] 16 1
[290, 270, 250, 230, 210, 190, 190, 190, 190, 170, 150, 130, 110, 90, 90, 90] [30, 30, 30, 30, 30, 30, 50, 70, 90, 90, 90, 90, 90, 90, 110, 130] [457, 305] 16 1
[310, 290, 270, 250, 230, 210, 190, 190, 190, 190, 170, 150, 130, 110, 90, 90] [30, 30, 30, 30, 30, 30, 30, 50, 70, 90, 90, 90, 90, 90, 90, 110] [457, 305] 16 1
[330, 310, 290, 270, 250, 230, 210, 190, 190, 190, 190, 170, 150, 130, 110, 90] [30, 30, 30, 30, 30, 30, 30, 30, 50, 70, 90, 90, 90, 90, 90, 90] [457, 305] 16 1
[350, 330, 310, 290, 270, 250, 230, 210, 190, 190, 190, 190, 170, 150, 130, 110] [30, 30, 30, 30, 30, 30, 30, 30, 30, 50, 70, 90, 90, 90, 90, 90] [457, 305] 16 1
[370, 350, 330, 310, 290, 270, 250, 230, 210, 190, 190, 190, 190, 170, 150, 130] [30, 30, 30, 30, 30, 30, 30, 30, 30, 30, 50, 70, 90, 90, 90, 90] [457, 305] 16 1
[390, 370, 350, 330, 310, 290, 270, 250, 230, 210, 190, 190, 190, 190, 170, 150] [30, 30, 30, 30, 30, 30, 30, 30, 30, 30, 30, 50, 70, 90, 90, 90] [457, 305] 16 1
[410, 390, 370, 350, 330, 310, 290, 270, 250, 230, 210, 190, 190, 190, 190, 170] [30, 30, 30, 30, 30, 30, 30, 30, 30, 30, 30, 30, 50, 70, 90, 90] [457, 305] 16 1
[430, 410, 390, 370, 350, 330, 310, 290, 270, 250, 230, 210, 190, 190, 190, 190] [30, 30, 30, 30, 30, 30, 30, 30, 30, 30, 30, 30, 30, 50, 70, 90] [457, 305] 16 1
[450, 430, 410, 390, 370, 350, 330, 310, 290, 270, 250, 230, 210, 190, 190, 190] [30, 30, 30, 30, 30, 30, 30, 30, 30, 30, 30, 30, 30, 30, 50, 70] [457, 305] 16 1
[470, 450, 430, 410, 390, 370, 350, 330, 310, 290, 270, 250, 230, 210, 190, 190] [30, 30, 30, 30, 30, 30, 30, 30, 30, 30, 30, 30, 30, 30, 30, 50] [457, 305] 16 1
[490, 470, 450, 430, 410, 390, 370, 350, 330, 310, 290, 270, 250, 230, 210, 190] [30, 30, 30, 30, 30, 30, 30, 30, 30, 30, 30, 30, 30, 30, 30, 30] [457, 305] 16 1
[510, 490, 470, 450, 430, 410, 390, 370, 350, 330, 310, 290, 270, 250, 230, 210] [30, 30, 30, 30, 30, 30, 30, 30, 30, 30, 30, 30, 30, 30, 30, 30] [457, 305] 16 1
[530, 510, 490, 470, 450, 430, 410, 390, 370, 350, 330, 310, 290, 270, 250, 230] [30, 30, 30, 30, 30, 30, 30, 30, 30, 30, 30, 30, 30, 30, 30, 30] [457, 305] 16 1
[530, 530, 510, 490, 470, 450, 430, 410, 390, 370, 350, 330, 310, 290, 270, 250] [50, 30, 30, 30, 30, 30, 30, 30, 30, 30, 30, 30, 30, 30, 30, 30] [457, 305] 16 0
[530, 530, 530, 510, 490, 470, 450, 430, 410, 390, 370, 350, 330, 310, 290, 270] [70, 50, 30, 30, 30, 30, 30, 30, 30, 30, 30, 30, 30, 30, 30, 30] [457, 305] 16 0
[530, 530, 530, 530, 510, 490, 470, 450, 430, 410, 390, 370, 350, 330, 310, 290] [90, 70, 50, 30, 30, 30, 30, 30, 30, 30, 30, 30, 30, 30, 30, 30] [457, 305] 16 0
[530, 530, 530, 530, 530, 510, 490, 470, 450, 430, 410, 390, 370, 350, 330, 310] [110, 90, 70, 50, 30, 30, 30, 30, 30, 30, 30, 30, 30, 30, 30, 30] [457, 305] 16 0
[530, 530, 530, 530, 530, 530, 510, 490, 470, 450, 430, 410, 390, 370, 350, 330] [130, 110, 90, 70, 50, 30, 30, 30, 30, 30, 30, 30, 30, 30, 30, 30] [457, 305] 16 0
[530, 530, 530, 530, 530, 530, 530, 510, 490, 470, 450, 430, 410, 390, 370, 350] [150, 130, 110, 90, 70, 50, 30, 30, 30, 30, 30, 30, 30, 30, 30, 30] [457, 305] 16 0
[530, 530, 530, 530, 530, 530, 530, 530, 510, 490, 470, 450, 430, 410, 390, 370] [170, 150, 130, 110, 90, 70, 50, 30, 30, 30, 30, 30, 30, 30, 30, 30] [457, 305] 16 0
[530, 530, 530, 530, 530, 530, 530, 530, 530, 510, 490, 470, 450, 430, 410, 390] [190, 170, 150, 130, 110, 90, 70, 50, 30, 30, 30, 30, 30, 30, 30, 30] [457, 305] 16 0
[530, 530, 530, 530, 530, 530, 530, 530, 530, 530, 510, 490, 470, 450, 430, 410] [210, 190, 170, 150, 130, 110, 90, 70, 50, 30, 30, 30, 30, 30, 30, 30] [457, 305] 16 0
[530, 530, 530, 530, 530, 530, 530, 530, 530, 530, 530, 510, 490, 470, 450, 430] [230, 210, 190, 170, 150, 130, 110, 90, 70, 50, 30, 30, 30, 30, 30, 30] [457, 305] 16 0
[530, 530, 530, 530, 530, 530, 530, 530, 530, 530, 530, 530, 510, 490, 470, 450] [250, 230, 210, 190, 170, 150, 130, 110, 90, 70, 50, 30, 30, 30, 30, 30] [457, 305] 16 0
[530, 530, 530, 530, 530, 530, 530, 530, 530, 530, 530, 530, 530, 510, 490, 470] [270, 250, 230, 210, 190, 170, 150, 130, 110, 90, 70, 50, 30, 30, 30, 30] [457, 305] 16 0
[530, 530, 530, 530, 530, 530, 530, 530, 530, 530, 530, 530, 530, 530, 510, 490] [290, 270, 250, 230, 210, 190, 170, 150, 130, 110, 90, 70, 50, 30, 30, 30] [457, 305] 16 0
[530, 530, 530, 530, 530, 530, 530, 530, 530, 530, 530, 530, 530, 530, 530, 510] [310, 290, 270, 250, 230, 210, 190, 170, 150, 130, 110, 90, 70, 50, 30, 30] [457, 305] 16 0
[510, 530, 530, 530, 530, 530, 530, 530, 530, 530, 530, 530, 530, 530, 530, 530] [310, 310, 290, 270, 250, 230, 210, 190, 170, 150, 130, 110, 90, 70, 50, 30] [457, 305] 16 3
[490, 510, 530, 530, 530, 530, 530, 530, 530, 530, 530, 530, 530, 530, 530, 530] [310, 310, 310, 290, 270, 250, 230, 210, 190, 170, 150, 130, 110, 90, 70, 50] [457, 305] 16 3
[470, 490, 510, 530, 530, 530, 530, 530, 530, 530, 530, 530, 530, 530, 530, 530] [310, 310, 310, 310, 290, 270, 250, 230, 210, 190, 170, 150, 130, 110, 90, 70] [457, 305] 16 3
[450, 470, 490, 510, 530, 530, 530, 530, 530, 530, 530, 530, 530, 530, 530, 530] [310, 310, 310, 310, 310, 290, 270, 250, 230, 210, 190, 170, 150, 130, 110, 90] [457, 305] 16 3
[430, 450, 470, 490, 510, 530, 530, 530, 530, 530, 530, 530, 530, 530, 530, 530, 530] [310, 310, 310, 310, 310, 310, 290, 270, 250, 230, 210, 190, 170, 150, 130, 110, 90] [14, 356] 17 3
[410, 430, 450, 470, 490, 510, 530, 530, 530, 530, 530, 530, 530, 530, 530, 530, 530] [310, 310, 310, 310, 310, 310, 310, 290, 270, 250, 230, 210, 190, 170, 150, 130, 110] [14, 356] 17 3
[390, 410, 430, 450, 470, 490, 510, 530, 530, 530, 530, 530, 530, 530, 530, 530, 530] [310, 310, 310, 310, 310, 310, 310, 310, 290, 270, 250, 230, 210, 190, 170, 150, 130] [14, 356] 17 3
[370, 390, 410, 430, 450, 470, 490, 510, 530, 530, 530, 530, 530, 530, 530, 530, 530] [310, 310, 310, 310, 310, 310, 310, 310, 310, 290, 270, 250, 230, 210, 190, 170, 150] [14, 356] 17 3
[350, 370, 390, 410, 430, 450, 470, 490, 510, 530, 530, 530, 530, 530, 530, 530, 530] [310, 310, 310, 310, 310, 310, 310, 310, 310, 310, 290, 270, 250, 230, 210, 190, 170] [14, 356] 17 3
[330, 350, 370, 390, 410, 430, 450, 470, 490, 510, 530, 530, 530, 530, 530, 530, 530] [310, 310, 310, 310, 310, 310, 310, 310, 310, 310, 310, 290, 270, 250, 230, 210, 190] [14, 356] 17 3
[310, 330, 350, 370, 390, 410, 430, 450, 470, 490, 510, 530, 530, 530, 530, 530, 530] [310, 310, 310, 310, 310, 310, 310, 310, 310, 310, 310, 310, 290, 270, 250, 230, 210] [14, 356] 17 3
[290, 310, 330, 350, 370, 390, 410, 430, 450, 470, 490, 510, 530, 530, 530, 530, 530] [310, 310, 310, 310, 310, 310, 310, 310, 310, 310, 310, 310, 310, 290, 270, 250, 230] [14, 356] 17 3
[270, 290, 310, 330, 350, 370, 390, 410, 430, 450, 470, 490, 510, 530, 530, 530, 530] [310, 310, 310, 310, 310, 310, 310, 310, 310, 310, 310, 310, 310, 310, 290, 270, 250] [14, 356] 17 3
[250, 270, 290, 310, 330, 350, 370, 390, 410, 430, 450, 470, 490, 510, 530, 530, 530] [310, 310, 310, 310, 310, 310, 310, 310, 310, 310, 310, 310, 310, 310, 310, 290, 270] [14, 356] 17 3
[230, 250, 270, 290, 310, 330, 350, 370, 390, 410, 430, 450, 470, 490, 510, 530, 530] [310, 310, 310, 310, 310, 310, 310, 310, 310, 310, 310, 310, 310, 310, 310, 310, 290] [14, 356] 17 3
[210, 230, 250, 270, 290, 310, 330, 350, 370, 390, 410, 430, 450, 470, 490, 510, 530] [310, 310, 310, 310, 310, 310, 310, 310, 310, 310, 310, 310, 310, 310, 310, 310, 310] [14, 356] 17 3
[190, 210, 230, 250, 270, 290, 310, 330, 350, 370, 390, 410, 430, 450, 470, 490, 510] [310, 310, 310, 310, 310, 310, 310, 310, 310, 310, 310, 310, 310, 310, 310, 310, 310] [14, 356] 17 3
[170, 190, 210, 230, 250, 270, 290, 310, 330, 350, 370, 390, 410, 430, 450, 470, 490] [310, 310, 310, 310, 310, 310, 310, 310, 310, 310, 310, 310, 310, 310, 310, 310, 310] [14, 356] 17 3
[150, 170, 190, 210, 230, 250, 270, 290, 310, 330, 350, 370, 390, 410, 430, 450, 470] [310, 310, 310, 310, 310, 310, 310, 310, 310, 310, 310, 310, 310, 310, 310, 310, 310] [14, 356] 17 3
[130, 150, 170, 190, 210, 230, 250, 270, 290, 310, 330, 350, 370, 390, 410, 430, 450] [310, 310, 310, 310, 310, 310, 310, 310, 310, 310, 310, 310, 310, 310, 310, 310, 310] [14, 356] 17 3
[110, 130, 150, 170, 190, 210, 230, 250, 270, 290, 310, 330, 350, 370, 390, 410, 430] [310, 310, 310, 310, 310, 310, 310, 310, 310, 310, 310, 310, 310, 310, 310, 310, 310] [14, 356] 17 3
[90, 110, 130, 150, 170, 190, 210, 230, 250, 270, 290, 310, 330, 350, 370, 390, 410] [310, 310, 310, 310, 310, 310, 310, 310, 310, 310, 310, 310, 310, 310, 310, 310, 310] [14, 356] 17 3
[70, 90, 110, 130, 150, 170, 190, 210, 230, 250, 270, 290, 310, 330, 350, 370, 390] [310, 310, 310, 310, 310, 310, 310, 310, 310, 310, 310, 310, 310, 310, 310, 310, 310] [14, 356] 17 3
[50, 70, 90, 110, 130, 150, 170, 190, 210, 230, 250, 270, 290, 310, 330, 350, 370] [310, 310, 310, 310, 310, 310, 310, 310, 310, 310, 310, 310, 310, 310, 310, 310, 310] [14, 356] 17 3
[30, 50, 70, 90, 110, 130, 150, 170, 190, 210, 230, 250, 270, 290, 310, 330, 350] [310, 310, 310, 310, 310, 310, 310, 310, 310, 310, 310, 310, 310, 310, 310, 310, 310] [14, 356] 17 3
[10, 30, 50, 70, 90, 110, 130, 150, 170, 190, 210, 230, 250, 270, 290, 310, 330] [310, 310, 310, 310, 310, 310, 310, 310, 310, 310, 310, 310, 310, 310, 310, 310, 310] [14, 356] 17 3
[10, 10, 30, 50, 70, 90, 110, 130, 150, 170, 190, 210, 230, 250, 270, 290, 310] [330, 310, 310, 310, 310, 310, 310, 310, 310, 310, 310, 310, 310, 310, 310, 310, 310] [14, 356] 17 0
[10, 10, 10, 30, 50, 70, 90, 110, 130, 150, 170, 190, 210, 230, 250, 270, 290] [350, 330, 310, 310, 310, 310, 310, 310, 310, 310, 310, 310, 310, 310, 310, 310, 310] [14, 356] 17 0
[10, 10, 10, 10, 30, 50, 70, 90, 110, 130, 150, 170, 190, 210, 230, 250, 270, 290] [370, 350, 330, 310, 310, 310, 310, 310, 310, 310, 310, 310, 310, 310, 310, 310, 310, 310] [472, 442] 18 0
[10, 10, 10, 10, 10, 30, 50, 70, 90, 110, 130, 150, 170, 190, 210, 230, 250, 270] [390, 370, 350, 330, 310, 310, 310, 310, 310, 310, 310, 310, 310, 310, 310, 310, 310, 310] [472, 442] 18 0
[10, 10, 10, 10, 10, 10, 30, 50, 70, 90, 110, 130, 150, 170, 190, 210, 230, 250] [410, 390, 370, 350, 330, 310, 310, 310, 310, 310, 310, 310, 310, 310, 310, 310, 310, 310] [472, 442] 18 0
[10, 10, 10, 10, 10, 10, 10, 30, 50, 70, 90, 110, 130, 150, 170, 190, 210, 230] [430, 410, 390, 370, 350, 330, 310, 310, 310, 310, 310, 310, 310, 310, 310, 310, 310, 310] [472, 442] 18 0
[30, 10, 10, 10, 10, 10, 10, 10, 30, 50, 70, 90, 110, 130, 150, 170, 190, 210] [430, 430, 410, 390, 370, 350, 330, 310, 310, 310, 310, 310, 310, 310, 310, 310, 310, 310] [472, 442] 18 1
[50, 30, 10, 10, 10, 10, 10, 10, 10, 30, 50, 70, 90, 110, 130, 150, 170, 190] [430, 430, 430, 410, 390, 370, 350, 330, 310, 310, 310, 310, 310, 310, 310, 310, 310, 310] [472, 442] 18 1
[70, 50, 30, 10, 10, 10, 10, 10, 10, 10, 30, 50, 70, 90, 110, 130, 150, 170] [430, 430, 430, 430, 410, 390, 370, 350, 330, 310, 310, 310, 310, 310, 310, 310, 310, 310] [472, 442] 18 1
[90, 70, 50, 30, 10, 10, 10, 10, 10, 10, 10, 30, 50, 70, 90, 110, 130, 150] [430, 430, 430, 430, 430, 410, 390, 370, 350, 330, 310, 310, 310, 310, 310, 310, 310, 310] [472, 442] 18 1
[110, 90, 70, 50, 30, 10, 10, 10, 10, 10, 10, 10, 30, 50, 70, 90, 110, 130] [430, 430, 430, 430, 430, 430, 410, 390, 370, 350, 330, 310, 310, 310, 310, 310, 310, 310] [472, 442] 18 1
[130, 110, 90, 70, 50, 30, 10, 10, 10, 10, 10, 10, 10, 30, 50, 70, 90, 110] [430, 430, 430, 430, 430, 430, 430, 410, 390, 370, 350, 330, 310, 310, 310, 310, 310, 310] [472, 442] 18 1
[150, 130, 110, 90, 70, 50, 30, 10, 10, 10, 10, 10, 10, 10, 30, 50, 70, 90] [430, 430, 430, 430, 430, 430, 430, 430, 410, 390, 370, 350, 330, 310, 310, 310, 310, 310] [472, 442] 18 1
[170, 150, 130, 110, 90, 70, 50, 30, 10, 10, 10, 10, 10, 10, 10, 30, 50, 70] [430, 430, 430, 430, 430, 430, 430, 430, 430, 410, 390, 370, 350, 330, 310, 310, 310, 310] [472, 442] 18 1
[190, 170, 150, 130, 110, 90, 70, 50, 30, 10, 10, 10, 10, 10, 10, 10, 30, 50] [430, 430, 430, 430, 430, 430, 430, 430, 430, 430, 410, 390, 370, 350, 330, 310, 310, 310] [472, 442] 18 1
[210, 190, 170, 150, 130, 110, 90, 70, 50, 30, 10, 10, 10, 10, 10, 10, 10, 30] [430, 430, 430, 430, 430, 430, 430, 430, 430, 430, 430, 410, 390, 370, 350, 330, 310, 310] [472, 442] 18 1
[230, 210, 190, 170, 150, 130, 110, 90, 70, 50, 30, 10, 10, 10, 10, 10, 10, 10] [430, 430, 430, 430, 430, 430, 430, 430, 430, 430, 430, 430, 410, 390, 370, 350, 330, 310] [472, 442] 18 1
[250, 230, 210, 190, 170, 150, 130, 110, 90, 70, 50, 30, 10, 10, 10, 10, 10, 10] [430, 430, 430, 430, 430, 430, 430, 430, 430, 430, 430, 430, 430, 410, 390, 370, 350, 330] [472, 442] 18 1
[270, 250, 230, 210, 190, 170, 150, 130, 110, 90, 70, 50, 30, 10, 10, 10, 10, 10] [430, 430, 430, 430, 430, 430, 430, 430, 430, 430, 430, 430, 430, 430, 410, 390, 370, 350] [472, 442] 18 1
[290, 270, 250, 230, 210, 190, 170, 150, 130, 110, 90, 70, 50, 30, 10, 10, 10, 10] [430, 430, 430, 430, 430, 430, 430, 430, 430, 430, 430, 430, 430, 430, 430, 410, 390, 370] [472, 442] 18 1
[310, 290, 270, 250, 230, 210, 190, 170, 150, 130, 110, 90, 70, 50, 30, 10, 10, 10] [430, 430, 430, 430, 430, 430, 430, 430, 430, 430, 430, 430, 430, 430, 430, 430, 410, 390] [472, 442] 18 1
[330, 310, 290, 270, 250, 230, 210, 190, 170, 150, 130, 110, 90, 70, 50, 30, 10, 10] [430, 430, 430, 430, 430, 430, 430, 430, 430, 430, 430, 430, 430, 430, 430, 430, 430, 410] [472, 442] 18 1
[350, 330, 310, 290, 270, 250, 230, 210, 190, 170, 150, 130, 110, 90, 70, 50, 30, 10] [430, 430, 430, 430, 430, 430, 430, 430, 430, 430, 430, 430, 430, 430, 430, 430, 430, 430] [472, 442] 18 1
[370, 350, 330, 310, 290, 270, 250, 230, 210, 190, 170, 150, 130, 110, 90, 70, 50, 30] [430, 430, 430, 430, 430, 430, 430, 430, 430, 430, 430, 430, 430, 430, 430, 430, 430, 430] [472, 442] 18 1
[390, 370, 350, 330, 310, 290, 270, 250, 230, 210, 190, 170, 150, 130, 110, 90, 70, 50] [430, 430, 430, 430, 430, 430, 430, 430, 430, 430, 430, 430, 430, 430, 430, 430, 430, 430] [472, 442] 18 1
[410, 390, 370, 350, 330, 310, 290, 270, 250, 230, 210, 190, 170, 150, 130, 110, 90, 70] [430, 430, 430, 430, 430, 430, 430, 430, 430, 430, 430, 430, 430, 430, 430, 430, 430, 430] [472, 442] 18 1
[430, 410, 390, 370, 350, 330, 310, 290, 270, 250, 230, 210, 190, 170, 150, 130, 110, 90] [430, 430, 430, 430, 430, 430, 430, 430, 430, 430, 430, 430, 430, 430, 430, 430, 430, 430] [472, 442] 18 1
[450, 430, 410, 390, 370, 350, 330, 310, 290, 270, 250, 230, 210, 190, 170, 150, 130, 110] [430, 430, 430, 430, 430, 430, 430, 430, 430, 430, 430, 430, 430, 430, 430, 430, 430, 430] [472, 442] 18 1
[470, 450, 430, 410, 390, 370, 350, 330, 310, 290, 270, 250, 230, 210, 190, 170, 150, 130] [430, 430, 430, 430, 430, 430, 430, 430, 430, 430, 430, 430, 430, 430, 430, 430, 430, 430] [472, 442] 18 1
[490, 470, 450, 430, 410, 390, 370, 350, 330, 310, 290, 270, 250, 230, 210, 190, 170, 150, 130] [430, 430, 430, 430, 430, 430, 430, 430, 430, 430, 430, 430, 430, 430, 430, 430, 430, 430, 430] [201, 509] 19 1
[490, 490, 470, 450, 430, 410, 390, 370, 350, 330, 310, 290, 270, 250, 230, 210, 190, 170, 150] [450, 430, 430, 430, 430, 430, 430, 430, 430, 430, 430, 430, 430, 430, 430, 430, 430, 430, 430] [201, 509] 19 0
[490, 490, 490, 470, 450, 430, 410, 390, 370, 350, 330, 310, 290, 270, 250, 230, 210, 190, 170] [470, 450, 430, 430, 430, 430, 430, 430, 430, 430, 430, 430, 430, 430, 430, 430, 430, 430, 430] [201, 509] 19 0
[490, 490, 490, 490, 470, 450, 430, 410, 390, 370, 350, 330, 310, 290, 270, 250, 230, 210, 190] [490, 470, 450, 430, 430, 430, 430, 430, 430, 430, 430, 430, 430, 430, 430, 430, 430, 430, 430] [201, 509] 19 0
[490, 490, 490, 490, 490, 470, 450, 430, 410, 390, 370, 350, 330, 310, 290, 270, 250, 230, 210] [510, 490, 470, 450, 430, 430, 430, 430, 430, 430, 430, 430, 430, 430, 430, 430, 430, 430, 430] [201, 509] 19 0
[470, 490, 490, 490, 490, 490, 470, 450, 430, 410, 390, 370, 350, 330, 310, 290, 270, 250, 230] [510, 510, 490, 470, 450, 430, 430, 430, 430, 430, 430, 430, 430, 430, 430, 430, 430, 430, 430] [201, 509] 19 3
[450, 470, 490, 490, 490, 490, 490, 470, 450, 430, 410, 390, 370, 350, 330, 310, 290, 270, 250] [510, 510, 510, 490, 470, 450, 430, 430, 430, 430, 430, 430, 430, 430, 430, 430, 430, 430, 430] [201, 509] 19 3
[430, 450, 470, 490, 490, 490, 490, 490, 470, 450, 430, 410, 390, 370, 350, 330, 310, 290, 270] [510, 510, 510, 510, 490, 470, 450, 430, 430, 430, 430, 430, 430, 430, 430, 430, 430, 430, 430] [201, 509] 19 3
[410, 430, 450, 470, 490, 490, 490, 490, 490, 470, 450, 430, 410, 390, 370, 350, 330, 310, 290] [510, 510, 510, 510, 510, 490, 470, 450, 430, 430, 430, 430, 430, 430, 430, 430, 430, 430, 430] [201, 509] 19 3
[390, 410, 430, 450, 470, 490, 490, 490, 490, 490, 470, 450, 430, 410, 390, 370, 350, 330, 310] [510, 510, 510, 510, 510, 510, 490, 470, 450, 430, 430, 430, 430, 430, 430, 430, 430, 430, 430] [201, 509] 19 3
[370, 390, 410, 430, 450, 470, 490, 490, 490, 490, 490, 470, 450, 430, 410, 390, 370, 350, 330] [510, 510, 510, 510, 510, 510, 510, 490, 470, 450, 430, 430, 430, 430, 430, 430, 430, 430, 430] [201, 509] 19 3
[350, 370, 390, 410, 430, 450, 470, 490, 490, 490, 490, 490, 470, 450, 430, 410, 390, 370, 350] [510, 510, 510, 510, 510, 510, 510, 510, 490, 470, 450, 430, 430, 430, 430, 430, 430, 430, 430] [201, 509] 19 3
[330, 350, 370, 390, 410, 430, 450, 470, 490, 490, 490, 490, 490, 470, 450, 430, 410, 390, 370] [510, 510, 510, 510, 510, 510, 510, 510, 510, 490, 470, 450, 430, 430, 430, 430, 430, 430, 430] [201, 509] 19 3
[310, 330, 350, 370, 390, 410, 430, 450, 470, 490, 490, 490, 490, 490, 470, 450, 430, 410, 390] [510, 510, 510, 510, 510, 510, 510, 510, 510, 510, 490, 470, 450, 430, 430, 430, 430, 430, 430] [201, 509] 19 3
[290, 310, 330, 350, 370, 390, 410, 430, 450, 470, 490, 490, 490, 490, 490, 470, 450, 430, 410] [510, 510, 510, 510, 510, 510, 510, 510, 510, 510, 510, 490, 470, 450, 430, 430, 430, 430, 430] [201, 509] 19 3
[270, 290, 310, 330, 350, 370, 390, 410, 430, 450, 470, 490, 490, 490, 490, 490, 470, 450, 430] [510, 510, 510, 510, 510, 510, 510, 510, 510, 510, 510, 510, 490, 470, 450, 430, 430, 430, 430] [201, 509] 19 3
[250, 270, 290, 310, 330, 350, 370, 390, 410, 430, 450, 470, 490, 490, 490, 490, 490, 470, 450] [510, 510, 510, 510, 510, 510, 510, 510, 510, 510, 510, 510, 510, 490, 470, 450, 430, 430, 430] [201, 509] 19 3
[230, 250, 270, 290, 310, 330, 350, 370, 390, 410, 430, 450, 470, 490, 490, 490, 490, 490, 470] [510, 510, 510, 510, 510, 510, 510, 510, 510, 510, 510, 510, 510, 510, 490, 470, 450, 430, 430] [201, 509] 19 3
[210, 230, 250, 270, 290, 310, 330, 350, 370, 390, 410, 430, 450, 470, 490, 490, 490, 490, 490] [510, 510, 510, 510, 510, 510, 510, 510, 510, 510, 510, 510, 510, 510, 510, 490, 470, 450, 430] [201, 509] 19 3
