[290, 290, 290, 290, 290] [290, 270, 250, 230, 210] [361, 412] 5 0
[290, 290, 290, 290, 290] [310, 290, 270, 250, 230] [361, 412] 5 0
[290, 290, 290, 290, 290] [330, 310, 290, 270, 250] [361, 412] 5 0
[290, 290, 290, 290, 290] [350, 330, 310, 290, 270] [361, 412] 5 0
[290, 290, 290, 290, 290] [370, 350, 330, 310, 290] [361, 412] 5 0
[290, 290, 290, 290, 290] [390, 370, 350, 330, 310] [361, 412] 5 0
[290, 290, 290, 290, 290] [410, 390, 370, 350, 330] [361, 412] 5 0
[310, 290, 290, 290, 290] [410, 410, 390, 370, 350] [361, 412] 5 1
[330, 310, 290, 290, 290] [410, 410, 410, 390, 370] [361, 412] 5 1
[350, 330, 310, 290, 290] [410, 410, 410, 410, 390] [361, 412] 5 1
[370, 350, 330, 310, 290, 290] [410, 410, 410, 410, 410, 390] [14, 141] 6 1
[370, 370, 350, 330, 310, 290] [390, 410, 410, 410, 410, 410] [14, 141] 6 2
[370, 370, 370, 350, 330, 310] [370, 390, 410, 410, 410, 410] [14, 141] 6 2
[370, 370, 370, 370, 350, 330] [350, 370, 390, 410, 410, 410] [14, 141] 6 2
[370, 370, 370, 370, 370, 350] [330, 350, 370, 390, 410, 410] [14, 141] 6 2
[370, 370, 370, 370, 370, 370] [310, 330, 350, 370, 390, 410] [14, 141] 6 2
[370, 370, 370, 370, 370, 370] [290, 310, 330, 350, 370, 390] [14, 141] 6 2
[370, 370, 370, 370, 370, 370] [270, 290, 310, 330, 350, 370] [14, 141] 6 2
[370, 370, 370, 370, 370, 370] [250, 270, 290, 310, 330, 350] [14, 141] 6 2
[370, 370, 370, 370, 370, 370] [230, 250, 270, 290, 310, 330] [14, 141] 6 2
[370, 370, 370, 370, 370, 370] [210, 230, 250, 270, 290, 310] [14, 141] 6 2
[370, 370, 370, 370, 370, 370] [190, 210, 230, 250, 270, 290] [14, 141] 6 2
[370, 370, 370, 370, 370, 370] [170, 190, 210, 230, 250, 270] [14, 141] 6 2
[370, 370, 370, 370, 370, 370] [150, 170, 190, 210, 230, 250] [14, 141] 6 2
[370, 370, 370, 370, 370, 370] [130, 150, 170, 190, 210, 230] [14, 141] 6 2
[350, 370, 370, 370, 370, 370] [130, 130, 150, 170, 190, 210] [14, 141] 6 3
[330, 350, 370, 370, 370, 370] [130, 130, 130, 150, 170, 190] [14, 141] 6 3
[310, 330, 350, 370, 370, 370] [130, 130, 130, 130, 150, 170] [14, 141] 6 3
[290, 310, 330, 350, 370, 370] [130, 130, 130, 130, 130, 150] [14, 141] 6 3
[270, 290, 310, 330, 350, 370] [130, 130, 130, 130, 130, 130] [14, 141] 6 3
[250, 270, 290, 310, 330, 350] [130, 130, 130, 130, 130, 130] [14, 141] 6 3
[230, 250, 270, 290, 310, 330] [130, 130, 130, 130, 130, 130] [14, 141] 6 3
[210, 230, 250, 270, 290, 310] [130, 130, 130, 130, 130, 130] [14, 141] 6 3
[190, 210, 230, 250, 270, 290] [130, 130, 130, 130, 130, 130] [14, 141] 6 3
[170, 190, 210, 230, 250, 270] [130, 130, 130, 130, 130, 130] [14, 141] 6 3
[150, 170, 190, 210, 230, 250] [130, 130, 130, 130, 130, 130] [14, 141] 6 3
[130, 150, 170, 190, 210, 230] [130, 130, 130, 130, 130, 130] [14, 141] 6 3
[110, 130, 150, 170, 190, 210] [130, 130, 130, 130, 130, 130] [14, 141] 6 3
[90, 110, 130, 150, 170, 190] [130, 130, 130, 130, 130, 130] [14, 141] 6 3
[70, 90, 110, 130, 150, 170] [130, 130, 130, 130, 130, 130] [14, 141] 6 3
[50, 70, 90, 110, 130, 150] [130, 130, 130, 130, 130, 130] [14, 141] 6 3
[30, 50, 70, 90, 110, 130] [130, 130, 130, 130, 130, 130] [14, 141] 6 3
[10, 30, 50, 70, 90, 110] [130, 130, 130, 130, 130, 130] [14, 141] 6 3
[10, 10, 30, 50, 70, 90, 110] [150, 130, 130, 130, 130, 130, 130] [243, 254] 7 0
[10, 10, 10, 30, 50, 70, 90] [170, 150, 130, 130, 130, 130, 130] [243, 254] 7 0
[10, 10, 10, 10, 30, 50, 70] [190, 170, 150, 130, 130, 130, 130] [243, 254] 7 0
[10, 10, 10, 10, 10, 30, 50] [210, 190, 170, 150, 130, 130, 130] [243, 254] 7 0
[10, 10, 10, 10, 10, 10, 30] [230, 210, 190, 170, 150, 130, 130] [243, 254] 7 0
[10, 10, 10, 10, 10, 10, 10] [250, 230, 210, 190, 170, 150, 130] [243, 254] 7 0
[30, 10, 10, 10, 10, 10, 10] [250, 250, 230, 210, 190, 170, 150] [243, 254] 7 1
[50, 30, 10, 10, 10, 10, 10] [250, 250, 250, 230, 210, 190, 170] [243, 254] 7 1
[70, 50, 30, 10, 10, 10, 10] [250, 250, 250, 250, 230, 210, 190] [243, 254] 7 1
[90, 70, 50, 30, 10, 10, 10] [250, 250, 250, 250, 250, 230, 210] [243, 254] 7 1
[110, 90, 70, 50, 30, 10, 10] [250, 250, 250, 250, 250, 250, 230] [243, 254] 7 1
[130, 110, 90, 70, 50, 30, 10] [250, 250, 250, 250, 250, 250, 250] [243, 254] 7 1
[150, 130, 110, 90, 70, 50, 30] [250, 250, 250, 250, 250, 250, 250] [243, 254] 7 1
[170, 150, 130, 110, 90, 70, 50] [250, 250, 250, 250, 250, 250, 250] [243, 254] 7 1
[190, 170, 150, 130, 110, 90, 70] [250, 250, 250, 250, 250, 250, 250] [243, 254] 7 1
[210, 190, 170, 150, 130, 110, 90] [250, 250, 250, 250, 250, 250, 250] [243, 254] 7 1
[230, 210, 190, 170, 150, 130, 110] [250, 250, 250, 250, 250, 250, 250] [243, 254] 7 1
[250, 230, 210, 190, 170, 150, 130, 110] [250, 250, 250, 250, 250, 250, 250, 250] [30, 155] 8 1
[250, 250, 230, 210, 190, 170, 150, 130] [230, 250, 250, 250, 250, 250, 250, 250] [30, 155] 8 2
[250, 250, 250, 230, 210, 190, 170, 150] [210, 230, 250, 250, 250, 250, 250, 250] [30, 155] 8 2
[250, 250, 250, 250, 230, 210, 190, 170] [190, 210, 230, 250, 250, 250, 250, 250] [30, 155] 8 2
[250, 250, 250, 250, 250, 230, 210, 190] [170, 190, 210, 230, 250, 250, 250, 250] [30, 155] 8 2
[250, 250, 250, 250, 250, 250, 230, 210] [150, 170, 190, 210, 230, 250, 250, 250] [30, 155] 8 2
[230, 250, 250, 250, 250, 250, 250, 230] [150, 150, 170, 190, 210, 230, 250, 250] [30, 155] 8 3
[210, 230, 250, 250, 250, 250, 250, 250] [150, 150, 150, 170, 190, 210, 230, 250] [30, 155] 8 3
[190, 210, 230, 250, 250, 250, 250, 250] [150, 150, 150, 150, 170, 190, 210, 230] [30, 155] 8 3
[170, 190, 210, 230, 250, 250, 250, 250] [150, 150, 150, 150, 150, 170, 190, 210] [30, 155] 8 3
[150, 170, 190, 210, 230, 250, 250, 250] [150, 150, 150, 150, 150, 150, 170, 190] [30, 155] 8 3
[130, 150, 170, 190, 210, 230, 250, 250] [150, 150, 150, 150, 150, 150, 150, 170] [30, 155] 8 3
[110, 130, 150, 170, 190, 210, 230, 250] [150, 150, 150, 150, 150, 150, 150, 150] [30, 155] 8 3
[90, 110, 130, 150, 170, 190, 210, 230] [150, 150, 150, 150, 150, 150, 150, 150] [30, 155] 8 3
[70, 90, 110, 130, 150, 170, 190, 210] [150, 150, 150, 150, 150, 150, 150, 150] [30, 155] 8 3
[50, 70, 90, 110, 130, 150, 170, 190] [150, 150, 150, 150, 150, 150, 150, 150] [30, 155] 8 3
[30, 50, 70, 90, 110, 130, 150, 170] [150, 150, 150, 150, 150, 150, 150, 150] [30, 155] 8 3
[10, 30, 50, 70, 90, 110, 130, 150, 170] [150, 150, 150, 150, 150, 150, 150, 150, 150] [76, 345] 9 3
[10, 10, 30, 50, 70, 90, 110, 130, 150] [170, 150, 150, 150, 150, 150, 150, 150, 150] [76, 345] 9 0
[10, 10, 10, 30, 50, 70, 90, 110, 130] [190, 170, 150, 150, 150, 150, 150, 150, 150] [76, 345] 9 0
[10, 10, 10, 10, 30, 50, 70, 90, 110] [210, 190, 170, 150, 150, 150, 150, 150, 150] [76, 345] 9 0
[10, 10, 10, 10, 10, 30, 50, 70, 90] [230, 210, 190, 170, 150, 150, 150, 150, 150] [76, 345] 9 0
[10, 10, 10, 10, 10, 10, 30, 50, 70] [250, 230, 210, 190, 170, 150, 150, 150, 150] [76, 345] 9 0
[10, 10, 10, 10, 10, 10, 10, 30, 50] [270, 250, 230, 210, 190, 170, 150, 150, 150] [76, 345] 9 0
[10, 10, 10, 10, 10, 10, 10, 10, 30] [290, 270, 250, 230, 210, 190, 170, 150, 150] [76, 345] 9 0
[10, 10, 10, 10, 10, 10, 10, 10, 10] [310, 290, 270, 250, 230, 210, 190, 170, 150] [76, 345] 9 0
[10, 10, 10, 10, 10, 10, 10, 10, 10] [330, 310, 290, 270, 250, 230, 210, 190, 170] [76, 345] 9 0
[30, 10, 10, 10, 10, 10, 10, 10, 10] [330, 330, 310, 290, 270, 250, 230, 210, 190] [76, 345] 9 1
[50, 30, 10, 10, 10, 10, 10, 10, 10] [330, 330, 330, 310, 290, 270, 250, 230, 210] [76, 345] 9 1
[70, 50, 30, 10, 10, 10, 10, 10, 10] [330, 330, 330, 330, 310, 290, 270, 250, 230] [76, 345] 9 1
[90, 70, 50, 30, 10, 10, 10, 10, 10, 10] [330, 330, 330, 330, 330, 310, 290, 270, 250, 230] [327, 566] 10 1
[110, 90, 70, 50, 30, 10, 10, 10, 10, 10] [330, 330, 330, 330, 330, 330, 310, 290, 270, 250] [327, 566] 10 1
[130, 110, 90, 70, 50, 30, 10, 10, 10, 10] [330, 330, 330, 330, 330, 330, 330, 310, 290, 270] [327, 566] 10 1
[150, 130, 110, 90, 70, 50, 30, 10, 10, 10] [330, 330, 330, 330, 330, 330, 330, 330, 310, 290] [327, 566] 10 1
[170, 150, 130, 110, 90, 70, 50, 30, 10, 10] [330, 330, 330, 330, 330, 330, 330, 330, 330, 310] [327, 566] 10 1
[190, 170, 150, 130, 110, 90, 70, 50, 30, 10] [330, 330, 330, 330, 330, 330, 330, 330, 330, 330] [327, 566] 10 1
[210, 190, 170, 150, 130, 110, 90, 70, 50, 30] [330, 330, 330, 330, 330, 330, 330, 330, 330, 330] [327, 566] 10 1
[230, 210, 190, 170, 150, 130, 110, 90, 70, 50] [330, 330, 330, 330, 330, 330, 330, 330, 330, 330] [327, 566] 10 1
[250, 230, 210, 190, 170, 150, 130, 110, 90, 70] [330, 330, 330, 330, 330, 330, 330, 330, 330, 330] [327, 566] 10 1
[270, 250, 230, 210, 190, 170, 150, 130, 110, 90] [330, 330, 330, 330, 330, 330, 330, 330, 330, 330] [327, 566] 10 1
[290, 270, 250, 230, 210, 190, 170, 150, 130, 110] [330, 330, 330, 330, 330, 330, 330, 330, 330, 330] [327, 566] 10 1
[310, 290, 270, 250, 230, 210, 190, 170, 150, 130] [330, 330, 330, 330, 330, 330, 330, 330, 330, 330] [327, 566] 10 1
[330, 310, 290, 270, 250, 230, 210, 190, 170, 150] [330, 330, 330, 330, 330, 330, 330, 330, 330, 330] [327, 566] 10 1
[330, 330, 310, 290, 270, 250, 230, 210, 190, 170] [350, 330, 330, 330, 330, 330, 330, 330, 330, 330] [327, 566] 10 0
[330, 330, 330, 310, 290, 270, 250, 230, 210, 190] [370, 350, 330, 330, 330, 330, 330, 330, 330, 330] [327, 566] 10 0
[330, 330, 330, 330, 310, 290, 270, 250, 230, 210] [390, 370, 350, 330, 330, 330, 330, 330, 330, 330] [327, 566] 10 0
[330, 330, 330, 330, 330, 310, 290, 270, 250, 230] [410, 390, 370, 350, 330, 330, 330, 330, 330, 330] [327, 566] 10 0
[330, 330, 330, 330, 330, 330, 310, 290, 270, 250] [430, 410, 390, 370, 350, 330, 330, 330, 330, 330] [327, 566] 10 0
[330, 330, 330, 330, 330, 330, 330, 310, 290, 270] [450, 430, 410, 390, 370, 350, 330, 330, 330, 330] [327, 566] 10 0
[330, 330, 330, 330, 330, 330, 330, 330, 310, 290] [470, 450, 430, 410, 390, 370, 350, 330, 330, 330] [327, 566] 10 0
[330, 330, 330, 330, 330, 330, 330, 330, 330, 310] [490, 470, 450, 430, 410, 390, 370, 350, 330, 330] [327, 566] 10 0
[330, 330, 330, 330, 330, 330, 330, 330, 330, 330] [510, 490, 470, 450, 430, 410, 390, 370, 350, 330] [327, 566] 10 0
[330, 330, 330, 330, 330, 330, 330, 330, 330, 330] [530, 510, 490, 470, 450, 430, 410, 390, 370, 350] [327, 566] 10 0
[330, 330, 330, 330, 330, 330, 330, 330, 330, 330] [550, 530, 510, 490, 470, 450, 430, 410, 390, 370] [327, 566] 10 0
[330, 330, 330, 330, 330, 330, 330, 330, 330, 330, 330] [570, 550, 530, 510, 490, 470, 450, 430, 410, 390, 370] [525, 195] 11 0
[310, 330, 330, 330, 330, 330, 330, 330, 330, 330, 330] [570, 570, 550, 530, 510, 490, 470, 450, 430, 410, 390] [525, 195] 11 3
[290, 310, 330, 330, 330, 330, 330, 330, 330, 330, 330] [570, 570, 570, 550, 530, 510, 490, 470, 450, 430, 410] [525, 195] 11 3
[290, 290, 310, 330, 330, 330, 330, 330, 330, 330, 330] [550, 570, 570, 570, 550, 530, 510, 490, 470, 450, 430] [525, 195] 11 2
[290, 290, 290, 310, 330, 330, 330, 330, 330, 330, 330] [530, 550, 570, 570, 570, 550, 530, 510, 490, 470, 450] [525, 195] 11 2
[290, 290, 290, 290, 310, 330, 330, 330, 330, 330, 330] [510, 530, 550, 570, 570, 570, 550, 530, 510, 490, 470] [525, 195] 11 2
[290, 290, 290, 290, 290, 310, 330, 330, 330, 330, 330] [490, 510, 530, 550, 570, 570, 570, 550, 530, 510, 490] [525, 195] 11 2
[290, 290, 290, 290, 290, 290, 310, 330, 330, 330, 330] [470, 490, 510, 530, 550, 570, 570, 570, 550, 530, 510] [525, 195] 11 2
[290, 290, 290, 290, 290, 290, 290, 310, 330, 330, 330] [450, 470, 490, 510, 530, 550, 570, 570, 570, 550, 530] [525, 195] 11 2
[290, 290, 290, 290, 290, 290, 290, 290, 310, 330, 330] [430, 450, 470, 490, 510, 530, 550, 570, 570, 570, 550] [525, 195] 11 2
[290, 290, 290, 290, 290, 290, 290, 290, 290, 310, 330] [410, 430, 450, 470, 490, 510, 530, 550, 570, 570, 570] [525, 195] 11 2
[290, 290, 290, 290, 290, 290, 290, 290, 290, 290, 310] [390, 410, 430, 450, 470, 490, 510, 530, 550, 570, 570] [525, 195] 11 2
[290, 290, 290, 290, 290, 290, 290, 290, 290, 290, 290] [370, 390, 410, 430, 450, 470, 490, 510, 530, 550, 570] [525, 195] 11 2
[290, 290, 290, 290, 290, 290, 290, 290, 290, 290, 290] [350, 370, 390, 410, 430, 450, 470, 490, 510, 530, 550] [525, 195] 11 2
[290, 290, 290, 290, 290, 290, 290, 290, 290, 290, 290] [330, 350, 370, 390, 410, 430, 450, 470, 490, 510, 530] [525, 195] 11 2
[290, 290, 290, 290, 290, 290, 290, 290, 290, 290, 290] [310, 330, 350, 370, 390, 410, 430, 450, 470, 490, 510] [525, 195] 11 2
[290, 290, 290, 290, 290, 290, 290, 290, 290, 290, 290] [290, 310, 330, 350, 370, 390, 410, 430, 450, 470, 490] [525, 195] 11 2
[290, 290, 290, 290, 290, 290, 290, 290, 290, 290, 290] [270, 290, 310, 330, 350, 370, 390, 410, 430, 450, 470] [525, 195] 11 2
[290, 290, 290, 290, 290, 290, 290, 290, 290, 290, 290] [250, 270, 290, 310, 330, 350, 370, 390, 410, 430, 450] [525, 195] 11 2
[290, 290, 290, 290, 290, 290, 290, 290, 290, 290, 290] [230, 250, 270, 290, 310, 330, 350, 370, 390, 410, 430] [525, 195] 11 2
[290, 290, 290, 290, 290, 290, 290, 290, 290, 290, 290] [210, 230, 250, 270, 290, 310, 330, 350, 370, 390, 410] [525, 195] 11 2
[290, 290, 290, 290, 290, 290, 290, 290, 290, 290, 290] [190, 210, 230, 250, 270, 290, 310, 330, 350, 370, 390] [525, 195] 11 2
[310, 290, 290, 290, 290, 290, 290, 290, 290, 290, 290] [190, 190, 210, 230, 250, 270, 290, 310, 330, 350, 370] [525, 195] 11 1
[330, 310, 290, 290, 290, 290, 290, 290, 290, 290, 290] [190, 190, 190, 210, 230, 250, 270, 290, 310, 330, 350] [525, 195] 11 1
[350, 330, 310, 290, 290, 290, 290, 290, 290, 290, 290] [190, 190, 190, 190, 210, 230, 250, 270, 290, 310, 330] [525, 195] 11 1
[370, 350, 330, 310, 290, 290, 290, 290, 290, 290, 290] [190, 190, 190, 190, 190, 210, 230, 250, 270, 290, 310] [525, 195] 11 1
[390, 370, 350, 330, 310, 290, 290, 290, 290, 290, 290] [190, 190, 190, 190, 190, 190, 210, 230, 250, 270, 290] [525, 195] 11 1
[410, 390, 370, 350, 330, 310, 290, 290, 290, 290, 290] [190, 190, 190, 190, 190, 190, 190, 210, 230, 250, 270] [525, 195] 11 1
[430, 410, 390, 370, 350, 330, 310, 290, 290, 290, 290] [190, 190, 190, 190, 190, 190, 190, 190, 210, 230, 250] [525, 195] 11 1
[450, 430, 410, 390, 370, 350, 330, 310, 290, 290, 290] [190, 190, 190, 190, 190, 190, 190, 190, 190, 210, 230] [525, 195] 11 1
[470, 450, 430, 410, 390, 370, 350, 330, 310, 290, 290] [190, 190, 190, 190, 190, 190, 190, 190, 190, 190, 210] [525, 195] 11 1
[490, 470, 450, 430, 410, 390, 370, 350, 330, 310, 290] [190, 190, 190, 190, 190, 190, 190, 190, 190, 190, 190] [525, 195] 11 1
[510, 490, 470, 450, 430, 410, 390, 370, 350, 330, 310] [190, 190, 190, 190, 190, 190, 190, 190, 190, 190, 190] [525, 195] 11 1
[530, 510, 490, 470, 450, 430, 410, 390, 370, 350, 330, 310] [190, 190, 190, 190, 190, 190, 190, 190, 190, 190, 190, 190] [457, 132] 12 1
[550, 530, 510, 490, 470, 450, 430, 410, 390, 370, 350, 330] [190, 190, 190, 190, 190, 190, 190, 190, 190, 190, 190, 190] [457, 132] 12 1
[550, 550, 530, 510, 490, 470, 450, 430, 410, 390, 370, 350] [170, 190, 190, 190, 190, 190, 190, 190, 190, 190, 190, 190] [457, 132] 12 2
[550, 550, 550, 530, 510, 490, 470, 450, 430, 410, 390, 370] [150, 170, 190, 190, 190, 190, 190, 190, 190, 190, 190, 190] [457, 132] 12 2
[550, 550, 550, 550, 530, 510, 490, 470, 450, 430, 410, 390] [130, 150, 170, 190, 190, 190, 190, 190, 190, 190, 190, 190] [457, 132] 12 2
[530, 550, 550, 550, 550, 530, 510, 490, 470, 450, 430, 410] [130, 130, 150, 170, 190, 190, 190, 190, 190, 190, 190, 190] [457, 132] 12 3
[510, 530, 550, 550, 550, 550, 530, 510, 490, 470, 450, 430] [130, 130, 130, 150, 170, 190, 190, 190, 190, 190, 190, 190] [457, 132] 12 3
[490, 510, 530, 550, 550, 550, 550, 530, 510, 490, 470, 450] [130, 130, 130, 130, 150, 170, 190, 190, 190, 190, 190, 190] [457, 132] 12 3
[470, 490, 510, 530, 550, 550, 550, 550, 530, 510, 490, 470] [130, 130, 130, 130, 130, 150, 170, 190, 190, 190, 190, 190] [457, 132] 12 3
[450, 470, 490, 510, 530, 550, 550, 550, 550, 530, 510, 490] [130, 130, 130, 130, 130, 130, 150, 170, 190, 190, 190, 190] [457, 132] 12 3
[430, 450, 470, 490, 510, 530, 550, 550, 550, 550, 530, 510, 490] [130, 130, 130, 130, 130, 130, 130, 150, 170, 190, 190, 190, 190] [559, 122] 13 3
[430, 430, 450, 470, 490, 510, 530, 550, 550, 550, 550, 530, 510] [110, 130, 130, 130, 130, 130, 130, 130, 150, 170, 190, 190, 190] [559, 122] 13 2
[450, 430, 430, 450, 470, 490, 510, 530, 550, 550, 550, 550, 530] [110, 110, 130, 130, 130, 130, 130, 130, 130, 150, 170, 190, 190] [559, 122] 13 1
[470, 450, 430, 430, 450, 470, 490, 510, 530, 550, 550, 550, 550] [110, 110, 110, 130, 130, 130, 130, 130, 130, 130, 150, 170, 190] [559, 122] 13 1
[490, 470, 450, 430, 430, 450, 470, 490, 510, 530, 550, 550, 550] [110, 110, 110, 110, 130, 130, 130, 130, 130, 130, 130, 150, 170] [559, 122] 13 1
[510, 490, 470, 450, 430, 430, 450, 470, 490, 510, 530, 550, 550] [110, 110, 110, 110, 110, 130, 130, 130, 130, 130, 130, 130, 150] [559, 122] 13 1
[530, 510, 490, 470, 450, 430, 430, 450, 470, 490, 510, 530, 550] [110, 110, 110, 110, 110, 110, 130, 130, 130, 130, 130, 130, 130] [559, 122] 13 1
[550, 530, 510, 490, 470, 450, 430, 430, 450, 470, 490, 510, 530] [110, 110, 110, 110, 110, 110, 110, 130, 130, 130, 130, 130, 130] [559, 122] 13 1
[570, 550, 530, 510, 490, 470, 450, 430, 430, 450, 470, 490, 510, 530] [110, 110, 110, 110, 110, 110, 110, 110, 130, 130, 130, 130, 130, 130] [291, 259] 14 1
[570, 570, 550, 530, 510, 490, 470, 450, 430, 430, 450, 470, 490, 510] [130, 110, 110, 110, 110, 110, 110, 110, 110, 130, 130, 130, 130, 130] [291, 259] 14 0
[570, 570, 570, 550, 530, 510, 490, 470, 450, 430, 430, 450, 470, 490] [150, 130, 110, 110, 110, 110, 110, 110, 110, 110, 130, 130, 130, 130] [291, 259] 14 0
[570, 570, 570, 570, 550, 530, 510, 490, 470, 450, 430, 430, 450, 470] [170, 150, 130, 110, 110, 110, 110, 110, 110, 110, 110, 130, 130, 130] [291, 259] 14 0
[570, 570, 570, 570, 570, 550, 530, 510, 490, 470, 450, 430, 430, 450] [190, 170, 150, 130, 110, 110, 110, 110, 110, 110, 110, 110, 130, 130] [291, 259] 14 0
[570, 570, 570, 570, 570, 570, 550, 530, 510, 490, 470, 450, 430, 430] [210, 190, 170, 150, 130, 110, 110, 110, 110, 110, 110, 110, 110, 130] [291, 259] 14 0
[570, 570, 570, 570, 570, 570, 570, 550, 530, 510, 490, 470, 450, 430] [230, 210, 190, 170, 150, 130, 110, 110, 110, 110, 110, 110, 110, 110] [291, 259] 14 0
[570, 570, 570, 570, 570, 570, 570, 570, 550, 530, 510, 490, 470, 450] [250, 230, 210, 190, 170, 150, 130, 110, 110, 110, 110, 110, 110, 110] [291, 259] 14 0
[550, 570, 570, 570, 570, 570, 570, 570, 570, 550, 530, 510, 490, 470] [250, 250, 230, 210, 190, 170, 150, 130, 110, 110, 110, 110, 110, 110] [291, 259] 14 3
[530, 550, 570, 570, 570, 570, 570, 570, 570, 570, 550, 530, 510, 490] [250, 250, 250, 230, 210, 190, 170, 150, 130, 110, 110, 110, 110, 110] [291, 259] 14 3
[510, 530, 550, 570, 570, 570, 570, 570, 570, 570, 570, 550, 530, 510] [250, 250, 250, 250, 230, 210, 190, 170, 150, 130, 110, 110, 110, 110] [291, 259] 14 3
[490, 510, 530, 550, 570, 570, 570, 570, 570, 570, 570, 570, 550, 530] [250, 250, 250, 250, 250, 230, 210, 190, 170, 150, 130, 110, 110, 110] [291, 259] 14 3
[470, 490, 510, 530, 550, 570, 570, 570, 570, 570, 570, 570, 570, 550] [250, 250, 250, 250, 250, 250, 230, 210, 190, 170, 150, 130, 110, 110] [291, 259] 14 3
[450, 470, 490, 510, 530, 550, 570, 570, 570, 570, 570, 570, 570, 570] [250, 250, 250, 250, 250, 250, 250, 230, 210, 190, 170, 150, 130, 110] [291, 259] 14 3
[430, 450, 470, 490, 510, 530, 550, 570, 570, 570, 570, 570, 570, 570] [250, 250, 250, 250, 250, 250, 250, 250, 230, 210, 190, 170, 150, 130] [291, 259] 14 3
[410, 430, 450, 470, 490, 510, 530, 550, 570, 570, 570, 570, 570, 570] [250, 250, 250, 250, 250, 250, 250, 250, 250, 230, 210, 190, 170, 150] [291, 259] 14 3
[390, 410, 430, 450, 470, 490, 510, 530, 550, 570, 570, 570, 570, 570] [250, 250, 250, 250, 250, 250, 250, 250, 250, 250, 230, 210, 190, 170] [291, 259] 14 3
[370, 390, 410, 430, 450, 470, 490, 510, 530, 550, 570, 570, 570, 570] [250, 250, 250, 250, 250, 250, 250, 250, 250, 250, 250, 230, 210, 190] [291, 259] 14 3
[350, 370, 390, 410, 430, 450, 470, 490, 510, 530, 550, 570, 570, 570] [250, 250, 250, 250, 250, 250, 250, 250, 250, 250, 250, 250, 230, 210] [291, 259] 14 3
[330, 350, 370, 390, 410, 430, 450, 470, 490, 510, 530, 550, 570, 570] [250, 250, 250, 250, 250, 250, 250, 250, 250, 250, 250, 250, 250, 230] [291, 259] 14 3
[310, 330, 350, 370, 390, 410, 430, 450, 470, 490, 510, 530, 550, 570] [250, 250, 250, 250, 250, 250, 250, 250, 250, 250, 250, 250, 250, 250] [291, 259] 14 3
[290, 310, 330, 350, 370, 390, 410, 430, 450, 470, 490, 510, 530, 550] [250, 250, 250, 250, 250, 250, 250, 250, 250, 250, 250, 250, 250, 250] [291, 259] 14 3
