[290, 290, 290, 290, 290] [290, 270, 250, 230, 210] [505, 283] 5 0
[290, 290, 290, 290, 290] [310, 290, 270, 250, 230] [505, 283] 5 0
[310, 290, 290, 290, 290] [310, 310, 290, 270, 250] [505, 283] 5 1
[330, 310, 290, 290, 290] [310, 310, 310, 290, 270] [505, 283] 5 1
[350, 330, 310, 290, 290] [310, 310, 310, 310, 290] [505, 283] 5 1
[370, 350, 330, 310, 290] [310, 310, 310, 310, 310] [505, 283] 5 1
[390, 370, 350, 330, 310] [310, 310, 310, 310, 310] [505, 283] 5 1
[410, 390, 370, 350, 330] [310, 310, 310, 310, 310] [505, 283] 5 1
[430, 410, 390, 370, 350] [310, 310, 310, 310, 310] [505, 283] 5 1
[450, 430, 410, 390, 370] [310, 310, 310, 310, 310] [505, 283] 5 1
[470, 450, 430, 410, 390] [310, 310, 310, 310, 310] [505, 283] 5 1
[490, 470, 450, 430, 410] [310, 310, 310, 310, 310] [505, 283] 5 1
[490, 490, 470, 450, 430] [290, 310, 310, 310, 310] [505, 283] 5 2
[490, 490, 490, 470, 450, 430] [270, 290, 310, 310, 310, 310] [285, 246] 6 2
[490, 490, 490, 490, 470, 450] [250, 270, 290, 310, 310, 310] [285, 246] 6 2
[470, 490, 490, 490, 490, 470] [250, 250, 270, 290, 310, 310] [285, 246] 6 3
[450, 470, 490, 490, 490, 490] [250, 250, 250, 270, 290, 310] [285, 246] 6 3
[430, 450, 470, 490, 490, 490] [250, 250, 250, 250, 270, 290] [285, 246] 6 3
[410, 430, 450, 470, 490, 490] [250, 250, 250, 250, 250, 270] [285, 246] 6 3
[390, 410, 430, 450, 470, 490] [250, 250, 250, 250, 250, 250] [285, 246] 6 3
[370, 390, 410, 430, 450, 470] [250, 250, 250, 250, 250, 250] [285, 246] 6 3
[350, 370, 390, 410, 430, 450] [250, 250, 250, 250, 250, 250] [285, 246] 6 3
[330, 350, 370, 390, 410, 430] [250, 250, 250, 250, 250, 250] [285, 246] 6 3
[310, 330, 350, 370, 390, 410] [250, 250, 250, 250, 250, 250] [285, 246] 6 3
[290, 310, 330, 350, 370, 390] [250, 250, 250, 250, 250, 250] [285, 246] 6 3
[270, 290, 310, 330, 350, 370, 390] [250, 250, 250, 250, 250, 250, 250] [484, 158] 7 3
[250, 270, 290, 310, 330, 350, 370] [250, 250, 250, 250, 250, 250, 250] [484, 158] 7 3
[250, 250, 270, 290, 310, 330, 350] [230, 250, 250, 250, 250, 250, 250] [484, 158] 7 2
[250, 250, 250, 270, 290, 310, 330] [210, 230, 250, 250, 250, 250, 250] [484, 158] 7 2
[250, 250, 250, 250, 270, 290, 310] [190, 210, 230, 250, 250, 250, 250] [484, 158] 7 2
[250, 250, 250, 250, 250, 270, 290] [170, 190, 210, 230, 250, 250, 250] [484, 158] 7 2
[250, 250, 250, 250, 250, 250, 270] [150, 170, 190, 210, 230, 250, 250] [484, 158] 7 2
[270, 250, 250, 250, 250, 250, 250] [150, 150, 170, 190, 210, 230, 250] [484, 158] 7 1
[290, 270, 250, 250, 250, 250, 250] [150, 150, 150, 170, 190, 210, 230] [484, 158] 7 1
[310, 290, 270, 250, 250, 250, 250] [150, 150, 150, 150, 170, 190, 210] [484, 158] 7 1
[330, 310, 290, 270, 250, 250, 250] [150, 150, 150, 150, 150, 170, 190] [484, 158] 7 1
[350, 330, 310, 290, 270, 250, 250] [150, 150, 150, 150, 150, 150, 170] [484, 158] 7 1
[370, 350, 330, 310, 290, 270, 250] [150, 150, 150, 150, 150, 150, 150] [484, 158] 7 1
[390, 370, 350, 330, 310, 290, 270] [150, 150, 150, 150, 150, 150, 150] [484, 158] 7 1
[410, 390, 370, 350, 330, 310, 290] [150, 150, 150, 150, 150, 150, 150] [484, 158] 7 1
[430, 410, 390, 370, 350, 330, 310] [150, 150, 150, 150, 150, 150, 150] [484, 158] 7 1
[450, 430, 410, 390, 370, 350, 330] [150, 150, 150, 150, 150, 150, 150] [484, 158] 7 1
[470, 450, 430, 410, 390, 370, 350] [150, 150, 150, 150, 150, 150, 150] [484, 158] 7 1
[490, 470, 450, 430, 410, 390, 370, 350] [150, 150, 150, 150, 150, 150, 150, 150] [364, 271] 8 1
[490, 490, 470, 450, 430, 410, 390, 370] [170, 150, 150, 150, 150, 150, 150, 150] [364, 271] 8 0
[490, 490, 490, 470, 450, 430, 410, 390] [190, 170, 150, 150, 150, 150, 150, 150] [364, 271] 8 0
[490, 490, 490, 490, 470, 450, 430, 410] [210, 190, 170, 150, 150, 150, 150, 150] [364, 271] 8 0
[490, 490, 490, 490, 490, 470, 450, 430] [230, 210, 190, 170, 150, 150, 150, 150] [364, 271] 8 0
[490, 490, 490, 490, 490, 490, 470, 450] [250, 230, 210, 190, 170, 150, 150, 150] [364, 271] 8 0
[470, 490, 490, 490, 490, 490, 490, 470] [250, 250, 230, 210, 190, 170, 150, 150] [364, 271] 8 3
[450, 470, 490, 490, 490, 490, 490, 490] [250, 250, 250, 230, 210, 190, 170, 150] [364, 271] 8 3
[430, 450, 470, 490, 490, 490, 490, 490] [250, 250, 250, 250, 230, 210, 190, 170] [364, 271] 8 3
[410, 430, 450, 470, 490, 490, 490, 490] [250, 250, 250, 250, 250, 230, 210, 190] [364, 271] 8 3
[390, 410, 430, 450, 470, 490, 490, 490] [250, 250, 250, 250, 250, 250, 230, 210] [364, 271] 8 3
[370, 390, 410, 430, 450, 470, 490, 490] [250, 250, 250, 250, 250, 250, 250, 230] [364, 271] 8 3
[350, 370, 390, 410, 430, 450, 470, 490] [250, 250, 250, 250, 250, 250, 250, 250] [364, 271] 8 3
[350, 350, 370, 390, 410, 430, 450, 470] [270, 250, 250, 250, 250, 250, 250, 250] [364, 271] 8 0
[370, 350, 350, 370, 390, 410, 430, 450, 470] [270, 270, 250, 250, 250, 250, 250, 250, 250] [521, 247] 9 1
[390, 370, 350, 350, 370, 390, 410, 430, 450] [270, 270, 270, 250, 250, 250, 250, 250, 250] [521, 247] 9 1
[410, 390, 370, 350, 350, 370, 390, 410, 430] [270, 270, 270, 270, 250, 250, 250, 250, 250] [521, 247] 9 1
[430, 410, 390, 370, 350, 350, 370, 390, 410] [270, 270, 270, 270, 270, 250, 250, 250, 250] [521, 247] 9 1
[450, 430, 410, 390, 370, 350, 350, 370, 390] [270, 270, 270, 270, 270, 270, 250, 250, 250] [521, 247] 9 1
[470, 450, 430, 410, 390, 370, 350, 350, 370] [270, 270, 270, 270, 270, 270, 270, 250, 250] [521, 247] 9 1
[490, 470, 450, 430, 410, 390, 370, 350, 350] [270, 270, 270, 270, 270, 270, 270, 270, 250] [521, 247] 9 1
[510, 490, 470, 450, 430, 410, 390, 370, 350] [270, 270, 270, 270, 270, 270, 270, 270, 270] [521, 247] 9 1
[510, 510, 490, 470, 450, 430, 410, 390, 370] [250, 270, 270, 270, 270, 270, 270, 270, 270] [521, 247] 9 2
[510, 510, 510, 490, 470, 450, 430, 410, 390, 370] [230, 250, 270, 270, 270, 270, 270, 270, 270, 270] [266, 187] 10 2
[510, 510, 510, 510, 490, 470, 450, 430, 410, 390] [210, 230, 250, 270, 270, 270, 270, 270, 270, 270] [266, 187] 10 2
[510, 510, 510, 510, 510, 490, 470, 450, 430, 410] [190, 210, 230, 250, 270, 270, 270, 270, 270, 270] [266, 187] 10 2
[510, 510, 510, 510, 510, 510, 490, 470, 450, 430] [170, 190, 210, 230, 250, 270, 270, 270, 270, 270] [266, 187] 10 2
[490, 510, 510, 510, 510, 510, 510, 490, 470, 450] [170, 170, 190, 210, 230, 250, 270, 270, 270, 270] [266, 187] 10 3
[470, 490, 510, 510, 510, 510, 510, 510, 490, 470] [170, 170, 170, 190, 210, 230, 250, 270, 270, 270] [266, 187] 10 3
[450, 470, 490, 510, 510, 510, 510, 510, 510, 490] [170, 170, 170, 170, 190, 210, 230, 250, 270, 270] [266, 187] 10 3
[430, 450, 470, 490, 510, 510, 510, 510, 510, 510] [170, 170, 170, 170, 170, 190, 210, 230, 250, 270] [266, 187] 10 3
[410, 430, 450, 470, 490, 510, 510, 510, 510, 510] [170, 170, 170, 170, 170, 170, 190, 210, 230, 250] [266, 187] 10 3
[390, 410, 430, 450, 470, 490, 510, 510, 510, 510] [170, 170, 170, 170, 170, 170, 170, 190, 210, 230] [266, 187] 10 3
[370, 390, 410, 430, 450, 470, 490, 510, 510, 510] [170, 170, 170, 170, 170, 170, 170, 170, 190, 210] [266, 187] 10 3
[350, 370, 390, 410, 430, 450, 470, 490, 510, 510] [170, 170, 170, 170, 170, 170, 170, 170, 170, 190] [266, 187] 10 3
[330, 350, 370, 390, 410, 430, 450, 470, 490, 510] [170, 170, 170, 170, 170, 170, 170, 170, 170, 170] [266, 187] 10 3
[310, 330, 350, 370, 390, 410, 430, 450, 470, 490] [170, 170, 170, 170, 170, 170, 170, 170, 170, 170] [266, 187] 10 3
[290, 310, 330, 350, 370, 390, 410, 430, 450, 470] [170, 170, 170, 170, 170, 170, 170, 170, 170, 170] [266, 187] 10 3
[270, 290, 310, 330, 350, 370, 390, 410, 430, 450] [170, 170, 170, 170, 170, 170, 170, 170, 170, 170] [266, 187] 10 3
[250, 270, 290, 310, 330, 350, 370, 390, 410, 430, 450] [170, 170, 170, 170, 170, 170, 170, 170, 170, 170, 170] [137, 24] 11 3
[230, 250, 270, 290, 310, 330, 350, 370, 390, 410, 430] [170, 170, 170, 170, 170, 170, 170, 170, 170, 170, 170] [137, 24] 11 3
[210, 230, 250, 270, 290, 310, 330, 350, 370, 390, 410] [170, 170, 170, 170, 170, 170, 170, 170, 170, 170, 170] [137, 24] 11 3
[190, 210, 230, 250, 270, 290, 310, 330, 350, 370, 390] [170, 170, 170, 170, 170, 170, 170, 170, 170, 170, 170] [137, 24] 11 3
[170, 190, 210, 230, 250, 270, 290, 310, 330, 350, 370] [170, 170, 170, 170, 170, 170, 170, 170, 170, 170, 170] [137, 24] 11 3
[150, 170, 190, 210, 230, 250, 270, 290, 310, 330, 350] [170, 170, 170, 170, 170, 170, 170, 170, 170, 170, 170] [137, 24] 11 3
[130, 150, 170, 190, 210, 230, 250, 270, 290, 310, 330] [170, 170, 170, 170, 170, 170, 170, 170, 170, 170, 170] [137, 24] 11 3
[130, 130, 150, 170, 190, 210, 230, 250, 270, 290, 310] [150, 170, 170, 170, 170, 170, 170, 170, 170, 170, 170] [137, 24] 11 2
[130, 130, 130, 150, 170, 190, 210, 230, 250, 270, 290] [130, 150, 170, 170, 170, 170, 170, 170, 170, 170, 170] [137, 24] 11 2
[130, 130, 130, 130, 150, 170, 190, 210, 230, 250, 270] [110, 130, 150, 170, 170, 170, 170, 170, 170, 170, 170] [137, 24] 11 2
[130, 130, 130, 130, 130, 150, 170, 190, 210, 230, 250] [90, 110, 130, 150, 170, 170, 170, 170, 170, 170, 170] [137, 24] 11 2
[130, 130, 130, 130, 130, 130, 150, 170, 190, 210, 230] [70, 90, 110, 130, 150, 170, 170, 170, 170, 170, 170] [137, 24] 11 2
[130, 130, 130, 130, 130, 130, 130, 150, 170, 190, 210] [50, 70, 90, 110, 130, 150, 170, 170, 170, 170, 170] [137, 24] 11 2
[130, 130, 130, 130, 130, 130, 130, 130, 150, 170, 190] [30, 50, 70, 90, 110, 130, 150, 170, 170, 170, 170] [137, 24] 11 2
[150, 130, 130, 130, 130, 130, 130, 130, 130, 150, 170, 190] [30, 30, 50, 70, 90, 110, 130, 150, 170, 170, 170, 170] [114, 93] 12 1
[170, 150, 130, 130, 130, 130, 130, 130, 130, 130, 150, 170] [30, 30, 30, 50, 70, 90, 110, 130, 150, 170, 170, 170] [114, 93] 12 1
[170, 170, 150, 130, 130, 130, 130, 130, 130, 130, 130, 150] [50, 30, 30, 30, 50, 70, 90, 110, 130, 150, 170, 170] [114, 93] 12 0
[170, 170, 170, 150, 130, 130, 130, 130, 130, 130, 130, 130] [70, 50, 30, 30, 30, 50, 70, 90, 110, 130, 150, 170] [114, 93] 12 0
[170, 170, 170, 170, 150, 130, 130, 130, 130, 130, 130, 130] [90, 70, 50, 30, 30, 30, 50, 70, 90, 110, 130, 150] [114, 93] 12 0
[170, 170, 170, 170, 170, 150, 130, 130, 130, 130, 130, 130] [110, 90, 70, 50, 30, 30, 30, 50, 70, 90, 110, 130] [114, 93] 12 0
[170, 170, 170, 170, 170, 170, 150, 130, 130, 130, 130, 130] [130, 110, 90, 70, 50, 30, 30, 30, 50, 70, 90, 110] [114, 93] 12 0
[170, 170, 170, 170, 170, 170, 170, 150, 130, 130, 130, 130] [150, 130, 110, 90, 70, 50, 30, 30, 30, 50, 70, 90] [114, 93] 12 0
[170, 170, 170, 170, 170, 170, 170, 170, 150, 130, 130, 130] [170, 150, 130, 110, 90, 70, 50, 30, 30, 30, 50, 70] [114, 93] 12 0
[150, 170, 170, 170, 170, 170, 170, 170, 170, 150, 130, 130] [170, 170, 150, 130, 110, 90, 70, 50, 30, 30, 30, 50] [114, 93] 12 3
[130, 150, 170, 170, 170, 170, 170, 170, 170, 170, 150, 130] [170, 170, 170, 150, 130, 110, 90, 70, 50, 30, 30, 30] [114, 93] 12 3
[110, 130, 150, 170, 170, 170, 170, 170, 170, 170, 170, 150] [170, 170, 170, 170, 150, 130, 110, 90, 70, 50, 30, 30] [114, 93] 12 3
[110, 110, 130, 150, 170, 170, 170, 170, 170, 170, 170, 170] [150, 170, 170, 170, 170, 150, 130, 110, 90, 70, 50, 30] [114, 93] 12 2
[110, 110, 110, 130, 150, 170, 170, 170, 170, 170, 170, 170] [130, 150, 170, 170, 170, 170, 150, 130, 110, 90, 70, 50] [114, 93] 12 2
[110, 110, 110, 110, 130, 150, 170, 170, 170, 170, 170, 170] [110, 130, 150, 170, 170, 170, 170, 150, 130, 110, 90, 70] [114, 93] 12 2
[110, 110, 110, 110, 110, 130, 150, 170, 170, 170, 170, 170] [90, 110, 130, 150, 170, 170, 170, 170, 150, 130, 110, 90] [114, 93] 12 2
[110, 110, 110, 110, 110, 110, 130, 150, 170, 170, 170, 170, 170] [70, 90, 110, 130, 150, 170, 170, 170, 170, 150, 130, 110, 90] [228, 588] 13 2
[130, 110, 110, 110, 110, 110, 110, 130, 150, 170, 170, 170, 170] [70, 70, 90, 110, 130, 150, 170, 170, 170, 170, 150, 130, 110] [228, 588] 13 1
[150, 130, 110, 110, 110, 110, 110, 110, 130, 150, 170, 170, 170] [70, 70, 70, 90, 110, 130, 150, 170, 170, 170, 170, 150, 130] [228, 588] 13 1
[170, 150, 130, 110, 110, 110, 110, 110, 110, 130, 150, 170, 170] [70, 70, 70, 70, 90, 110, 130, 150, 170, 170, 170, 170, 150] [228, 588] 13 1
[190, 170, 150, 130, 110, 110, 110, 110, 110, 110, 130, 150, 170] [70, 70, 70, 70, 70, 90, 110, 130, 150, 170, 170, 170, 170] [228, 588] 13 1
[210, 190, 170, 150, 130, 110, 110, 110, 110, 110, 110, 130, 150] [70, 70, 70, 70, 70, 70, 90, 110, 130, 150, 170, 170, 170] [228, 588] 13 1
[230, 210, 190, 170, 150, 130, 110, 110, 110, 110, 110, 110, 130] [70, 70, 70, 70, 70, 70, 70, 90, 110, 130, 150, 170, 170] [228, 588] 13 1
[230, 230, 210, 190, 170, 150, 130, 110, 110, 110, 110, 110, 110] [90, 70, 70, 70, 70, 70, 70, 70, 90, 110, 130, 150, 170] [228, 588] 13 0
[230, 230, 230, 210, 190, 170, 150, 130, 110, 110, 110, 110, 110] [110, 90, 70, 70, 70, 70, 70, 70, 70, 90, 110, 130, 150] [228, 588] 13 0
[230, 230, 230, 230, 210, 190, 170, 150, 130, 110, 110, 110, 110] [130, 110, 90, 70, 70, 70, 70, 70, 70, 70, 90, 110, 130] [228, 588] 13 0
[230, 230, 230, 230, 230, 210, 190, 170, 150, 130, 110, 110, 110] [150, 130, 110, 90, 70, 70, 70, 70, 70, 70, 70, 90, 110] [228, 588] 13 0
[230, 230, 230, 230, 230, 230, 210, 190, 170, 150, 130, 110, 110] [170, 150, 130, 110, 90, 70, 70, 70, 70, 70, 70, 70, 90] [228, 588] 13 0
[230, 230, 230, 230, 230, 230, 230, 210, 190, 170, 150, 130, 110] [190, 170, 150, 130, 110, 90, 70, 70, 70, 70, 70, 70, 70] [228, 588] 13 0
[230, 230, 230, 230, 230, 230, 230, 230, 210, 190, 170, 150, 130] [210, 190, 170, 150, 130, 110, 90, 70, 70, 70, 70, 70, 70] [228, 588] 13 0
[230, 230, 230, 230, 230, 230, 230, 230, 230, 210, 190, 170, 150] [230, 210, 190, 170, 150, 130, 110, 90, 70, 70, 70, 70, 70] [228, 588] 13 0
[230, 230, 230, 230, 230, 230, 230, 230, 230, 230, 210, 190, 170] [250, 230, 210, 190, 170, 150, 130, 110, 90, 70, 70, 70, 70] [228, 588] 13 0
[230, 230, 230, 230, 230, 230, 230, 230, 230, 230, 230, 210, 190] [270, 250, 230, 210, 190, 170, 150, 130, 110, 90, 70, 70, 70] [228, 588] 13 0
[230, 230, 230, 230, 230, 230, 230, 230, 230, 230, 230, 230, 210] [290, 270, 250, 230, 210, 190, 170, 150, 130, 110, 90, 70, 70] [228, 588] 13 0
[230, 230, 230, 230, 230, 230, 230, 230, 230, 230, 230, 230, 230] [310, 290, 270, 250, 230, 210, 190, 170, 150, 130, 110, 90, 70] [228, 588] 13 0
[230, 230, 230, 230, 230, 230, 230, 230, 230, 230, 230, 230, 230] [330, 310, 290, 270, 250, 230, 210, 190, 170, 150, 130, 110, 90] [228, 588] 13 0
[230, 230, 230, 230, 230, 230, 230, 230, 230, 230, 230, 230, 230] [350, 330, 310, 290, 270, 250, 230, 210, 190, 170, 150, 130, 110] [228, 588] 13 0
[230, 230, 230, 230, 230, 230, 230, 230, 230, 230, 230, 230, 230] [370, 350, 330, 310, 290, 270, 250, 230, 210, 190, 170, 150, 130] [228, 588] 13 0
[230, 230, 230, 230, 230, 230, 230, 230, 230, 230, 230, 230, 230] [390, 370, 350, 330, 310, 290, 270, 250, 230, 210, 190, 170, 150] [228, 588] 13 0
[230, 230, 230, 230, 230, 230, 230, 230, 230, 230, 230, 230, 230] [410, 390, 370, 350, 330, 310, 290, 270, 250, 230, 210, 190, 170] [228, 588] 13 0
[230, 230, 230, 230, 230, 230, 230, 230, 230, 230, 230, 230, 230] [430, 410, 390, 370, 350, 330, 310, 290, 270, 250, 230, 210, 190] [228, 588] 13 0
[230, 230, 230, 230, 230, 230, 230, 230, 230, 230, 230, 230, 230] [450, 430, 410, 390, 370, 350, 330, 310, 290, 270, 250, 230, 210] [228, 588] 13 0
[230, 230, 230, 230, 230, 230, 230, 230, 230, 230, 230, 230, 230] [470, 450, 430, 410, 390, 370, 350, 330, 310, 290, 270, 250, 230] [228, 588] 13 0
[230, 230, 230, 230, 230, 230, 230, 230, 230, 230, 230, 230, 230] [490, 470, 450, 430, 410, 390, 370, 350, 330, 310, 290, 270, 250] [228, 588] 13 0
[230, 230, 230, 230, 230, 230, 230, 230, 230, 230, 230, 230, 230] [510, 490, 470, 450, 430, 410, 390, 370, 350, 330, 310, 290, 270] [228, 588] 13 0
[230, 230, 230, 230, 230, 230, 230, 230, 230, 230, 230, 230, 230] [530, 510, 490, 470, 450, 430, 410, 390, 370, 350, 330, 310, 290] [228, 588] 13 0
[230, 230, 230, 230, 230, 230, 230, 230, 230, 230, 230, 230, 230] [550, 530, 510, 490, 470, 450, 430, 410, 390, 370, 350, 330, 310] [228, 588] 13 0
[230, 230, 230, 230, 230, 230, 230, 230, 230, 230, 230, 230, 230] [570, 550, 530, 510, 490, 470, 450, 430, 410, 390, 370, 350, 330] [228, 588] 13 0
[210, 230, 230, 230, 230, 230, 230, 230, 230, 230, 230, 230, 230, 230] [570, 570, 550, 530, 510, 490, 470, 450, 430, 410, 390, 370, 350, 330] [110, 13] 14 3
[190, 210, 230, 230, 230, 230, 230, 230, 230, 230, 230, 230, 230, 230] [570, 570, 570, 550, 530, 510, 490, 470, 450, 430, 410, 390, 370, 350] [110, 13] 14 3
[170, 190, 210, 230, 230, 230, 230, 230, 230, 230, 230, 230, 230, 230] [570, 570, 570, 570, 550, 530, 510, 490, 470, 450, 430, 410, 390, 370] [110, 13] 14 3
[150, 170, 190, 210, 230, 230, 230, 230, 230, 230, 230, 230, 230, 230] [570, 570, 570, 570, 570, 550, 530, 510, 490, 470, 450, 430, 410, 390] [110, 13] 14 3
[130, 150, 170, 190, 210, 230, 230, 230, 230, 230, 230, 230, 230, 230] [570, 570, 570, 570, 570, 570, 550, 530, 510, 490, 470, 450, 430, 410] [110, 13] 14 3
[110, 130, 150, 170, 190, 210, 230, 230, 230, 230, 230, 230, 230, 230] [570, 570, 570, 570, 570, 570, 570, 550, 530, 510, 490, 470, 450, 430] [110, 13] 14 3
[110, 110, 130, 150, 170, 190, 210, 230, 230, 230, 230, 230, 230, 230] [550, 570, 570, 570, 570, 570, 570, 570, 550, 530, 510, 490, 470, 450] [110, 13] 14 2
[110, 110, 110, 130, 150, 170, 190, 210, 230, 230, 230, 230, 230, 230] [530, 550, 570, 570, 570, 570, 570, 570, 570, 550, 530, 510, 490, 470] [110, 13] 14 2
[110, 110, 110, 110, 130, 150, 170, 190, 210, 230, 230, 230, 230, 230] [510, 530, 550, 570, 570, 570, 570, 570, 570, 570, 550, 530, 510, 490] [110, 13] 14 2
[110, 110, 110, 110, 110, 130, 150, 170, 190, 210, 230, 230, 230, 230] [490, 510, 530, 550, 570, 570, 570, 570, 570, 570, 570, 550, 530, 510] [110, 13] 14 2
[110, 110, 110, 110, 110, 110, 130, 150, 170, 190, 210, 230, 230, 230] [470, 490, 510, 530, 550, 570, 570, 570, 570, 570, 570, 570, 550, 530] [110, 13] 14 2
[110, 110, 110, 110, 110, 110, 110, 130, 150, 170, 190, 210, 230, 230] [450, 470, 490, 510, 530, 550, 570, 570, 570, 570, 570, 570, 570, 550] [110, 13] 14 2
[110, 110, 110, 110, 110, 110, 110, 110, 130, 150, 170, 190, 210, 230] [430, 450, 470, 490, 510, 530, 550, 570, 570, 570, 570, 570, 570, 570] [110, 13] 14 2
[110, 110, 110, 110, 110, 110, 110, 110, 110, 130, 150, 170, 190, 210] [410, 430, 450, 470, 490, 510, 530, 550, 570, 570, 570, 570, 570, 570] [110, 13] 14 2
[110, 110, 110, 110, 110, 110, 110, 110, 110, 110, 130, 150, 170, 190] [390, 410, 430, 450, 470, 490, 510, 530, 550, 570, 570, 570, 570, 570] [110, 13] 14 2
[110, 110, 110, 110, 110, 110, 110, 110, 110, 110, 110, 130, 150, 170] [370, 390, 410, 430, 450, 470, 490, 510, 530, 550, 570, 570, 570, 570] [110, 13] 14 2
[110, 110, 110, 110, 110, 110, 110, 110, 110, 110, 110, 110, 130, 150] [350, 370, 390, 410, 430, 450, 470, 490, 510, 530, 550, 570, 570, 570] [110, 13] 14 2
[110, 110, 110, 110, 110, 110, 110, 110, 110, 110, 110, 110, 110, 130] [330, 350, 370, 390, 410, 430, 450, 470, 490, 510, 530, 550, 570, 570] [110, 13] 14 2
[110, 110, 110, 110, 110, 110, 110, 110, 110, 110, 110, 110, 110, 110] [310, 330, 350, 370, 390, 410, 430, 450, 470, 490, 510, 530, 550, 570] [110, 13] 14 2
[110, 110, 110, 110, 110, 110, 110, 110, 110, 110, 110, 110, 110, 110] [290, 310, 330, 350, 370, 390, 410, 430, 450, 470, 490, 510, 530, 550] [110, 13] 14 2
[110, 110, 110, 110, 110, 110, 110, 110, 110, 110, 110, 110, 110, 110] [270, 290, 310, 330, 350, 370, 390, 410, 430, 450, 470, 490, 510, 530] [110, 13] 14 2
[110, 110, 110, 110, 110, 110, 110, 110, 110, 110, 110, 110, 110, 110] [250, 270, 290, 310, 330, 350, 370, 390, 410, 430, 450, 470, 490, 510] [110, 13] 14 2
[110, 110, 110, 110, 110, 110, 110, 110, 110, 110, 110, 110, 110, 110] [230, 250, 270, 290, 310, 330, 350, 370, 390, 410, 430, 450, 470, 490] [110, 13] 14 2
[110, 110, 110, 110, 110, 110, 110, 110, 110, 110, 110, 110, 110, 110] [210, 230, 250, 270, 290, 310, 330, 350, 370, 390, 410, 430, 450, 470] [110, 13] 14 2
[110, 110, 110, 110, 110, 110, 110, 110, 110, 110, 110, 110, 110, 110] [190, 210, 230, 250, 270, 290, 310, 330, 350, 370, 390, 410, 430, 450] [110, 13] 14 2
[110, 110, 110, 110, 110, 110, 110, 110, 110, 110, 110, 110, 110, 110] [170, 190, 210, 230, 250, 270, 290, 310, 330, 350, 370, 390, 410, 430] [110, 13] 14 2
[110, 110, 110, 110, 110, 110, 110, 110, 110, 110, 110, 110, 110, 110] [150, 170, 190, 210, 230, 250, 270, 290, 310, 330, 350, 370, 390, 410] [110, 13] 14 2
[110, 110, 110, 110, 110, 110, 110, 110, 110, 110, 110, 110, 110, 110] [130, 150, 170, 190, 210, 230, 250, 270, 290, 310, 330, 350, 370, 390] [110, 13] 14 2
[110, 110, 110, 110, 110, 110, 110, 110, 110, 110, 110, 110, 110, 110] [110, 130, 150, 170, 190, 210, 230, 250, 270, 290, 310, 330, 350, 370] [110, 13] 14 2
[110, 110, 110, 110, 110, 110, 110, 110, 110, 110, 110, 110, 110, 110] [90, 110, 130, 150, 170, 190, 210, 230, 250, 270, 290, 310, 330, 350] [110, 13] 14 2
[110, 110, 110, 110, 110, 110, 110, 110, 110, 110, 110, 110, 110, 110] [70, 90, 110, 130, 150, 170, 190, 210, 230, 250, 270, 290, 310, 330] [110, 13] 14 2
[110, 110, 110, 110, 110, 110, 110, 110, 110, 110, 110, 110, 110, 110] [50, 70, 90, 110, 130, 150, 170, 190, 210, 230, 250, 270, 290, 310] [110, 13] 14 2
[110, 110, 110, 110, 110, 110, 110, 110, 110, 110, 110, 110, 110, 110] [30, 50, 70, 90, 110, 130, 150, 170, 190, 210, 230, 250, 270, 290] [110, 13] 14 2
[110, 110, 110, 110, 110, 110, 110, 110, 110, 110, 110, 110, 110, 110] [10, 30, 50, 70, 90, 110, 130, 150, 170, 190, 210, 230, 250, 270] [110, 13] 14 2
[130, 110, 110, 110, 110, 110, 110, 110, 110, 110, 110, 110, 110, 110, 110] [10, 10, 30, 50, 70, 90, 110, 130, 150, 170, 190, 210, 230, 250, 270] [114, 352] 15 1
[130, 130, 110, 110, 110, 110, 110, 110, 110, 110, 110, 110, 110, 110, 110] [30, 10, 10, 30, 50, 70, 90, 110, 130, 150, 170, 190, 210, 230, 250] [114, 352] 15 0
[130, 130, 130, 110, 110, 110, 110, 110, 110, 110, 110, 110, 110, 110, 110] [50, 30, 10, 10, 30, 50, 70, 90, 110, 130, 150, 170, 190, 210, 230] [114, 352] 15 0
[130, 130, 130, 130, 110, 110, 110, 110, 110, 110, 110, 110, 110, 110, 110] [70, 50, 30, 10, 10, 30, 50, 70, 90, 110, 130, 150, 170, 190, 210] [114, 352] 15 0
[130, 130, 130, 130, 130, 110, 110, 110, 110, 110, 110, 110, 110, 110, 110] [90, 70, 50, 30, 10, 10, 30, 50, 70, 90, 110, 130, 150, 170, 190] [114, 352] 15 0
[130, 130, 130, 130, 130, 130, 110, 110, 110, 110, 110, 110, 110, 110, 110] [110, 90, 70, 50, 30, 10, 10, 30, 50, 70, 90, 110, 130, 150, 170] [114, 352] 15 0
[130, 130, 130, 130, 130, 130, 130, 110, 110, 110, 110, 110, 110, 110, 110] [130, 110, 90, 70, 50, 30, 10, 10, 30, 50, 70, 90, 110, 130, 150] [114, 352] 15 0
[130, 130, 130, 130, 130, 130, 130, 130, 110, 110, 110, 110, 110, 110, 110] [150, 130, 110, 90, 70, 50, 30, 10, 10, 30, 50, 70, 90, 110, 130] [114, 352] 15 0
[130, 130, 130, 130, 130, 130, 130, 130, 130, 110, 110, 110, 110, 110, 110] [170, 150, 130, 110, 90, 70, 50, 30, 10, 10, 30, 50, 70, 90, 110] [114, 352] 15 0
[130, 130, 130, 130, 130, 130, 130, 130, 130, 130, 110, 110, 110, 110, 110] [190, 170, 150, 130, 110, 90, 70, 50, 30, 10, 10, 30, 50, 70, 90] [114, 352] 15 0
[130, 130, 130, 130, 130, 130, 130, 130, 130, 130, 130, 110, 110, 110, 110] [210, 190, 170, 150, 130, 110, 90, 70, 50, 30, 10, 10, 30, 50, 70] [114, 352] 15 0
[130, 130, 130, 130, 130, 130, 130, 130, 130, 130, 130, 130, 110, 110, 110] [230, 210, 190, 170, 150, 130, 110, 90, 70, 50, 30, 10, 10, 30, 50] [114, 352] 15 0
[130, 130, 130, 130, 130, 130, 130, 130, 130, 130, 130, 130, 130, 110, 110] [250, 230, 210, 190, 170, 150, 130, 110, 90, 70, 50, 30, 10, 10, 30] [114, 352] 15 0
[130, 130, 130, 130, 130, 130, 130, 130, 130, 130, 130, 130, 130, 130, 110] [270, 250, 230, 210, 190, 170, 150, 130, 110, 90, 70, 50, 30, 10, 10] [114, 352] 15 0
[130, 130, 130, 130, 130, 130, 130, 130, 130, 130, 130, 130, 130, 130, 130] [290, 270, 250, 230, 210, 190, 170, 150, 130, 110, 90, 70, 50, 30, 10] [114, 352] 15 0
[130, 130, 130, 130, 130, 130, 130, 130, 130, 130, 130, 130, 130, 130, 130] [310, 290, 270, 250, 230, 210, 190, 170, 150, 130, 110, 90, 70, 50, 30] [114, 352] 15 0
[130, 130, 130, 130, 130, 130, 130, 130, 130, 130, 130, 130, 130, 130, 130] [330, 310, 290, 270, 250, 230, 210, 190, 170, 150, 130, 110, 90, 70, 50] [114, 352] 15 0
[130, 130, 130, 130, 130, 130, 130, 130, 130, 130, 130, 130, 130, 130, 130] [350, 330, 310, 290, 270, 250, 230, 210, 190, 170, 150, 130, 110, 90, 70] [114, 352] 15 0
[110, 130, 130, 130, 130, 130, 130, 130, 130, 130, 130, 130, 130, 130, 130] [350, 350, 330, 310, 290, 270, 250, 230, 210, 190, 170, 150, 130, 110, 90] [114, 352] 15 3
