[290, 290, 290, 290, 290] [290, 270, 250, 230, 210] [572, 175] 5 0
[310, 290, 290, 290, 290] [290, 290, 270, 250, 230] [572, 175] 5 1
[330, 310, 290, 290, 290] [290, 290, 290, 270, 250] [572, 175] 5 1
[350, 330, 310, 290, 290] [290, 290, 290, 290, 270] [572, 175] 5 1
[370, 350, 330, 310, 290] [290, 290, 290, 290, 290] [572, 175] 5 1
[390, 370, 350, 330, 310] [290, 290, 290, 290, 290] [572, 175] 5 1
[410, 390, 370, 350, 330] [290, 290, 290, 290, 290] [572, 175] 5 1
[430, 410, 390, 370, 350] [290, 290, 290, 290, 290] [572, 175] 5 1
[450, 430, 410, 390, 370] [290, 290, 290, 290, 290] [572, 175] 5 1
[470, 450, 430, 410, 390] [290, 290, 290, 290, 290] [572, 175] 5 1
[490, 470, 450, 430, 410] [290, 290, 290, 290, 290] [572, 175] 5 1
[510, 490, 470, 450, 430] [290, 290, 290, 290, 290] [572, 175] 5 1
[530, 510, 490, 470, 450] [290, 290, 290, 290, 290] [572, 175] 5 1
[550, 530, 510, 490, 470] [290, 290, 290, 290, 290] [572, 175] 5 1
[570, 550, 530, 510, 490] [290, 290, 290, 290, 290] [572, 175] 5 1
[570, 570, 550, 530, 510] [270, 290, 290, 290, 290] [572, 175] 5 2
[570, 570, 570, 550, 530] [250, 270, 290, 290, 290] [572, 175] 5 2
[570, 570, 570, 570, 550] [230, 250, 270, 290, 290] [572, 175] 5 2
[570, 570, 570, 570, 570] [210, 230, 250, 270, 290] [572, 175] 5 2
[570, 570, 570, 570, 570] [190, 210, 230, 250, 270] [572, 175] 5 2
[570, 570, 570, 570, 570] [170, 190, 210, 230, 250] [572, 175] 5 2
[570, 570, 570, 570, 570, 570] [150, 170, 190, 210, 230, 250] [422, 243] 6 2
[550, 570, 570, 570, 570, 570] [150, 150, 170, 190, 210, 230] [422, 243] 6 3
[530, 550, 570, 570, 570, 570] [150, 150, 150, 170, 190, 210] [422, 243] 6 3
[510, 530, 550, 570, 570, 570] [150, 150, 150, 150, 170, 190] [422, 243] 6 3
[490, 510, 530, 550, 570, 570] [150, 150, 150, 150, 150, 170] [422, 243] 6 3
[470, 490, 510, 530, 550, 570] [150, 150, 150, 150, 150, 150] [422, 243] 6 3
[450, 470, 490, 510, 530, 550] [150, 150, 150, 150, 150, 150] [422, 243] 6 3
[430, 450, 470, 490, 510, 530] [150, 150, 150, 150, 150, 150] [422, 243] 6 3
[410, 430, 450, 470, 490, 510] [150, 150, 150, 150, 150, 150] [422, 243] 6 3
[410, 410, 430, 450, 470, 490] [170, 150, 150, 150, 150, 150] [422, 243] 6 0
[410, 410, 410, 430, 450, 470] [190, 170, 150, 150, 150, 150] [422, 243] 6 0
[410, 410, 410, 410, 430, 450] [210, 190, 170, 150, 150, 150] [422, 243] 6 0
[410, 410, 410, 410, 410, 430] [230, 210, 190, 170, 150, 150] [422, 243] 6 0
[410, 410, 410, 410, 410, 410, 430] [250, 230, 210, 190, 170, 150, 150] [299, 464] 7 0
[410, 410, 410, 410, 410, 410, 410] [270, 250, 230, 210, 190, 170, 150] [299, 464] 7 0
[410, 410, 410, 410, 410, 410, 410] [290, 270, 250, 230, 210, 190, 170] [299, 464] 7 0
[410, 410, 410, 410, 410, 410, 410] [310, 290, 270, 250, 230, 210, 190] [299, 464] 7 0
[410, 410, 410, 410, 410, 410, 410] [330, 310, 290, 270, 250, 230, 210] [299, 464] 7 0
[410, 410, 410, 410, 410, 410, 410] [350, 330, 310, 290, 270, 250, 230] [299, 464] 7 0
[410, 410, 410, 410, 410, 410, 410] [370, 350, 330, 310, 290, 270, 250] [299, 464] 7 0
[410, 410, 410, 410, 410, 410, 410] [390, 370, 350, 330, 310, 290, 270] [299, 464] 7 0
[410, 410, 410, 410, 410, 410, 410] [410, 390, 370, 350, 330, 310, 290] [299, 464] 7 0
[410, 410, 410, 410, 410, 410, 410] [430, 410, 390, 370, 350, 330, 310] [299, 464] 7 0
[410, 410, 410, 410, 410, 410, 410] [450, 430, 410, 390, 370, 350, 330] [299, 464] 7 0
[390, 410, 410, 410, 410, 410, 410] [450, 450, 430, 410, 390, 370, 350] [299, 464] 7 3
[370, 390, 410, 410, 410, 410, 410] [450, 450, 450, 430, 410, 390, 370] [299, 464] 7 3
[350, 370, 390, 410, 410, 410, 410] [450, 450, 450, 450, 430, 410, 390] [299, 464] 7 3
[330, 350, 370, 390, 410, 410, 410] [450, 450, 450, 450, 450, 430, 410] [299, 464] 7 3
[310, 330, 350, 370, 390, 410, 410] [450, 450, 450, 450, 450, 450, 430] [299, 464] 7 3
[290, 310, 330, 350, 370, 390, 410] [450, 450, 450, 450, 450, 450, 450] [299, 464] 7 3
[270, 290, 310, 330, 350, 370, 390, 410] [450, 450, 450, 450, 450, 450, 450, 450] [339, 389] 8 3
[270, 270, 290, 310, 330, 350, 370, 390] [430, 450, 450, 450, 450, 450, 450, 450] [339, 389] 8 2
[270, 270, 270, 290, 310, 330, 350, 370] [410, 430, 450, 450, 450, 450, 450, 450] [339, 389] 8 2
[270, 270, 270, 270, 290, 310, 330, 350] [390, 410, 430, 450, 450, 450, 450, 450] [339, 389] 8 2
[290, 270, 270, 270, 270, 290, 310, 330] [390, 390, 410, 430, 450, 450, 450, 450] [339, 389] 8 1
[310, 290, 270, 270, 270, 270, 290, 310] [390, 390, 390, 410, 430, 450, 450, 450] [339, 389] 8 1
[330, 310, 290, 270, 270, 270, 270, 290] [390, 390, 390, 390, 410, 430, 450, 450] [339, 389] 8 1
[350, 330, 310, 290, 270, 270, 270, 270, 290] [390, 390, 390, 390, 390, 410, 430, 450, 450] [545, 546] 9 1
[370, 350, 330, 310, 290, 270, 270, 270, 270] [390, 390, 390, 390, 390, 390, 410, 430, 450] [545, 546] 9 1
[390, 370, 350, 330, 310, 290, 270, 270, 270] [390, 390, 390, 390, 390, 390, 390, 410, 430] [545, 546] 9 1
[410, 390, 370, 350, 330, 310, 290, 270, 270] [390, 390, 390, 390, 390, 390, 390, 390, 410] [545, 546] 9 1
[430, 410, 390, 370, 350, 330, 310, 290, 270] [390, 390, 390, 390, 390, 390, 390, 390, 390] [545, 546] 9 1
[450, 430, 410, 390, 370, 350, 330, 310, 290] [390, 390, 390, 390, 390, 390, 390, 390, 390] [545, 546] 9 1
[470, 450, 430, 410, 390, 370, 350, 330, 310] [390, 390, 390, 390, 390, 390, 390, 390, 390] [545, 546] 9 1
[490, 470, 450, 430, 410, 390, 370, 350, 330] [390, 390, 390, 390, 390, 390, 390, 390, 390] [545, 546] 9 1
[510, 490, 470, 450, 430, 410, 390, 370, 350] [390, 390, 390, 390, 390, 390, 390, 390, 390] [545, 546] 9 1
[530, 510, 490, 470, 450, 430, 410, 390, 370] [390, 390, 390, 390, 390, 390, 390, 390, 390] [545, 546] 9 1
[550, 530, 510, 490, 470, 450, 430, 410, 390] [390, 390, 390, 390, 390, 390, 390, 390, 390] [545, 546] 9 1
[550, 550, 530, 510, 490, 470, 450, 430, 410] [410, 390, 390, 390, 390, 390, 390, 390, 390] [545, 546] 9 0
[550, 550, 550, 530, 510, 490, 470, 450, 430] [430, 410, 390, 390, 390, 390, 390, 390, 390] [545, 546] 9 0
[550, 550, 550, 550, 530, 510, 490, 470, 450] [450, 430, 410, 390, 390, 390, 390, 390, 390] [545, 546] 9 0
[550, 550, 550, 550, 550, 530, 510, 490, 470] [470, 450, 430, 410, 390, 390, 390, 390, 390] [545, 546] 9 0
[550, 550, 550, 550, 550, 550, 530, 510, 490] [490, 470, 450, 430, 410, 390, 390, 390, 390] [545, 546] 9 0
[550, 550, 550, 550, 550, 550, 550, 530, 510] [510, 490, 470, 450, 430, 410, 390, 390, 390] [545, 546] 9 0
[550, 550, 550, 550, 550, 550, 550, 550, 530] [530, 510, 490, 470, 450, 430, 410, 390, 390] [545, 546] 9 0
[550, 550, 550, 550, 550, 550, 550, 550, 550, 530] [550, 530, 510, 490, 470, 450, 430, 410, 390, 390] [384, 378] 10 0
[530, 550, 550, 550, 550, 550, 550, 550, 550, 550] [550, 550, 530, 510, 490, 470, 450, 430, 410, 390] [384, 378] 10 3
[510, 530, 550, 550, 550, 550, 550, 550, 550, 550] [550, 550, 550, 530, 510, 490, 470, 450, 430, 410] [384, 378] 10 3
[490, 510, 530, 550, 550, 550, 550, 550, 550, 550] [550, 550, 550, 550, 530, 510, 490, 470, 450, 430] [384, 378] 10 3
[470, 490, 510, 530, 550, 550, 550, 550, 550, 550] [550, 550, 550, 550, 550, 530, 510, 490, 470, 450] [384, 378] 10 3
[450, 470, 490, 510, 530, 550, 550, 550, 550, 550] [550, 550, 550, 550, 550, 550, 530, 510, 490, 470] [384, 378] 10 3
[430, 450, 470, 490, 510, 530, 550, 550, 550, 550] [550, 550, 550, 550, 550, 550, 550, 530, 510, 490] [384, 378] 10 3
[410, 430, 450, 470, 490, 510, 530, 550, 550, 550] [550, 550, 550, 550, 550, 550, 550, 550, 530, 510] [384, 378] 10 3
[390, 410, 430, 450, 470, 490, 510, 530, 550, 550] [550, 550, 550, 550, 550, 550, 550, 550, 550, 530] [384, 378] 10 3
[370, 390, 410, 430, 450, 470, 490, 510, 530, 550] [550, 550, 550, 550, 550, 550, 550, 550, 550, 550] [384, 378] 10 3
[370, 370, 390, 410, 430, 450, 470, 490, 510, 530] [530, 550, 550, 550, 550, 550, 550, 550, 550, 550] [384, 378] 10 2
[370, 370, 370, 390, 410, 430, 450, 470, 490, 510] [510, 530, 550, 550, 550, 550, 550, 550, 550, 550] [384, 378] 10 2
[370, 370, 370, 370, 390, 410, 430, 450, 470, 490] [490, 510, 530, 550, 550, 550, 550, 550, 550, 550] [384, 378] 10 2
[370, 370, 370, 370, 370, 390, 410, 430, 450, 470] [470, 490, 510, 530, 550, 550, 550, 550, 550, 550] [384, 378] 10 2
[370, 370, 370, 370, 370, 370, 390, 410, 430, 450] [450, 470, 490, 510, 530, 550, 550, 550, 550, 550] [384, 378] 10 2
[370, 370, 370, 370, 370, 370, 370, 390, 410, 430] [430, 450, 470, 490, 510, 530, 550, 550, 550, 550] [384, 378] 10 2
[370, 370, 370, 370, 370, 370, 370, 370, 390, 410] [410, 430, 450, 470, 490, 510, 530, 550, 550, 550] [384, 378] 10 2
[370, 370, 370, 370, 370, 370, 370, 370, 370, 390] [390, 410, 430, 450, 470, 490, 510, 530, 550, 550] [384, 378] 10 2
[370, 370, 370, 370, 370, 370, 370, 370, 370, 370] [370, 390, 410, 430, 450, 470, 490, 510, 530, 550] [384, 378] 10 2
[370, 370, 370, 370, 370, 370, 370, 370, 370, 370, 370] [350, 370, 390, 410, 430, 450, 470, 490, 510, 530, 550] [540, 181] 11 2
[370, 370, 370, 370, 370, 370, 370, 370, 370, 370, 370] [330, 350, 370, 390, 410, 430, 450, 470, 490, 510, 530] [540, 181] 11 2
[370, 370, 370, 370, 370, 370, 370, 370, 370, 370, 370] [310, 330, 350, 370, 390, 410, 430, 450, 470, 490, 510] [540, 181] 11 2
[370, 370, 370, 370, 370, 370, 370, 370, 370, 370, 370] [290, 310, 330, 350, 370, 390, 410, 430, 450, 470, 490] [540, 181] 11 2
[370, 370, 370, 370, 370, 370, 370, 370, 370, 370, 370] [270, 290, 310, 330, 350, 370, 390, 410, 430, 450, 470] [540, 181] 11 2
[370, 370, 370, 370, 370, 370, 370, 370, 370, 370, 370] [250, 270, 290, 310, 330, 350, 370, 390, 410, 430, 450] [540, 181] 11 2
[370, 370, 370, 370, 370, 370, 370, 370, 370, 370, 370] [230, 250, 270, 290, 310, 330, 350, 370, 390, 410, 430] [540, 181] 11 2
[370, 370, 370, 370, 370, 370, 370, 370, 370, 370, 370] [210, 230, 250, 270, 290, 310, 330, 350, 370, 390, 410] [540, 181] 11 2
[370, 370, 370, 370, 370, 370, 370, 370, 370, 370, 370] [190, 210, 230, 250, 270, 290, 310, 330, 350, 370, 390] [540, 181] 11 2
[370, 370, 370, 370, 370, 370, 370, 370, 370, 370, 370] [170, 190, 210, 230, 250, 270, 290, 310, 330, 350, 370] [540, 181] 11 2
[390, 370, 370, 370, 370, 370, 370, 370, 370, 370, 370] [170, 170, 190, 210, 230, 250, 270, 290, 310, 330, 350] [540, 181] 11 1
[410, 390, 370, 370, 370, 370, 370, 370, 370, 370, 370] [170, 170, 170, 190, 210, 230, 250, 270, 290, 310, 330] [540, 181] 11 1
[430, 410, 390, 370, 370, 370, 370, 370, 370, 370, 370] [170, 170, 170, 170, 190, 210, 230, 250, 270, 290, 310] [540, 181] 11 1
[450, 430, 410, 390, 370, 370, 370, 370, 370, 370, 370] [170, 170, 170, 170, 170, 190, 210, 230, 250, 270, 290] [540, 181] 11 1
[470, 450, 430, 410, 390, 370, 370, 370, 370, 370, 370] [170, 170, 170, 170, 170, 170, 190, 210, 230, 250, 270] [540, 181] 11 1
[490, 470, 450, 430, 410, 390, 370, 370, 370, 370, 370] [170, 170, 170, 170, 170, 170, 170, 190, 210, 230, 250] [540, 181] 11 1
[510, 490, 470, 450, 430, 410, 390, 370, 370, 370, 370] [170, 170, 170, 170, 170, 170, 170, 170, 190, 210, 230] [540, 181] 11 1
[530, 510, 490, 470, 450, 430, 410, 390, 370, 370, 370] [170, 170, 170, 170, 170, 170, 170, 170, 170, 190, 210] [540, 181] 11 1
[550, 530, 510, 490, 470, 450, 430, 410, 390, 370, 370, 370] [170, 170, 170, 170, 170, 170, 170, 170, 170, 170, 190, 210] [587, 337] 12 1
[550, 550, 530, 510, 490, 470, 450, 430, 410, 390, 370, 370] [190, 170, 170, 170, 170, 170, 170, 170, 170, 170, 170, 190] [587, 337] 12 0
[570, 550, 550, 530, 510, 490, 470, 450, 430, 410, 390, 370] [190, 190, 170, 170, 170, 170, 170, 170, 170, 170, 170, 170] [587, 337] 12 1
[570, 570, 550, 550, 530, 510, 490, 470, 450, 430, 410, 390] [210, 190, 190, 170, 170, 170, 170, 170, 170, 170, 170, 170] [587, 337] 12 0
[570, 570, 570, 550, 550, 530, 510, 490, 470, 450, 430, 410] [230, 210, 190, 190, 170, 170, 170, 170, 170, 170, 170, 170] [587, 337] 12 0
[570, 570, 570, 570, 550, 550, 530, 510, 490, 470, 450, 430] [250, 230, 210, 190, 190, 170, 170, 170, 170, 170, 170, 170] [587, 337] 12 0
[570, 570, 570, 570, 570, 550, 550, 530, 510, 490, 470, 450] [270, 250, 230, 210, 190, 190, 170, 170, 170, 170, 170, 170] [587, 337] 12 0
[570, 570, 570, 570, 570, 570, 550, 550, 530, 510, 490, 470] [290, 270, 250, 230, 210, 190, 190, 170, 170, 170, 170, 170] [587, 337] 12 0
[570, 570, 570, 570, 570, 570, 570, 550, 550, 530, 510, 490] [310, 290, 270, 250, 230, 210, 190, 190, 170, 170, 170, 170] [587, 337] 12 0
[570, 570, 570, 570, 570, 570, 570, 570, 550, 550, 530, 510] [330, 310, 290, 270, 250, 230, 210, 190, 190, 170, 170, 170] [587, 337] 12 0
[570, 570, 570, 570, 570, 570, 570, 570, 570, 550, 550, 530, 510] [350, 330, 310, 290, 270, 250, 230, 210, 190, 190, 170, 170, 170] [113, 89] 13 0
[550, 570, 570, 570, 570, 570, 570, 570, 570, 570, 550, 550, 530] [350, 350, 330, 310, 290, 270, 250, 230, 210, 190, 190, 170, 170] [113, 89] 13 3
[530, 550, 570, 570, 570, 570, 570, 570, 570, 570, 570, 550, 550] [350, 350, 350, 330, 310, 290, 270, 250, 230, 210, 190, 190, 170] [113, 89] 13 3
[510, 530, 550, 570, 570, 570, 570, 570, 570, 570, 570, 570, 550] [350, 350, 350, 350, 330, 310, 290, 270, 250, 230, 210, 190, 190] [113, 89] 13 3
[490, 510, 530, 550, 570, 570, 570, 570, 570, 570, 570, 570, 570] [350, 350, 350, 350, 350, 330, 310, 290, 270, 250, 230, 210, 190] [113, 89] 13 3
[470, 490, 510, 530, 550, 570, 570, 570, 570, 570, 570, 570, 570] [350, 350, 350, 350, 350, 350, 330, 310, 290, 270, 250, 230, 210] [113, 89] 13 3
[450, 470, 490, 510, 530, 550, 570, 570, 570, 570, 570, 570, 570] [350, 350, 350, 350, 350, 350, 350, 330, 310, 290, 270, 250, 230] [113, 89] 13 3
[430, 450, 470, 490, 510, 530, 550, 570, 570, 570, 570, 570, 570] [350, 350, 350, 350, 350, 350, 350, 350, 330, 310, 290, 270, 250] [113, 89] 13 3
[410, 430, 450, 470, 490, 510, 530, 550, 570, 570, 570, 570, 570] [350, 350, 350, 350, 350, 350, 350, 350, 350, 330, 310, 290, 270] [113, 89] 13 3
[390, 410, 430, 450, 470, 490, 510, 530, 550, 570, 570, 570, 570] [350, 350, 350, 350, 350, 350, 350, 350, 350, 350, 330, 310, 290] [113, 89] 13 3
[370, 390, 410, 430, 450, 470, 490, 510, 530, 550, 570, 570, 570] [350, 350, 350, 350, 350, 350, 350, 350, 350, 350, 350, 330, 310] [113, 89] 13 3
[350, 370, 390, 410, 430, 450, 470, 490, 510, 530, 550, 570, 570] [350, 350, 350, 350, 350, 350, 350, 350, 350, 350, 350, 350, 330] [113, 89] 13 3
[330, 350, 370, 390, 410, 430, 450, 470, 490, 510, 530, 550, 570] [350, 350, 350, 350, 350, 350, 350, 350, 350, 350, 350, 350, 350] [113, 89] 13 3
[310, 330, 350, 370, 390, 410, 430, 450, 470, 490, 510, 530, 550] [350, 350, 350, 350, 350, 350, 350, 350, 350, 350, 350, 350, 350] [113, 89] 13 3
[290, 310, 330, 350, 370, 390, 410, 430, 450, 470, 490, 510, 530] [350, 350, 350, 350, 350, 350, 350, 350, 350, 350, 350, 350, 350] [113, 89] 13 3
[270, 290, 310, 330, 350, 370, 390, 410, 430, 450, 470, 490, 510] [350, 350, 350, 350, 350, 350, 350, 350, 350, 350, 350, 350, 350] [113, 89] 13 3
[250, 270, 290, 310, 330, 350, 370, 390, 410, 430, 450, 470, 490] [350, 350, 350, 350, 350, 350, 350, 350, 350, 350, 350, 350, 350] [113, 89] 13 3
[230, 250, 270, 290, 310, 330, 350, 370, 390, 410, 430, 450, 470] [350, 350, 350, 350, 350, 350, 350, 350, 350, 350, 350, 350, 350] [113, 89] 13 3
[210, 230, 250, 270, 290, 310, 330, 350, 370, 390, 410, 430, 450] [350, 350, 350, 350, 350, 350, 350, 350, 350, 350, 350, 350, 350] [113, 89] 13 3
[190, 210, 230, 250, 270, 290, 310, 330, 350, 370, 390, 410, 430] [350, 350, 350, 350, 350, 350, 350, 350, 350, 350, 350, 350, 350] [113, 89] 13 3
[170, 190, 210, 230, 250, 270, 290, 310, 330, 350, 370, 390, 410] [350, 350, 350, 350, 350, 350, 350, 350, 350, 350, 350, 350, 350] [113, 89] 13 3
[150, 170, 190, 210, 230, 250, 270, 290, 310, 330, 350, 370, 390] [350, 350, 350, 350, 350, 350, 350, 350, 350, 350, 350, 350, 350] [113, 89] 13 3
[130, 150, 170, 190, 210, 230, 250, 270, 290, 310, 330, 350, 370] [350, 350, 350, 350, 350, 350, 350, 350, 350, 350, 350, 350, 350] [113, 89] 13 3
[110, 130, 150, 170, 190, 210, 230, 250, 270, 290, 310, 330, 350] [350, 350, 350, 350, 350, 350, 350, 350, 350, 350, 350, 350, 350] [113, 89] 13 3
[90, 110, 130, 150, 170, 190, 210, 230, 250, 270, 290, 310, 330] [350, 350, 350, 350, 350, 350, 350, 350, 350, 350, 350, 350, 350] [113, 89] 13 3
[70, 90, 110, 130, 150, 170, 190, 210, 230, 250, 270, 290, 310] [350, 350, 350, 350, 350, 350, 350, 350, 350, 350, 350, 350, 350] [113, 89] 13 3
[70, 70, 90, 110, 130, 150, 170, 190, 210, 230, 250, 270, 290] [330, 350, 350, 350, 350, 350, 350, 350, 350, 350, 350, 350, 350] [113, 89] 13 2
[70, 70, 70, 90, 110, 130, 150, 170, 190, 210, 230, 250, 270] [310, 330, 350, 350, 350, 350, 350, 350, 350, 350, 350, 350, 350] [113, 89] 13 2
[70, 70, 70, 70, 90, 110, 130, 150, 170, 190, 210, 230, 250] [290, 310, 330, 350, 350, 350, 350, 350, 350, 350, 350, 350, 350] [113, 89] 13 2
[70, 70, 70, 70, 70, 90, 110, 130, 150, 170, 190, 210, 230] [270, 290, 310, 330, 350, 350, 350, 350, 350, 350, 350, 350, 350] [113, 89] 13 2
[70, 70, 70, 70, 70, 70, 90, 110, 130, 150, 170, 190, 210] [250, 270, 290, 310, 330, 350, 350, 350, 350, 350, 350, 350, 350] [113, 89] 13 2
[70, 70, 70, 70, 70, 70, 70, 90, 110, 130, 150, 170, 190] [230, 250, 270, 290, 310, 330, 350, 350, 350, 350, 350, 350, 350] [113, 89] 13 2
[70, 70, 70, 70, 70, 70, 70, 70, 90, 110, 130, 150, 170] [210, 230, 250, 270, 290, 310, 330, 350, 350, 350, 350, 350, 350] [113, 89] 13 2
[70, 70, 70, 70, 70, 70, 70, 70, 70, 90, 110, 130, 150] [190, 210, 230, 250, 270, 290, 310, 330, 350, 350, 350, 350, 350] [113, 89] 13 2
[70, 70, 70, 70, 70, 70, 70, 70, 70, 70, 90, 110, 130] [170, 190, 210, 230, 250, 270, 290, 310, 330, 350, 350, 350, 350] [113, 89] 13 2
[70, 70, 70, 70, 70, 70, 70, 70, 70, 70, 70, 90, 110] [150, 170, 190, 210, 230, 250, 270, 290, 310, 330, 350, 350, 350] [113, 89] 13 2
[70, 70, 70, 70, 70, 70, 70, 70, 70, 70, 70, 70, 90] [130, 150, 170, 190, 210, 230, 250, 270, 290, 310, 330, 350, 350] [113, 89] 13 2
[70, 70, 70, 70, 70, 70, 70, 70, 70, 70, 70, 70, 70] [110, 130, 150, 170, 190, 210, 230, 250, 270, 290, 310, 330, 350] [113, 89] 13 2
[70, 70, 70, 70, 70, 70, 70, 70, 70, 70, 70, 70, 70] [90, 110, 130, 150, 170, 190, 210, 230, 250, 270, 290, 310, 330] [113, 89] 13 2
[90, 70, 70, 70, 70, 70, 70, 70, 70, 70, 70, 70, 70] [90, 90, 110, 130, 150, 170, 190, 210, 230, 250, 270, 290, 310] [113, 89] 13 1
[110, 90, 70, 70, 70, 70, 70, 70, 70, 70, 70, 70, 70] [90, 90, 90, 110, 130, 150, 170, 190, 210, 230, 250, 270, 290] [113, 89] 13 1
[130, 110, 90, 70, 70, 70, 70, 70, 70, 70, 70, 70, 70, 70] [90, 90, 90, 90, 110, 130, 150, 170, 190, 210, 230, 250, 270, 290] [502, 176] 14 1
[150, 130, 110, 90, 70, 70, 70, 70, 70, 70, 70, 70, 70, 70] [90, 90, 90, 90, 90, 110, 130, 150, 170, 190, 210, 230, 250, 270] [502, 176] 14 1
[170, 150, 130, 110, 90, 70, 70, 70, 70, 70, 70, 70, 70, 70] [90, 90, 90, 90, 90, 90, 110, 130, 150, 170, 190, 210, 230, 250] [502, 176] 14 1
[190, 170, 150, 130, 110, 90, 70, 70, 70, 70, 70, 70, 70, 70] [90, 90, 90, 90, 90, 90, 90, 110, 130, 150, 170, 190, 210, 230] [502, 176] 14 1
[210, 190, 170, 150, 130, 110, 90, 70, 70, 70, 70, 70, 70, 70] [90, 90, 90, 90, 90, 90, 90, 90, 110, 130, 150, 170, 190, 210] [502, 176] 14 1
[230, 210, 190, 170, 150, 130, 110, 90, 70, 70, 70, 70, 70, 70] [90, 90, 90, 90, 90, 90, 90, 90, 90, 110, 130, 150, 170, 190] [502, 176] 14 1
[250, 230, 210, 190, 170, 150, 130, 110, 90, 70, 70, 70, 70, 70] [90, 90, 90, 90, 90, 90, 90, 90, 90, 90, 110, 130, 150, 170] [502, 176] 14 1
[270, 250, 230, 210, 190, 170, 150, 130, 110, 90, 70, 70, 70, 70] [90, 90, 90, 90, 90, 90, 90, 90, 90, 90, 90, 110, 130, 150] [502, 176] 14 1
[290, 270, 250, 230, 210, 190, 170, 150, 130, 110, 90, 70, 70, 70] [90, 90, 90, 90, 90, 90, 90, 90, 90, 90, 90, 90, 110, 130] [502, 176] 14 1
[310, 290, 270, 250, 230, 210, 190, 170, 150, 130, 110, 90, 70, 70] [90, 90, 90, 90, 90, 90, 90, 90, 90, 90, 90, 90, 90, 110] [502, 176] 14 1
[330, 310, 290, 270, 250, 230, 210, 190, 170, 150, 130, 110, 90, 70] [90, 90, 90, 90, 90, 90, 90, 90, 90, 90, 90, 90, 90, 90] [502, 176] 14 1
[350, 330, 310, 290, 270, 250, 230, 210, 190, 170, 150, 130, 110, 90] [90, 90, 90, 90, 90, 90, 90, 90, 90, 90, 90, 90, 90, 90] [502, 176] 14 1
[370, 350, 330, 310, 290, 270, 250, 230, 210, 190, 170, 150, 130, 110] [90, 90, 90, 90, 90, 90, 90, 90, 90, 90, 90, 90, 90, 90] [502, 176] 14 1
[390, 370, 350, 330, 310, 290, 270, 250, 230, 210, 190, 170, 150, 130] [90, 90, 90, 90, 90, 90, 90, 90, 90, 90, 90, 90, 90, 90] [502, 176] 14 1
[410, 390, 370, 350, 330, 310, 290, 270, 250, 230, 210, 190, 170, 150] [90, 90, 90, 90, 90, 90, 90, 90, 90, 90, 90, 90, 90, 90] [502, 176] 14 1
[430, 410, 390, 370, 350, 330, 310, 290, 270, 250, 230, 210, 190, 170] [90, 90, 90, 90, 90, 90, 90, 90, 90, 90, 90, 90, 90, 90] [502, 176] 14 1
[450, 430, 410, 390, 370, 350, 330, 310, 290, 270, 250, 230, 210, 190] [90, 90, 90, 90, 90, 90, 90, 90, 90, 90, 90, 90, 90, 90] [502, 176] 14 1
[470, 450, 430, 410, 390, 370, 350, 330, 310, 290, 270, 250, 230, 210] [90, 90, 90, 90, 90, 90, 90, 90, 90, 90, 90, 90, 90, 90] [502, 176] 14 1
[490, 470, 450, 430, 410, 390, 370, 350, 330, 310, 290, 270, 250, 230] [90, 90, 90, 90, 90, 90, 90, 90, 90, 90, 90, 90, 90, 90] [502, 176] 14 1
[490, 490, 470, 450, 430, 410, 390, 370, 350, 330, 310, 290, 270, 250] [110, 90, 90, 90, 90, 90, 90, 90, 90, 90, 90, 90, 90, 90] [502, 176] 14 0
[490, 490, 490, 470, 450, 430, 410, 390, 370, 350, 330, 310, 290, 270] [130, 110, 90, 90, 90, 90, 90, 90, 90, 90, 90, 90, 90, 90] [502, 176] 14 0
[490, 490, 490, 490, 470, 450, 430, 410, 390, 370, 350, 330, 310, 290] [150, 130, 110, 90, 90, 90, 90, 90, 90, 90, 90, 90, 90, 90] [502, 176] 14 0
[490, 490, 490, 490, 490, 470, 450, 430, 410, 390, 370, 350, 330, 310] [170, 150, 130, 110, 90, 90, 90, 90, 90, 90, 90, 90, 90, 90] [502, 176] 14 0
