[290, 290, 290, 290, 290] [290, 270, 250, 230, 210] [39, 410] 5 0
[290, 290, 290, 290, 290] [310, 290, 270, 250, 230] [39, 410] 5 0
[290, 290, 290, 290, 290] [330, 310, 290, 270, 250] [39, 410] 5 0
[290, 290, 290, 290, 290] [350, 330, 310, 290, 270] [39, 410] 5 0
[290, 290, 290, 290, 290] [370, 350, 330, 310, 290] [39, 410] 5 0
[290, 290, 290, 290, 290] [390, 370, 350, 330, 310] [39, 410] 5 0
[290, 290, 290, 290, 290] [410, 390, 370, 350, 330] [39, 410] 5 0
[270, 290, 290, 290, 290] [410, 410, 390, 370, 350] [39, 410] 5 3
[250, 270, 290, 290, 290] [410, 410, 410, 390, 370] [39, 410] 5 3
[230, 250, 270, 290, 290] [410, 410, 410, 410, 390] [39, 410] 5 3
[210, 230, 250, 270, 290] [410, 410, 410, 410, 410] [39, 410] 5 3
[190, 210, 230, 250, 270] [410, 410, 410, 410, 410] [39, 410] 5 3
[170, 190, 210, 230, 250] [410, 410, 410, 410, 410] [39, 410] 5 3
[150, 170, 190, 210, 230] [410, 410, 410, 410, 410] [39, 410] 5 3
[130, 150, 170, 190, 210] [410, 410, 410, 410, 410] [39, 410] 5 3
[110, 130, 150, 170, 190] [410, 410, 410, 410, 410] [39, 410] 5 3
[90, 110, 130, 150, 170] [410, 410, 410, 410, 410] [39, 410] 5 3
[70, 90, 110, 130, 150] [410, 410, 410, 410, 410] [39, 410] 5 3
[50, 70, 90, 110, 130] [410, 410, 410, 410, 410] [39, 410] 5 3
[30, 50, 70, 90, 110] [410, 410, 410, 410, 410] [39, 410] 5 3
[30, 30, 50, 70, 90, 110] [390, 410, 410, 410, 410, 410] [386, 449] 6 2
[50, 30, 30, 50, 70, 90] [390, 390, 410, 410, 410, 410] [386, 449] 6 1
[70, 50, 30, 30, 50, 70] [390, 390, 390, 410, 410, 410] [386, 449] 6 1
[90, 70, 50, 30, 30, 50] [390, 390, 390, 390, 410, 410] [386, 449] 6 1
[110, 90, 70, 50, 30, 30] [390, 390, 390, 390, 390, 410] [386, 449] 6 1
[130, 110, 90, 70, 50, 30] [390, 390, 390, 390, 390, 390] [386, 449] 6 1
[150, 130, 110, 90, 70, 50] [390, 390, 390, 390, 390, 390] [386, 449] 6 1
[170, 150, 130, 110, 90, 70] [390, 390, 390, 390, 390, 390] [386, 449] 6 1
[190, 170, 150, 130, 110, 90] [390, 390, 390, 390, 390, 390] [386, 449] 6 1
[210, 190, 170, 150, 130, 110] [390, 390, 390, 390, 390, 390] [386, 449] 6 1
[230, 210, 190, 170, 150, 130] [390, 390, 390, 390, 390, 390] [386, 449] 6 1
[250, 230, 210, 190, 170, 150] [390, 390, 390, 390, 390, 390] [386, 449] 6 1
[270, 250, 230, 210, 190, 170] [390, 390, 390, 390, 390, 390] [386, 449] 6 1
[290, 270, 250, 230, 210, 190] [390, 390, 390, 390, 390, 390] [386, 449] 6 1
[310, 290, 270, 250, 230, 210] [390, 390, 390, 390, 390, 390] [386, 449] 6 1
[330, 310, 290, 270, 250, 230] [390, 390, 390, 390, 390, 390] [386, 449] 6 1
[350, 330, 310, 290, 270, 250] [390, 390, 390, 390, 390, 390] [386, 449] 6 1
[370, 350, 330, 310, 290, 270] [390, 390, 390, 390, 390, 390] [386, 449] 6 1
[370, 370, 350, 330, 310, 290] [410, 390, 390, 390, 390, 390] [386, 449] 6 0
[370, 370, 370, 350, 330, 310] [430, 410, 390, 390, 390, 390] [386, 449] 6 0
[370, 370, 370, 370, 350, 330, 310] [450, 430, 410, 390, 390, 390, 390] [490, 79] 7 0
[370, 370, 370, 370, 370, 350, 330] [470, 450, 430, 410, 390, 390, 390] [490, 79] 7 0
[390, 370, 370, 370, 370, 370, 350] [470, 470, 450, 430, 410, 390, 390] [490, 79] 7 1
[410, 390, 370, 370, 370, 370, 370] [470, 470, 470, 450, 430, 410, 390] [490, 79] 7 1
[430, 410, 390, 370, 370, 370, 370] [470, 470, 470, 470, 450, 430, 410] [490, 79] 7 1
[450, 430, 410, 390, 370, 370, 370] [470, 470, 470, 470, 470, 450, 430] [490, 79] 7 1
[470, 450, 430, 410, 390, 370, 370] [470, 470, 470, 470, 470, 470, 450] [490, 79] 7 1
[490, 470, 450, 430, 410, 390, 370] [470, 470, 470, 470, 470, 470, 470] [490, 79] 7 1
[490, 490, 470, 450, 430, 410, 390] [450, 470, 470, 470, 470, 470, 470] [490, 79] 7 2
[490, 490, 490, 470, 450, 430, 410] [430, 450, 470, 470, 470, 470, 470] [490, 79] 7 2
[490, 490, 490, 490, 470, 450, 430] [410, 430, 450, 470, 470, 470, 470] [490, 79] 7 2
[490, 490, 490, 490, 490, 470, 450] [390, 410, 430, 450, 470, 470, 470] [490, 79] 7 2
[490, 490, 490, 490, 490, 490, 470] [370, 390, 410, 430, 450, 470, 470] [490, 79] 7 2
[490, 490, 490, 490, 490, 490, 490] [350, 370, 390, 410, 430, 450, 470] [490, 79] 7 2
[490, 490, 490, 490, 490, 490, 490] [330, 350, 370, 390, 410, 430, 450] [490, 79] 7 2
[490, 490, 490, 490, 490, 490, 490] [310, 330, 350, 370, 390, 410, 430] [490, 79] 7 2
[490, 490, 490, 490, 490, 490, 490] [290, 310, 330, 350, 370, 390, 410] [490, 79] 7 2
[490, 490, 490, 490, 490, 490, 490] [270, 290, 310, 330, 350, 370, 390] [490, 79] 7 2
[490, 490, 490, 490, 490, 490, 490] [250, 270, 290, 310, 330, 350, 370] [490, 79] 7 2
[490, 490, 490, 490, 490, 490, 490] [230, 250, 270, 290, 310, 330, 350] [490, 79] 7 2
[490, 490, 490, 490, 490, 490, 490] [210, 230, 250, 270, 290, 310, 330] [490, 79] 7 2
[490, 490, 490, 490, 490, 490, 490] [190, 210, 230, 250, 270, 290, 310] [490, 79] 7 2
[490, 490, 490, 490, 490, 490, 490] [170, 190, 210, 230, 250, 270, 290] [490, 79] 7 2
[490, 490, 490, 490, 490, 490, 490] [150, 170, 190, 210, 230, 250, 270] [490, 79] 7 2
[490, 490, 490, 490, 490, 490, 490] [130, 150, 170, 190, 210, 230, 250] [490, 79] 7 2
[490, 490, 490, 490, 490, 490, 490] [110, 130, 150, 170, 190, 210, 230] [490, 79] 7 2
[490, 490, 490, 490, 490, 490, 490] [90, 110, 130, 150, 170, 190, 210] [490, 79] 7 2
[490, 490, 490, 490, 490, 490, 490] [70, 90, 110, 130, 150, 170, 190] [490, 79] 7 2
[470, 490, 490, 490, 490, 490, 490, 490] [70, 70, 90, 110, 130, 150, 170, 190] [203, 294] 8 3
[450, 470, 490, 490, 490, 490, 490, 490] [70, 70, 70, 90, 110, 130, 150, 170] [203, 294] 8 3
[430, 450, 470, 490, 490, 490, 490, 490] [70, 70, 70, 70, 90, 110, 130, 150] [203, 294] 8 3
[410, 430, 450, 470, 490, 490, 490, 490] [70, 70, 70, 70, 70, 90, 110, 130] [203, 294] 8 3
[390, 410, 430, 450, 470, 490, 490, 490] [70, 70, 70, 70, 70, 70, 90, 110] [203, 294] 8 3
[370, 390, 410, 430, 450, 470, 490, 490] [70, 70, 70, 70, 70, 70, 70, 90] [203, 294] 8 3
[350, 370, 390, 410, 430, 450, 470, 490] [70, 70, 70, 70, 70, 70, 70, 70] [203, 294] 8 3
[330, 350, 370, 390, 410, 430, 450, 470] [70, 70, 70, 70, 70, 70, 70, 70] [203, 294] 8 3
[310, 330, 350, 370, 390, 410, 430, 450] [70, 70, 70, 70, 70, 70, 70, 70] [203, 294] 8 3
[290, 310, 330, 350, 370, 390, 410, 430] [70, 70, 70, 70, 70, 70, 70, 70] [203, 294] 8 3
[270, 290, 310, 330, 350, 370, 390, 410] [70, 70, 70, 70, 70, 70, 70, 70] [203, 294] 8 3
[250, 270, 290, 310, 330, 350, 370, 390] [70, 70, 70, 70, 70, 70, 70, 70] [203, 294] 8 3
[230, 250, 270, 290, 310, 330, 350, 370] [70, 70, 70, 70, 70, 70, 70, 70] [203, 294] 8 3
[210, 230, 250, 270, 290, 310, 330, 350] [70, 70, 70, 70, 70, 70, 70, 70] [203, 294] 8 3
[190, 210, 230, 250, 270, 290, 310, 330] [70, 70, 70, 70, 70, 70, 70, 70] [203, 294] 8 3
[190, 190, 210, 230, 250, 270, 290, 310] [90, 70, 70, 70, 70, 70, 70, 70] [203, 294] 8 0
[190, 190, 190, 210, 230, 250, 270, 290] [110, 90, 70, 70, 70, 70, 70, 70] [203, 294] 8 0
[190, 190, 190, 190, 210, 230, 250, 270] [130, 110, 90, 70, 70, 70, 70, 70] [203, 294] 8 0
[190, 190, 190, 190, 190, 210, 230, 250] [150, 130, 110, 90, 70, 70, 70, 70] [203, 294] 8 0
[190, 190, 190, 190, 190, 190, 210, 230] [170, 150, 130, 110, 90, 70, 70, 70] [203, 294] 8 0
[190, 190, 190, 190, 190, 190, 190, 210] [190, 170, 150, 130, 110, 90, 70, 70] [203, 294] 8 0
[190, 190, 190, 190, 190, 190, 190, 190] [210, 190, 170, 150, 130, 110, 90, 70] [203, 294] 8 0
[190, 190, 190, 190, 190, 190, 190, 190] [230, 210, 190, 170, 150, 130, 110, 90] [203, 294] 8 0
[190, 190, 190, 190, 190, 190, 190, 190] [250, 230, 210, 190, 170, 150, 130, 110] [203, 294] 8 0
[190, 190, 190, 190, 190, 190, 190, 190] [270, 250, 230, 210, 190, 170, 150, 130] [203, 294] 8 0
[190, 190, 190, 190, 190, 190, 190, 190] [290, 270, 250, 230, 210, 190, 170, 150] [203, 294] 8 0
[190, 190, 190, 190, 190, 190, 190, 190, 190] [310, 290, 270, 250, 230, 210, 190, 170, 150] [176, 205] 9 0
[170, 190, 190, 190, 190, 190, 190, 190, 190] [310, 310, 290, 270, 250, 230, 210, 190, 170] [176, 205] 9 3
[170, 170, 190, 190, 190, 190, 190, 190, 190] [290, 310, 310, 290, 270, 250, 230, 210, 190] [176, 205] 9 2
[170, 170, 170, 190, 190, 190, 190, 190, 190] [270, 290, 310, 310, 290, 270, 250, 230, 210] [176, 205] 9 2
[170, 170, 170, 170, 190, 190, 190, 190, 190] [250, 270, 290, 310, 310, 290, 270, 250, 230] [176, 205] 9 2
[170, 170, 170, 170, 170, 190, 190, 190, 190] [230, 250, 270, 290, 310, 310, 290, 270, 250] [176, 205] 9 2
[170, 170, 170, 170, 170, 170, 190, 190, 190] [210, 230, 250, 270, 290, 310, 310, 290, 270] [176, 205] 9 2
[170, 170, 170, 170, 170, 170, 170, 190, 190, 190] [190, 210, 230, 250, 270, 290, 310, 310, 290, 270] [91, 384] 10 2
[150, 170, 170, 170, 170, 170, 170, 170, 190, 190] [190, 190, 210, 230, 250, 270, 290, 310, 310, 290] [91, 384] 10 3
[130, 150, 170, 170, 170, 170, 170, 170, 170, 190] [190, 190, 190, 210, 230, 250, 270, 290, 310, 310] [91, 384] 10 3
[110, 130, 150, 170, 170, 170, 170, 170, 170, 170] [190, 190, 190, 190, 210, 230, 250, 270, 290, 310] [91, 384] 10 3
[90, 110, 130, 150, 170, 170, 170, 170, 170, 170] [190, 190, 190, 190, 190, 210, 230, 250, 270, 290] [91, 384] 10 3
[90, 90, 110, 130, 150, 170, 170, 170, 170, 170] [210, 190, 190, 190, 190, 190, 210, 230, 250, 270] [91, 384] 10 0
[90, 90, 90, 110, 130, 150, 170, 170, 170, 170] [230, 210, 190, 190, 190, 190, 190, 210, 230, 250] [91, 384] 10 0
[90, 90, 90, 90, 110, 130, 150, 170, 170, 170] [250, 230, 210, 190, 190, 190, 190, 190, 210, 230] [91, 384] 10 0
[90, 90, 90, 90, 90, 110, 130, 150, 170, 170] [270, 250, 230, 210, 190, 190, 190, 190, 190, 210] [91, 384] 10 0
[90, 90, 90, 90, 90, 90, 110, 130, 150, 170] [290, 270, 250, 230, 210, 190, 190, 190, 190, 190] [91, 384] 10 0
[90, 90, 90, 90, 90, 90, 90, 110, 130, 150] [310, 290, 270, 250, 230, 210, 190, 190, 190, 190] [91, 384] 10 0
[90, 90, 90, 90, 90, 90, 90, 90, 110, 130] [330, 310, 290, 270, 250, 230, 210, 190, 190, 190] [91, 384] 10 0
[90, 90, 90, 90, 90, 90, 90, 90, 90, 110] [350, 330, 310, 290, 270, 250, 230, 210, 190, 190] [91, 384] 10 0
[90, 90, 90, 90, 90, 90, 90, 90, 90, 90] [370, 350, 330, 310, 290, 270, 250, 230, 210, 190] [91, 384] 10 0
[90, 90, 90, 90, 90, 90, 90, 90, 90, 90, 90] [390, 370, 350, 330, 310, 290, 270, 250, 230, 210, 190] [123, 13] 11 0
[110, 90, 90, 90, 90, 90, 90, 90, 90, 90, 90] [390, 390, 370, 350, 330, 310, 290, 270, 250, 230, 210] [123, 13] 11 1
[110, 110, 90, 90, 90, 90, 90, 90, 90, 90, 90] [370, 390, 390, 370, 350, 330, 310, 290, 270, 250, 230] [123, 13] 11 2
[110, 110, 110, 90, 90, 90, 90, 90, 90, 90, 90] [350, 370, 390, 390, 370, 350, 330, 310, 290, 270, 250] [123, 13] 11 2
[110, 110, 110, 110, 90, 90, 90, 90, 90, 90, 90] [330, 350, 370, 390, 390, 370, 350, 330, 310, 290, 270] [123, 13] 11 2
[110, 110, 110, 110, 110, 90, 90, 90, 90, 90, 90] [310, 330, 350, 370, 390, 390, 370, 350, 330, 310, 290] [123, 13] 11 2
[110, 110, 110, 110, 110, 110, 90, 90, 90, 90, 90] [290, 310, 330, 350, 370, 390, 390, 370, 350, 330, 310] [123, 13] 11 2
[110, 110, 110, 110, 110, 110, 110, 90, 90, 90, 90] [270, 290, 310, 330, 350, 370, 390, 390, 370, 350, 330] [123, 13] 11 2
[110, 110, 110, 110, 110, 110, 110, 110, 90, 90, 90] [250, 270, 290, 310, 330, 350, 370, 390, 390, 370, 350] [123, 13] 11 2
[110, 110, 110, 110, 110, 110, 110, 110, 110, 90, 90] [230, 250, 270, 290, 310, 330, 350, 370, 390, 390, 370] [123, 13] 11 2
[110, 110, 110, 110, 110, 110, 110, 110, 110, 110, 90] [210, 230, 250, 270, 290, 310, 330, 350, 370, 390, 390] [123, 13] 11 2
[110, 110, 110, 110, 110, 110, 110, 110, 110, 110, 110] [190, 210, 230, 250, 270, 290, 310, 330, 350, 370, 390] [123, 13] 11 2
[110, 110, 110, 110, 110, 110, 110, 110, 110, 110, 110] [170, 190, 210, 230, 250, 270, 290, 310, 330, 350, 370] [123, 13] 11 2
[110, 110, 110, 110, 110, 110, 110, 110, 110, 110, 110] [150, 170, 190, 210, 230, 250, 270, 290, 310, 330, 350] [123, 13] 11 2
[110, 110, 110, 110, 110, 110, 110, 110, 110, 110, 110] [130, 150, 170, 190, 210, 230, 250, 270, 290, 310, 330] [123, 13] 11 2
[110, 110, 110, 110, 110, 110, 110, 110, 110, 110, 110] [110, 130, 150, 170, 190, 210, 230, 250, 270, 290, 310] [123, 13] 11 2
[110, 110, 110, 110, 110, 110, 110, 110, 110, 110, 110] [90, 110, 130, 150, 170, 190, 210, 230, 250, 270, 290] [123, 13] 11 2
[110, 110, 110, 110, 110, 110, 110, 110, 110, 110, 110] [70, 90, 110, 130, 150, 170, 190, 210, 230, 250, 270] [123, 13] 11 2
[110, 110, 110, 110, 110, 110, 110, 110, 110, 110, 110] [50, 70, 90, 110, 130, 150, 170, 190, 210, 230, 250] [123, 13] 11 2
[110, 110, 110, 110, 110, 110, 110, 110, 110, 110, 110] [30, 50, 70, 90, 110, 130, 150, 170, 190, 210, 230] [123, 13] 11 2
[110, 110, 110, 110, 110, 110, 110, 110, 110, 110, 110] [10, 30, 50, 70, 90, 110, 130, 150, 170, 190, 210] [123, 13] 11 2
[130, 110, 110, 110, 110, 110, 110, 110, 110, 110, 110, 110] [10, 10, 30, 50, 70, 90, 110, 130, 150, 170, 190, 210] [567, 29] 12 1
[150, 130, 110, 110, 110, 110, 110, 110, 110, 110, 110, 110] [10, 10, 10, 30, 50, 70, 90, 110, 130, 150, 170, 190] [567, 29] 12 1
[170, 150, 130, 110, 110, 110, 110, 110, 110, 110, 110, 110] [10, 10, 10, 10, 30, 50, 70, 90, 110, 130, 150, 170] [567, 29] 12 1
[190, 170, 150, 130, 110, 110, 110, 110, 110, 110, 110, 110] [10, 10, 10, 10, 10, 30, 50, 70, 90, 110, 130, 150] [567, 29] 12 1
[210, 190, 170, 150, 130, 110, 110, 110, 110, 110, 110, 110] [10, 10, 10, 10, 10, 10, 30, 50, 70, 90, 110, 130] [567, 29] 12 1
[230, 210, 190, 170, 150, 130, 110, 110, 110, 110, 110, 110] [10, 10, 10, 10, 10, 10, 10, 30, 50, 70, 90, 110] [567, 29] 12 1
[250, 230, 210, 190, 170, 150, 130, 110, 110, 110, 110, 110] [10, 10, 10, 10, 10, 10, 10, 10, 30, 50, 70, 90] [567, 29] 12 1
[270, 250, 230, 210, 190, 170, 150, 130, 110, 110, 110, 110] [10, 10, 10, 10, 10, 10, 10, 10, 10, 30, 50, 70] [567, 29] 12 1
[290, 270, 250, 230, 210, 190, 170, 150, 130, 110, 110, 110] [10, 10, 10, 10, 10, 10, 10, 10, 10, 10, 30, 50] [567, 29] 12 1
[310, 290, 270, 250, 230, 210, 190, 170, 150, 130, 110, 110] [10, 10, 10, 10, 10, 10, 10, 10, 10, 10, 10, 30] [567, 29] 12 1
[330, 310, 290, 270, 250, 230, 210, 190, 170, 150, 130, 110] [10, 10, 10, 10, 10, 10, 10, 10, 10, 10, 10, 10] [567, 29] 12 1
[350, 330, 310, 290, 270, 250, 230, 210, 190, 170, 150, 130] [10, 10, 10, 10, 10, 10, 10, 10, 10, 10, 10, 10] [567, 29] 12 1
[370, 350, 330, 310, 290, 270, 250, 230, 210, 190, 170, 150] [10, 10, 10, 10, 10, 10, 10, 10, 10, 10, 10, 10] [567, 29] 12 1
[390, 370, 350, 330, 310, 290, 270, 250, 230, 210, 190, 170] [10, 10, 10, 10, 10, 10, 10, 10, 10, 10, 10, 10] [567, 29] 12 1
[410, 390, 370, 350, 330, 310, 290, 270, 250, 230, 210, 190] [10, 10, 10, 10, 10, 10, 10, 10, 10, 10, 10, 10] [567, 29] 12 1
[430, 410, 390, 370, 350, 330, 310, 290, 270, 250, 230, 210] [10, 10, 10, 10, 10, 10, 10, 10, 10, 10, 10, 10] [567, 29] 12 1
[450, 430, 410, 390, 370, 350, 330, 310, 290, 270, 250, 230] [10, 10, 10, 10, 10, 10, 10, 10, 10, 10, 10, 10] [567, 29] 12 1
[470, 450, 430, 410, 390, 370, 350, 330, 310, 290, 270, 250] [10, 10, 10, 10, 10, 10, 10, 10, 10, 10, 10, 10] [567, 29] 12 1
[490, 470, 450, 430, 410, 390, 370, 350, 330, 310, 290, 270] [10, 10, 10, 10, 10, 10, 10, 10, 10, 10, 10, 10] [567, 29] 12 1
[510, 490, 470, 450, 430, 410, 390, 370, 350, 330, 310, 290] [10, 10, 10, 10, 10, 10, 10, 10, 10, 10, 10, 10] [567, 29] 12 1
[530, 510, 490, 470, 450, 430, 410, 390, 370, 350, 330, 310] [10, 10, 10, 10, 10, 10, 10, 10, 10, 10, 10, 10] [567, 29] 12 1
[550, 530, 510, 490, 470, 450, 430, 410, 390, 370, 350, 330] [10, 10, 10, 10, 10, 10, 10, 10, 10, 10, 10, 10] [567, 29] 12 1
[550, 550, 530, 510, 490, 470, 450, 430, 410, 390, 370, 350, 330] [30, 10, 10, 10, 10, 10, 10, 10, 10, 10, 10, 10, 10] [335, 512] 13 0
[550, 550, 550, 530, 510, 490, 470, 450, 430, 410, 390, 370, 350] [50, 30, 10, 10, 10, 10, 10, 10, 10, 10, 10, 10, 10] [335, 512] 13 0
[550, 550, 550, 550, 530, 510, 490, 470, 450, 430, 410, 390, 370] [70, 50, 30, 10, 10, 10, 10, 10, 10, 10, 10, 10, 10] [335, 512] 13 0
[550, 550, 550, 550, 550, 530, 510, 490, 470, 450, 430, 410, 390] [90, 70, 50, 30, 10, 10, 10, 10, 10, 10, 10, 10, 10] [335, 512] 13 0
[550, 550, 550, 550, 550, 550, 530, 510, 490, 470, 450, 430, 410] [110, 90, 70, 50, 30, 10, 10, 10, 10, 10, 10, 10, 10] [335, 512] 13 0
[550, 550, 550, 550, 550, 550, 550, 530, 510, 490, 470, 450, 430] [130, 110, 90, 70, 50, 30, 10, 10, 10, 10, 10, 10, 10] [335, 512] 13 0
[550, 550, 550, 550, 550, 550, 550, 550, 530, 510, 490, 470, 450] [150, 130, 110, 90, 70, 50, 30, 10, 10, 10, 10, 10, 10] [335, 512] 13 0
[550, 550, 550, 550, 550, 550, 550, 550, 550, 530, 510, 490, 470] [170, 150, 130, 110, 90, 70, 50, 30, 10, 10, 10, 10, 10] [335, 512] 13 0
[550, 550, 550, 550, 550, 550, 550, 550, 550, 550, 530, 510, 490] [190, 170, 150, 130, 110, 90, 70, 50, 30, 10, 10, 10, 10] [335, 512] 13 0
[550, 550, 550, 550, 550, 550, 550, 550, 550, 550, 550, 530, 510] [210, 190, 170, 150, 130, 110, 90, 70, 50, 30, 10, 10, 10] [335, 512] 13 0
[550, 550, 550, 550, 550, 550, 550, 550, 550, 550, 550, 550, 530] [230, 210, 190, 170, 150, 130, 110, 90, 70, 50, 30, 10, 10] [335, 512] 13 0
[550, 550, 550, 550, 550, 550, 550, 550, 550, 550, 550, 550, 550] [250, 230, 210, 190, 170, 150, 130, 110, 90, 70, 50, 30, 10] [335, 512] 13 0
[550, 550, 550, 550, 550, 550, 550, 550, 550, 550, 550, 550, 550] [270, 250, 230, 210, 190, 170, 150, 130, 110, 90, 70, 50, 30] [335, 512] 13 0
[550, 550, 550, 550, 550, 550, 550, 550, 550, 550, 550, 550, 550] [290, 270, 250, 230, 210, 190, 170, 150, 130, 110, 90, 70, 50] [335, 512] 13 0
[550, 550, 550, 550, 550, 550, 550, 550, 550, 550, 550, 550, 550] [310, 290, 270, 250, 230, 210, 190, 170, 150, 130, 110, 90, 70] [335, 512] 13 0
[550, 550, 550, 550, 550, 550, 550, 550, 550, 550, 550, 550, 550] [330, 310, 290, 270, 250, 230, 210, 190, 170, 150, 130, 110, 90] [335, 512] 13 0
[550, 550, 550, 550, 550, 550, 550, 550, 550, 550, 550, 550, 550] [350, 330, 310, 290, 270, 250, 230, 210, 190, 170, 150, 130, 110] [335, 512] 13 0
[550, 550, 550, 550, 550, 550, 550, 550, 550, 550, 550, 550, 550] [370, 350, 330, 310, 290, 270, 250, 230, 210, 190, 170, 150, 130] [335, 512] 13 0
[550, 550, 550, 550, 550, 550, 550, 550, 550, 550, 550, 550, 550] [390, 370, 350, 330, 310, 290, 270, 250, 230, 210, 190, 170, 150] [335, 512] 13 0
[550, 550, 550, 550, 550, 550, 550, 550, 550, 550, 550, 550, 550] [410, 390, 370, 350, 330, 310, 290, 270, 250, 230, 210, 190, 170] [335, 512] 13 0
[550, 550, 550, 550, 550, 550, 550, 550, 550, 550, 550, 550, 550] [430, 410, 390, 370, 350, 330, 310, 290, 270, 250, 230, 210, 190] [335, 512] 13 0
[550, 550, 550, 550, 550, 550, 550, 550, 550, 550, 550, 550, 550] [450, 430, 410, 390, 370, 350, 330, 310, 290, 270, 250, 230, 210] [335, 512] 13 0
[550, 550, 550, 550, 550, 550, 550, 550, 550, 550, 550, 550, 550] [470, 450, 430, 410, 390, 370, 350, 330, 310, 290, 270, 250, 230] [335, 512] 13 0
[550, 550, 550, 550, 550, 550, 550, 550, 550, 550, 550, 550, 550] [490, 470, 450, 430, 410, 390, 370, 350, 330, 310, 290, 270, 250] [335, 512] 13 0
[550, 550, 550, 550, 550, 550, 550, 550, 550, 550, 550, 550, 550] [510, 490, 470, 450, 430, 410, 390, 370, 350, 330, 310, 290, 270] [335, 512] 13 0
[530, 550, 550, 550, 550, 550, 550, 550, 550, 550, 550, 550, 550] [510, 510, 490, 470, 450, 430, 410, 390, 370, 350, 330, 310, 290] [335, 512] 13 3
[510, 530, 550, 550, 550, 550, 550, 550, 550, 550, 550, 550, 550] [510, 510, 510, 490, 470, 450, 430, 410, 390, 370, 350, 330, 310] [335, 512] 13 3
[490, 510, 530, 550, 550, 550, 550, 550, 550, 550, 550, 550, 550] [510, 510, 510, 510, 490, 470, 450, 430, 410, 390, 370, 350, 330] [335, 512] 13 3
[470, 490, 510, 530, 550, 550, 550, 550, 550, 550, 550, 550, 550] [510, 510, 510, 510, 510, 490, 470, 450, 430, 410, 390, 370, 350] [335, 512] 13 3
[450, 470, 490, 510, 530, 550, 550, 550, 550, 550, 550, 550, 550] [510, 510, 510, 510, 510, 510, 490, 470, 450, 430, 410, 390, 370] [335, 512] 13 3
[430, 450, 470, 490, 510, 530, 550, 550, 550, 550, 550, 550, 550] [510, 510, 510, 510, 510, 510, 510, 490, 470, 450, 430, 410, 390] [335, 512] 13 3
[410, 430, 450, 470, 490, 510, 530, 550, 550, 550, 550, 550, 550] [510, 510, 510, 510, 510, 510, 510, 510, 490, 470, 450, 430, 410] [335, 512] 13 3
[390, 410, 430, 450, 470, 490, 510, 530, 550, 550, 550, 550, 550] [510, 510, 510, 510, 510, 510, 510, 510, 510, 490, 470, 450, 430] [335, 512] 13 3
[370, 390, 410, 430, 450, 470, 490, 510, 530, 550, 550, 550, 550] [510, 510, 510, 510, 510, 510, 510, 510, 510, 510, 490, 470, 450] [335, 512] 13 3
[350, 370, 390, 410, 430, 450, 470, 490, 510, 530, 550, 550, 550] [510, 510, 510, 510, 510, 510, 510, 510, 510, 510, 510, 490, 470] [335, 512] 13 3
[330, 350, 370, 390, 410, 430, 450, 470, 490, 510, 530, 550, 550] [510, 510, 510, 510, 510, 510, 510, 510, 510, 510, 510, 510, 490] [335, 512] 13 3
[310, 330, 350, 370, 390, 410, 430, 450, 470, 490, 510, 530, 550, 550] [510, 510, 510, 510, 510, 510, 510, 510, 510, 510, 510, 510, 510, 490] [435, 167] 14 3
[310, 310, 330, 350, 370, 390, 410, 430, 450, 470, 490, 510, 530, 550] [490, 510, 510, 510, 510, 510, 510, 510, 510, 510, 510, 510, 510, 510] [435, 167] 14 2
[310, 310, 310, 330, 350, 370, 390, 410, 430, 450, 470, 490, 510, 530] [470, 490, 510, 510, 510, 510, 510, 510, 510, 510, 510, 510, 510, 510] [435, 167] 14 2
[310, 310, 310, 310, 330, 350, 370, 390, 410, 430, 450, 470, 490, 510] [450, 470, 490, 510, 510, 510, 510, 510, 510, 510, 510, 510, 510, 510] [435, 167] 14 2
[310, 310, 310, 310, 310, 330, 350, 370, 390, 410, 430, 450, 470, 490] [430, 450, 470, 490, 510, 510, 510, 510, 510, 510, 510, 510, 510, 510] [435, 167] 14 2
[310, 310, 310, 310, 310, 310, 330, 350, 370, 390, 410, 430, 450, 470] [410, 430, 450, 470, 490, 510, 510, 510, 510, 510, 510, 510, 510, 510] [435, 167] 14 2
[310, 310, 310, 310, 310, 310, 310, 330, 350, 370, 390, 410, 430, 450] [390, 410, 430, 450, 470, 490, 510, 510, 510, 510, 510, 510, 510, 510] [435, 167] 14 2
[310, 310, 310, 310, 310, 310, 310, 310, 330, 350, 370, 390, 410, 430] [370, 390, 410, 430, 450, 470, 490, 510, 510, 510, 510, 510, 510, 510] [435, 167] 14 2
[310, 310, 310, 310, 310, 310, 310, 310, 310, 330, 350, 370, 390, 410] [350, 370, 390, 410, 430, 450, 470, 490, 510, 510, 510, 510, 510, 510] [435, 167] 14 2
[310, 310, 310, 310, 310, 310, 310, 310, 310, 310, 330, 350, 370, 390] [330, 350, 370, 390, 410, 430, 450, 470, 490, 510, 510, 510, 510, 510] [435, 167] 14 2
[310, 310, 310, 310, 310, 310, 310, 310, 310, 310, 310, 330, 350, 370] [310, 330, 350, 370, 390, 410, 430, 450, 470, 490, 510, 510, 510, 510] [435, 167] 14 2
[310, 310, 310, 310, 310, 310, 310, 310, 310, 310, 310, 310, 330, 350] [290, 310, 330, 350, 370, 390, 410, 430, 450, 470, 490, 510, 510, 510] [435, 167] 14 2
[310, 310, 310, 310, 310, 310, 310, 310, 310, 310, 310, 310, 310, 330] [270, 290, 310, 330, 350, 370, 390, 410, 430, 450, 470, 490, 510, 510] [435, 167] 14 2
[310, 310, 310, 310, 310, 310, 310, 310, 310, 310, 310, 310, 310, 310] [250, 270, 290, 310, 330, 350, 370, 390, 410, 430, 450, 470, 490, 510] [435, 167] 14 2
[310, 310, 310, 310, 310, 310, 310, 310, 310, 310, 310, 310, 310, 310] [230, 250, 270, 290, 310, 330, 350, 370, 390, 410, 430, 450, 470, 490] [435, 167] 14 2
[310, 310, 310, 310, 310, 310, 310, 310, 310, 310, 310, 310, 310, 310] [210, 230, 250, 270, 290, 310, 330, 350, 370, 390, 410, 430, 450, 470] [435, 167] 14 2
[310, 310, 310, 310, 310, 310, 310, 310, 310, 310, 310, 310, 310, 310] [190, 210, 230, 250, 270, 290, 310, 330, 350, 370, 390, 410, 430, 450] [435, 167] 14 2
[310, 310, 310, 310, 310, 310, 310, 310, 310, 310, 310, 310, 310, 310] [170, 190, 210, 230, 250, 270, 290, 310, 330, 350, 370, 390, 410, 430] [435, 167] 14 2
[330, 310, 310, 310, 310, 310, 310, 310, 310, 310, 310, 310, 310, 310] [170, 170, 190, 210, 230, 250, 270, 290, 310, 330, 350, 370, 390, 410] [435, 167] 14 1
[350, 330, 310, 310, 310, 310, 310, 310, 310, 310, 310, 310, 310, 310] [170, 170, 170, 190, 210, 230, 250, 270, 290, 310, 330, 350, 370, 390] [435, 167] 14 1
[370, 350, 330, 310, 310, 310, 310, 310, 310, 310, 310, 310, 310, 310] [170, 170, 170, 170, 190, 210, 230, 250, 270, 290, 310, 330, 350, 370] [435, 167] 14 1
[390, 370, 350, 330, 310, 310, 310, 310, 310, 310, 310, 310, 310, 310] [170, 170, 170, 170, 170, 190, 210, 230, 250, 270, 290, 310, 330, 350] [435, 167] 14 1
[410, 390, 370, 350, 330, 310, 310, 310, 310, 310, 310, 310, 310, 310] [170, 170, 170, 170, 170, 170, 190, 210, 230, 250, 270, 290, 310, 330] [435, 167] 14 1
[430, 410, 390, 370, 350, 330, 310, 310, 310, 310, 310, 310, 310, 310] [170, 170, 170, 170, 170, 170, 170, 190, 210, 230, 250, 270, 290, 310] [435, 167] 14 1
