[290, 290, 290, 290, 290] [290, 270, 250, 230, 210] [214, 258] 5 0
[270, 290, 290, 290, 290] [290, 290, 270, 250, 230] [214, 258] 5 3
[250, 270, 290, 290, 290] [290, 290, 290, 270, 250] [214, 258] 5 3
[230, 250, 270, 290, 290] [290, 290, 290, 290, 270] [214, 258] 5 3
[210, 230, 250, 270, 290] [290, 290, 290, 290, 290] [214, 258] 5 3
[210, 210, 230, 250, 270] [270, 290, 290, 290, 290] [214, 258] 5 2
[210, 210, 210, 230, 250] [250, 270, 290, 290, 290] [214, 258] 5 2
[210, 210, 210, 210, 230, 250] [230, 250, 270, 290, 290, 290] [256, 38] 6 2
[210, 210, 210, 210, 210, 230] [210, 230, 250, 270, 290, 290] [256, 38] 6 2
[210, 210, 210, 210, 210, 210] [190, 210, 230, 250, 270, 290] [256, 38] 6 2
[210, 210, 210, 210, 210, 210] [170, 190, 210, 230, 250, 270] [256, 38] 6 2
[210, 210, 210, 210, 210, 210] [150, 170, 190, 210, 230, 250] [256, 38] 6 2
[210, 210, 210, 210, 210, 210] [130, 150, 170, 190, 210, 230] [256, 38] 6 2
[210, 210, 210, 210, 210, 210] [110, 130, 150, 170, 190, 210] [256, 38] 6 2
[210, 210, 210, 210, 210, 210] [90, 110, 130, 150, 170, 190] [256, 38] 6 2
[210, 210, 210, 210, 210, 210] [70, 90, 110, 130, 150, 170] [256, 38] 6 2
[210, 210, 210, 210, 210, 210] [50, 70, 90, 110, 130, 150] [256, 38] 6 2
[210, 210, 210, 210, 210, 210] [30, 50, 70, 90, 110, 130] [256, 38] 6 2
[230, 210, 210, 210, 210, 210] [30, 30, 50, 70, 90, 110] [256, 38] 6 1
[250, 230, 210, 210, 210, 210] [30, 30, 30, 50, 70, 90] [256, 38] 6 1
[270, 250, 230, 210, 210, 210, 210] [30, 30, 30, 30, 50, 70, 90] [482, 559] 7 1
[290, 270, 250, 230, 210, 210, 210] [30, 30, 30, 30, 30, 50, 70] [482, 559] 7 1
[310, 290, 270, 250, 230, 210, 210] [30, 30, 30, 30, 30, 30, 50] [482, 559] 7 1
[330, 310, 290, 270, 250, 230, 210] [30, 30, 30, 30, 30, 30, 30] [482, 559] 7 1
[350, 330, 310, 290, 270, 250, 230] [30, 30, 30, 30, 30, 30, 30] [482, 559] 7 1
[370, 350, 330, 310, 290, 270, 250] [30, 30, 30, 30, 30, 30, 30] [482, 559] 7 1
[390, 370, 350, 330, 310, 290, 270] [30, 30, 30, 30, 30, 30, 30] [482, 559] 7 1
[410, 390, 370, 350, 330, 310, 290] [30, 30, 30, 30, 30, 30, 30] [482, 559] 7 1
[430, 410, 390, 370, 350, 330, 310] [30, 30, 30, 30, 30, 30, 30] [482, 559] 7 1
[450, 430, 410, 390, 370, 350, 330] [30, 30, 30, 30, 30, 30, 30] [482, 559] 7 1
[470, 450, 430, 410, 390, 370, 350] [30, 30, 30, 30, 30, 30, 30] [482, 559] 7 1
[470, 470, 450, 430, 410, 390, 370] [50, 30, 30, 30, 30, 30, 30] [482, 559] 7 0
[470, 470, 470, 450, 430, 410, 390] [70, 50, 30, 30, 30, 30, 30] [482, 559] 7 0
[470, 470, 470, 470, 450, 430, 410] [90, 70, 50, 30, 30, 30, 30] [482, 559] 7 0
[470, 470, 470, 470, 470, 450, 430] [110, 90, 70, 50, 30, 30, 30] [482, 559] 7 0
[470, 470, 470, 470, 470, 470, 450] [130, 110, 90, 70, 50, 30, 30] [482, 559] 7 0
[470, 470, 470, 470, 470, 470, 470] [150, 130, 110, 90, 70, 50, 30] [482, 559] 7 0
[470, 470, 470, 470, 470, 470, 470] [170, 150, 130, 110, 90, 70, 50] [482, 559] 7 0
[470, 470, 470, 470, 470, 470, 470] [190, 170, 150, 130, 110, 90, 70] [482, 559] 7 0
[470, 470, 470, 470, 470, 470, 470] [210, 190, 170, 150, 130, 110, 90] [482, 559] 7 0
[470, 470, 470, 470, 470, 470, 470] [230, 210, 190, 170, 150, 130, 110] [482, 559] 7 0
[470, 470, 470, 470, 470, 470, 470] [250, 230, 210, 190, 170, 150, 130] [482, 559] 7 0
[470, 470, 470, 470, 470, 470, 470] [270, 250, 230, 210, 190, 170, 150] [482, 559] 7 0
[470, 470, 470, 470, 470, 470, 470] [290, 270, 250, 230, 210, 190, 170] [482, 559] 7 0
[470, 470, 470, 470, 470, 470, 470] [310, 290, 270, 250, 230, 210, 190] [482, 559] 7 0
[470, 470, 470, 470, 470, 470, 470] [330, 310, 290, 270, 250, 230, 210] [482, 559] 7 0
[470, 470, 470, 470, 470, 470, 470] [350, 330, 310, 290, 270, 250, 230] [482, 559] 7 0
[470, 470, 470, 470, 470, 470, 470] [370, 350, 330, 310, 290, 270, 250] [482, 559] 7 0
[470, 470, 470, 470, 470, 470, 470] [390, 370, 350, 330, 310, 290, 270] [482, 559] 7 0
[470, 470, 470, 470, 470, 470, 470] [410, 390, 370, 350, 330, 310, 290] [482, 559] 7 0
[470, 470, 470, 470, 470, 470, 470] [430, 410, 390, 370, 350, 330, 310] [482, 559] 7 0
[470, 470, 470, 470, 470, 470, 470] [450, 430, 410, 390, 370, 350, 330] [482, 559] 7 0
[470, 470, 470, 470, 470, 470, 470] [470, 450, 430, 410, 390, 370, 350] [482, 559] 7 0
[470, 470, 470, 470, 470, 470, 470] [490, 470, 450, 430, 410, 390, 370] [482, 559] 7 0
[470, 470, 470, 470, 470, 470, 470] [510, 490, 470, 450, 430, 410, 390] [482, 559] 7 0
[470, 470, 470, 470, 470, 470, 470] [530, 510, 490, 470, 450, 430, 410] [482, 559] 7 0
[470, 470, 470, 470, 470, 470, 470] [550, 530, 510, 490, 470, 450, 430] [482, 559] 7 0
[450, 470, 470, 470, 470, 470, 470, 470] [550, 550, 530, 510, 490, 470, 450, 430] [343, 530] 8 3
[430, 450, 470, 470, 470, 470, 470, 470] [550, 550, 550, 530, 510, 490, 470, 450] [343, 530] 8 3
[410, 430, 450, 470, 470, 470, 470, 470] [550, 550, 550, 550, 530, 510, 490, 470] [343, 530] 8 3
[390, 410, 430, 450, 470, 470, 470, 470] [550, 550, 550, 550, 550, 530, 510, 490] [343, 530] 8 3
[370, 390, 410, 430, 450, 470, 470, 470] [550, 550, 550, 550, 550, 550, 530, 510] [343, 530] 8 3
[350, 370, 390, 410, 430, 450, 470, 470] [550, 550, 550, 550, 550, 550, 550, 530] [343, 530] 8 3
[330, 350, 370, 390, 410, 430, 450, 470] [550, 550, 550, 550, 550, 550, 550, 550] [343, 530] 8 3
[330, 330, 350, 370, 390, 410, 430, 450] [530, 550, 550, 550, 550, 550, 550, 550] [343, 530] 8 2
[330, 330, 330, 350, 370, 390, 410, 430, 450] [510, 530, 550, 550, 550, 550, 550, 550, 550] [252, 271] 9 2
[330, 330, 330, 330, 350, 370, 390, 410, 430] [490, 510, 530, 550, 550, 550, 550, 550, 550] [252, 271] 9 2
[330, 330, 330, 330, 330, 350, 370, 390, 410] [470, 490, 510, 530, 550, 550, 550, 550, 550] [252, 271] 9 2
[330, 330, 330, 330, 330, 330, 350, 370, 390] [450, 470, 490, 510, 530, 550, 550, 550, 550] [252, 271] 9 2
[330, 330, 330, 330, 330, 330, 330, 350, 370] [430, 450, 470, 490, 510, 530, 550, 550, 550] [252, 271] 9 2
[330, 330, 330, 330, 330, 330, 330, 330, 350] [410, 430, 450, 470, 490, 510, 530, 550, 550] [252, 271] 9 2
[330, 330, 330, 330, 330, 330, 330, 330, 330] [390, 410, 430, 450, 470, 490, 510, 530, 550] [252, 271] 9 2
[330, 330, 330, 330, 330, 330, 330, 330, 330] [370, 390, 410, 430, 450, 470, 490, 510, 530] [252, 271] 9 2
[330, 330, 330, 330, 330, 330, 330, 330, 330] [350, 370, 390, 410, 430, 450, 470, 490, 510] [252, 271] 9 2
[330, 330, 330, 330, 330, 330, 330, 330, 330] [330, 350, 370, 390, 410, 430, 450, 470, 490] [252, 271] 9 2
[330, 330, 330, 330, 330, 330, 330, 330, 330] [310, 330, 350, 370, 390, 410, 430, 450, 470] [252, 271] 9 2
[330, 330, 330, 330, 330, 330, 330, 330, 330] [290, 310, 330, 350, 370, 390, 410, 430, 450] [252, 271] 9 2
[330, 330, 330, 330, 330, 330, 330, 330, 330] [270, 290, 310, 330, 350, 370, 390, 410, 430] [252, 271] 9 2
[310, 330, 330, 330, 330, 330, 330, 330, 330] [270, 270, 290, 310, 330, 350, 370, 390, 410] [252, 271] 9 3
[290, 310, 330, 330, 330, 330, 330, 330, 330] [270, 270, 270, 290, 310, 330, 350, 370, 390] [252, 271] 9 3
[270, 290, 310, 330, 330, 330, 330, 330, 330] [270, 270, 270, 270, 290, 310, 330, 350, 370] [252, 271] 9 3
[250, 270, 290, 310, 330, 330, 330, 330, 330] [270, 270, 270, 270, 270, 290, 310, 330, 350] [252, 271] 9 3
[230, 250, 270, 290, 310, 330, 330, 330, 330, 330] [270, 270, 270, 270, 270, 270, 290, 310, 330, 350] [7, 321] 10 3
[210, 230, 250, 270, 290, 310, 330, 330, 330, 330] [270, 270, 270, 270, 270, 270, 270, 290, 310, 330] [7, 321] 10 3
[190, 210, 230, 250, 270, 290, 310, 330, 330, 330] [270, 270, 270, 270, 270, 270, 270, 270, 290, 310] [7, 321] 10 3
[170, 190, 210, 230, 250, 270, 290, 310, 330, 330] [270, 270, 270, 270, 270, 270, 270, 270, 270, 290] [7, 321] 10 3
[150, 170, 190, 210, 230, 250, 270, 290, 310, 330] [270, 270, 270, 270, 270, 270, 270, 270, 270, 270] [7, 321] 10 3
[130, 150, 170, 190, 210, 230, 250, 270, 290, 310] [270, 270, 270, 270, 270, 270, 270, 270, 270, 270] [7, 321] 10 3
[110, 130, 150, 170, 190, 210, 230, 250, 270, 290] [270, 270, 270, 270, 270, 270, 270, 270, 270, 270] [7, 321] 10 3
[90, 110, 130, 150, 170, 190, 210, 230, 250, 270] [270, 270, 270, 270, 270, 270, 270, 270, 270, 270] [7, 321] 10 3
[70, 90, 110, 130, 150, 170, 190, 210, 230, 250] [270, 270, 270, 270, 270, 270, 270, 270, 270, 270] [7, 321] 10 3
[50, 70, 90, 110, 130, 150, 170, 190, 210, 230] [270, 270, 270, 270, 270, 270, 270, 270, 270, 270] [7, 321] 10 3
[30, 50, 70, 90, 110, 130, 150, 170, 190, 210] [270, 270, 270, 270, 270, 270, 270, 270, 270, 270] [7, 321] 10 3
[10, 30, 50, 70, 90, 110, 130, 150, 170, 190] [270, 270, 270, 270, 270, 270, 270, 270, 270, 270] [7, 321] 10 3
[10, 10, 30, 50, 70, 90, 110, 130, 150, 170] [290, 270, 270, 270, 270, 270, 270, 270, 270, 270] [7, 321] 10 0
[10, 10, 10, 30, 50, 70, 90, 110, 130, 150] [310, 290, 270, 270, 270, 270, 270, 270, 270, 270] [7, 321] 10 0
[10, 10, 10, 10, 30, 50, 70, 90, 110, 130, 150] [330, 310, 290, 270, 270, 270, 270, 270, 270, 270, 270] [83, 446] 11 0
[10, 10, 10, 10, 10, 30, 50, 70, 90, 110, 130] [350, 330, 310, 290, 270, 270, 270, 270, 270, 270, 270] [83, 446] 11 0
[10, 10, 10, 10, 10, 10, 30, 50, 70, 90, 110] [370, 350, 330, 310, 290, 270, 270, 270, 270, 270, 270] [83, 446] 11 0
[10, 10, 10, 10, 10, 10, 10, 30, 50, 70, 90] [390, 370, 350, 330, 310, 290, 270, 270, 270, 270, 270] [83, 446] 11 0
[10, 10, 10, 10, 10, 10, 10, 10, 30, 50, 70] [410, 390, 370, 350, 330, 310, 290, 270, 270, 270, 270] [83, 446] 11 0
[10, 10, 10, 10, 10, 10, 10, 10, 10, 30, 50] [430, 410, 390, 370, 350, 330, 310, 290, 270, 270, 270] [83, 446] 11 0
[30, 10, 10, 10, 10, 10, 10, 10, 10, 10, 30] [430, 430, 410, 390, 370, 350, 330, 310, 290, 270, 270] [83, 446] 11 1
[50, 30, 10, 10, 10, 10, 10, 10, 10, 10, 10] [430, 430, 430, 410, 390, 370, 350, 330, 310, 290, 270] [83, 446] 11 1
[70, 50, 30, 10, 10, 10, 10, 10, 10, 10, 10] [430, 430, 430, 430, 410, 390, 370, 350, 330, 310, 290] [83, 446] 11 1
[90, 70, 50, 30, 10, 10, 10, 10, 10, 10, 10, 10] [430, 430, 430, 430, 430, 410, 390, 370, 350, 330, 310, 290] [151, 43] 12 1
[110, 90, 70, 50, 30, 10, 10, 10, 10, 10, 10, 10] [430, 430, 430, 430, 430, 430, 410, 390, 370, 350, 330, 310] [151, 43] 12 1
[130, 110, 90, 70, 50, 30, 10, 10, 10, 10, 10, 10] [430, 430, 430, 430, 430, 430, 430, 410, 390, 370, 350, 330] [151, 43] 12 1
[150, 130, 110, 90, 70, 50, 30, 10, 10, 10, 10, 10] [430, 430, 430, 430, 430, 430, 430, 430, 410, 390, 370, 350] [151, 43] 12 1
[150, 150, 130, 110, 90, 70, 50, 30, 10, 10, 10, 10] [410, 430, 430, 430, 430, 430, 430, 430, 430, 410, 390, 370] [151, 43] 12 2
[150, 150, 150, 130, 110, 90, 70, 50, 30, 10, 10, 10] [390, 410, 430, 430, 430, 430, 430, 430, 430, 430, 410, 390] [151, 43] 12 2
[150, 150, 150, 150, 130, 110, 90, 70, 50, 30, 10, 10] [370, 390, 410, 430, 430, 430, 430, 430, 430, 430, 430, 410] [151, 43] 12 2
[150, 150, 150, 150, 150, 130, 110, 90, 70, 50, 30, 10] [350, 370, 390, 410, 430, 430, 430, 430, 430, 430, 430, 430] [151, 43] 12 2
[150, 150, 150, 150, 150, 150, 130, 110, 90, 70, 50, 30] [330, 350, 370, 390, 410, 430, 430, 430, 430, 430, 430, 430] [151, 43] 12 2
[150, 150, 150, 150, 150, 150, 150, 130, 110, 90, 70, 50] [310, 330, 350, 370, 390, 410, 430, 430, 430, 430, 430, 430] [151, 43] 12 2
[150, 150, 150, 150, 150, 150, 150, 150, 130, 110, 90, 70] [290, 310, 330, 350, 370, 390, 410, 430, 430, 430, 430, 430] [151, 43] 12 2
[150, 150, 150, 150, 150, 150, 150, 150, 150, 130, 110, 90] [270, 290, 310, 330, 350, 370, 390, 410, 430, 430, 430, 430] [151, 43] 12 2
[150, 150, 150, 150, 150, 150, 150, 150, 150, 150, 130, 110] [250, 270, 290, 310, 330, 350, 370, 390, 410, 430, 430, 430] [151, 43] 12 2
[150, 150, 150, 150, 150, 150, 150, 150, 150, 150, 150, 130] [230, 250, 270, 290, 310, 330, 350, 370, 390, 410, 430, 430] [151, 43] 12 2
[150, 150, 150, 150, 150, 150, 150, 150, 150, 150, 150, 150] [210, 230, 250, 270, 290, 310, 330, 350, 370, 390, 410, 430] [151, 43] 12 2
[150, 150, 150, 150, 150, 150, 150, 150, 150, 150, 150, 150] [190, 210, 230, 250, 270, 290, 310, 330, 350, 370, 390, 410] [151, 43] 12 2
[150, 150, 150, 150, 150, 150, 150, 150, 150, 150, 150, 150] [170, 190, 210, 230, 250, 270, 290, 310, 330, 350, 370, 390] [151, 43] 12 2
[150, 150, 150, 150, 150, 150, 150, 150, 150, 150, 150, 150] [150, 170, 190, 210, 230, 250, 270, 290, 310, 330, 350, 370] [151, 43] 12 2
[150, 150, 150, 150, 150, 150, 150, 150, 150, 150, 150, 150] [130, 150, 170, 190, 210, 230, 250, 270, 290, 310, 330, 350] [151, 43] 12 2
[150, 150, 150, 150, 150, 150, 150, 150, 150, 150, 150, 150] [110, 130, 150, 170, 190, 210, 230, 250, 270, 290, 310, 330] [151, 43] 12 2
[150, 150, 150, 150, 150, 150, 150, 150, 150, 150, 150, 150] [90, 110, 130, 150, 170, 190, 210, 230, 250, 270, 290, 310] [151, 43] 12 2
[150, 150, 150, 150, 150, 150, 150, 150, 150, 150, 150, 150] [70, 90, 110, 130, 150, 170, 190, 210, 230, 250, 270, 290] [151, 43] 12 2
[150, 150, 150, 150, 150, 150, 150, 150, 150, 150, 150, 150] [50, 70, 90, 110, 130, 150, 170, 190, 210, 230, 250, 270] [151, 43] 12 2
[150, 150, 150, 150, 150, 150, 150, 150, 150, 150, 150, 150, 150] [30, 50, 70, 90, 110, 130, 150, 170, 190, 210, 230, 250, 270] [101, 393] 13 2
[170, 150, 150, 150, 150, 150, 150, 150, 150, 150, 150, 150, 150] [30, 30, 50, 70, 90, 110, 130, 150, 170, 190, 210, 230, 250] [101, 393] 13 1
[190, 170, 150, 150, 150, 150, 150, 150, 150, 150, 150, 150, 150] [30, 30, 30, 50, 70, 90, 110, 130, 150, 170, 190, 210, 230] [101, 393] 13 1
[190, 190, 170, 150, 150, 150, 150, 150, 150, 150, 150, 150, 150] [50, 30, 30, 30, 50, 70, 90, 110, 130, 150, 170, 190, 210] [101, 393] 13 0
[190, 190, 190, 170, 150, 150, 150, 150, 150, 150, 150, 150, 150] [70, 50, 30, 30, 30, 50, 70, 90, 110, 130, 150, 170, 190] [101, 393] 13 0
[190, 190, 190, 190, 170, 150, 150, 150, 150, 150, 150, 150, 150] [90, 70, 50, 30, 30, 30, 50, 70, 90, 110, 130, 150, 170] [101, 393] 13 0
[190, 190, 190, 190, 190, 170, 150, 150, 150, 150, 150, 150, 150] [110, 90, 70, 50, 30, 30, 30, 50, 70, 90, 110, 130, 150] [101, 393] 13 0
[190, 190, 190, 190, 190, 190, 170, 150, 150, 150, 150, 150, 150] [130, 110, 90, 70, 50, 30, 30, 30, 50, 70, 90, 110, 130] [101, 393] 13 0
[190, 190, 190, 190, 190, 190, 190, 170, 150, 150, 150, 150, 150] [150, 130, 110, 90, 70, 50, 30, 30, 30, 50, 70, 90, 110] [101, 393] 13 0
[190, 190, 190, 190, 190, 190, 190, 190, 170, 150, 150, 150, 150] [170, 150, 130, 110, 90, 70, 50, 30, 30, 30, 50, 70, 90] [101, 393] 13 0
[190, 190, 190, 190, 190, 190, 190, 190, 190, 170, 150, 150, 150] [190, 170, 150, 130, 110, 90, 70, 50, 30, 30, 30, 50, 70] [101, 393] 13 0
[190, 190, 190, 190, 190, 190, 190, 190, 190, 190, 170, 150, 150] [210, 190, 170, 150, 130, 110, 90, 70, 50, 30, 30, 30, 50] [101, 393] 13 0
[190, 190, 190, 190, 190, 190, 190, 190, 190, 190, 190, 170, 150] [230, 210, 190, 170, 150, 130, 110, 90, 70, 50, 30, 30, 30] [101, 393] 13 0
[190, 190, 190, 190, 190, 190, 190, 190, 190, 190, 190, 190, 170] [250, 230, 210, 190, 170, 150, 130, 110, 90, 70, 50, 30, 30] [101, 393] 13 0
[190, 190, 190, 190, 190, 190, 190, 190, 190, 190, 190, 190, 190] [270, 250, 230, 210, 190, 170, 150, 130, 110, 90, 70, 50, 30] [101, 393] 13 0
[190, 190, 190, 190, 190, 190, 190, 190, 190, 190, 190, 190, 190] [290, 270, 250, 230, 210, 190, 170, 150, 130, 110, 90, 70, 50] [101, 393] 13 0
[190, 190, 190, 190, 190, 190, 190, 190, 190, 190, 190, 190, 190] [310, 290, 270, 250, 230, 210, 190, 170, 150, 130, 110, 90, 70] [101, 393] 13 0
[190, 190, 190, 190, 190, 190, 190, 190, 190, 190, 190, 190, 190] [330, 310, 290, 270, 250, 230, 210, 190, 170, 150, 130, 110, 90] [101, 393] 13 0
[190, 190, 190, 190, 190, 190, 190, 190, 190, 190, 190, 190, 190] [350, 330, 310, 290, 270, 250, 230, 210, 190, 170, 150, 130, 110] [101, 393] 13 0
[190, 190, 190, 190, 190, 190, 190, 190, 190, 190, 190, 190, 190] [370, 350, 330, 310, 290, 270, 250, 230, 210, 190, 170, 150, 130] [101, 393] 13 0
[190, 190, 190, 190, 190, 190, 190, 190, 190, 190, 190, 190, 190] [390, 370, 350, 330, 310, 290, 270, 250, 230, 210, 190, 170, 150] [101, 393] 13 0
[170, 190, 190, 190, 190, 190, 190, 190, 190, 190, 190, 190, 190] [390, 390, 370, 350, 330, 310, 290, 270, 250, 230, 210, 190, 170] [101, 393] 13 3
[150, 170, 190, 190, 190, 190, 190, 190, 190, 190, 190, 190, 190] [390, 390, 390, 370, 350, 330, 310, 290, 270, 250, 230, 210, 190] [101, 393] 13 3
[130, 150, 170, 190, 190, 190, 190, 190, 190, 190, 190, 190, 190] [390, 390, 390, 390, 370, 350, 330, 310, 290, 270, 250, 230, 210] [101, 393] 13 3
[110, 130, 150, 170, 190, 190, 190, 190, 190, 190, 190, 190, 190] [390, 390, 390, 390, 390, 370, 350, 330, 310, 290, 270, 250, 230] [101, 393] 13 3
[90, 110, 130, 150, 170, 190, 190, 190, 190, 190, 190, 190, 190, 190] [390, 390, 390, 390, 390, 390, 370, 350, 330, 310, 290, 270, 250, 230] [579, 271] 14 3
[90, 90, 110, 130, 150, 170, 190, 190, 190, 190, 190, 190, 190, 190] [370, 390, 390, 390, 390, 390, 390, 370, 350, 330, 310, 290, 270, 250] [579, 271] 14 2
[90, 90, 90, 110, 130, 150, 170, 190, 190, 190, 190, 190, 190, 190] [350, 370, 390, 390, 390, 390, 390, 390, 370, 350, 330, 310, 290, 270] [579, 271] 14 2
[90, 90, 90, 90, 110, 130, 150, 170, 190, 190, 190, 190, 190, 190] [330, 350, 370, 390, 390, 390, 390, 390, 390, 370, 350, 330, 310, 290] [579, 271] 14 2
[90, 90, 90, 90, 90, 110, 130, 150, 170, 190, 190, 190, 190, 190] [310, 330, 350, 370, 390, 390, 390, 390, 390, 390, 370, 350, 330, 310] [579, 271] 14 2
[90, 90, 90, 90, 90, 90, 110, 130, 150, 170, 190, 190, 190, 190] [290, 310, 330, 350, 370, 390, 390, 390, 390, 390, 390, 370, 350, 330] [579, 271] 14 2
[90, 90, 90, 90, 90, 90, 90, 110, 130, 150, 170, 190, 190, 190] [270, 290, 310, 330, 350, 370, 390, 390, 390, 390, 390, 390, 370, 350] [579, 271] 14 2
[90, 90, 90, 90, 90, 90, 90, 90, 110, 130, 150, 170, 190, 190] [250, 270, 290, 310, 330, 350, 370, 390, 390, 390, 390, 390, 390, 370] [579, 271] 14 2
[110, 90, 90, 90, 90, 90, 90, 90, 90, 110, 130, 150, 170, 190] [250, 250, 270, 290, 310, 330, 350, 370, 390, 390, 390, 390, 390, 390] [579, 271] 14 1
[130, 110, 90, 90, 90, 90, 90, 90, 90, 90, 110, 130, 150, 170] [250, 250, 250, 270, 290, 310, 330, 350, 370, 390, 390, 390, 390, 390] [579, 271] 14 1
[150, 130, 110, 90, 90, 90, 90, 90, 90, 90, 90, 110, 130, 150] [250, 250, 250, 250, 270, 290, 310, 330, 350, 370, 390, 390, 390, 390] [579, 271] 14 1
[170, 150, 130, 110, 90, 90, 90, 90, 90, 90, 90, 90, 110, 130] [250, 250, 250, 250, 250, 270, 290, 310, 330, 350, 370, 390, 390, 390] [579, 271] 14 1
[190, 170, 150, 130, 110, 90, 90, 90, 90, 90, 90, 90, 90, 110] [250, 250, 250, 250, 250, 250, 270, 290, 310, 330, 350, 370, 390, 390] [579, 271] 14 1
[210, 190, 170, 150, 130, 110, 90, 90, 90, 90, 90, 90, 90, 90] [250, 250, 250, 250, 250, 250, 250, 270, 290, 310, 330, 350, 370, 390] [579, 271] 14 1
[230, 210, 190, 170, 150, 130, 110, 90, 90, 90, 90, 90, 90, 90] [250, 250, 250, 250, 250, 250, 250, 250, 270, 290, 310, 330, 350, 370] [579, 271] 14 1
[250, 230, 210, 190, 170, 150, 130, 110, 90, 90, 90, 90, 90, 90] [250, 250, 250, 250, 250, 250, 250, 250, 250, 270, 290, 310, 330, 350] [579, 271] 14 1
[270, 250, 230, 210, 190, 170, 150, 130, 110, 90, 90, 90, 90, 90] [250, 250, 250, 250, 250, 250, 250, 250, 250, 250, 270, 290, 310, 330] [579, 271] 14 1
[290, 270, 250, 230, 210, 190, 170, 150, 130, 110, 90, 90, 90, 90] [250, 250, 250, 250, 250, 250, 250, 250, 250, 250, 250, 270, 290, 310] [579, 271] 14 1
[310, 290, 270, 250, 230, 210, 190, 170, 150, 130, 110, 90, 90, 90] [250, 250, 250, 250, 250, 250, 250, 250, 250, 250, 250, 250, 270, 290] [579, 271] 14 1
[330, 310, 290, 270, 250, 230, 210, 190, 170, 150, 130, 110, 90, 90] [250, 250, 250, 250, 250, 250, 250, 250, 250, 250, 250, 250, 250, 270] [579, 271] 14 1
[350, 330, 310, 290, 270, 250, 230, 210, 190, 170, 150, 130, 110, 90] [250, 250, 250, 250, 250, 250, 250, 250, 250, 250, 250, 250, 250, 250] [579, 271] 14 1
[370, 350, 330, 310, 290, 270, 250, 230, 210, 190, 170, 150, 130, 110] [250, 250, 250, 250, 250, 250, 250, 250, 250, 250, 250, 250, 250, 250] [579, 271] 14 1
[390, 370, 350, 330, 310, 290, 270, 250, 230, 210, 190, 170, 150, 130] [250, 250, 250, 250, 250, 250, 250, 250, 250, 250, 250, 250, 250, 250] [579, 271] 14 1
[410, 390, 370, 350, 330, 310, 290, 270, 250, 230, 210, 190, 170, 150] [250, 250, 250, 250, 250, 250, 250, 250, 250, 250, 250, 250, 250, 250] [579, 271] 14 1
[430, 410, 390, 370, 350, 330, 310, 290, 270, 250, 230, 210, 190, 170] [250, 250, 250, 250, 250, 250, 250, 250, 250, 250, 250, 250, 250, 250] [579, 271] 14 1
[450, 430, 410, 390, 370, 350, 330, 310, 290, 270, 250, 230, 210, 190] [250, 250, 250, 250, 250, 250, 250, 250, 250, 250, 250, 250, 250, 250] [579, 271] 14 1
[470, 450, 430, 410, 390, 370, 350, 330, 310, 290, 270, 250, 230, 210] [250, 250, 250, 250, 250, 250, 250, 250, 250, 250, 250, 250, 250, 250] [579, 271] 14 1
[490, 470, 450, 430, 410, 390, 370, 350, 330, 310, 290, 270, 250, 230] [250, 250, 250, 250, 250, 250, 250, 250, 250, 250, 250, 250, 250, 250] [579, 271] 14 1
[510, 490, 470, 450, 430, 410, 390, 370, 350, 330, 310, 290, 270, 250] [250, 250, 250, 250, 250, 250, 250, 250, 250, 250, 250, 250, 250, 250] [579, 271] 14 1
[530, 510, 490, 470, 450, 430, 410, 390, 370, 350, 330, 310, 290, 270] [250, 250, 250, 250, 250, 250, 250, 250, 250, 250, 250, 250, 250, 250] [579, 271] 14 1
[550, 530, 510, 490, 470, 450, 430, 410, 390, 370, 350, 330, 310, 290] [250, 250, 250, 250, 250, 250, 250, 250, 250, 250, 250, 250, 250, 250] [579, 271] 14 1
[570, 550, 530, 510, 490, 470, 450, 430, 410, 390, 370, 350, 330, 310] [250, 250, 250, 250, 250, 250, 250, 250, 250, 250, 250, 250, 250, 250] [579, 271] 14 1
[570, 570, 550, 530, 510, 490, 470, 450, 430, 410, 390, 370, 350, 330] [270, 250, 250, 250, 250, 250, 250, 250, 250, 250, 250, 250, 250, 250] [579, 271] 14 0
[570, 570, 570, 550, 530, 510, 490, 470, 450, 430, 410, 390, 370, 350, 330] [290, 270, 250, 250, 250, 250, 250, 250, 250, 250, 250, 250, 250, 250, 250] [570, 378] 15 0
[570, 570, 570, 570, 550, 530, 510, 490, 470, 450, 430, 410, 390, 370, 350] [310, 290, 270, 250, 250, 250, 250, 250, 250, 250, 250, 250, 250, 250, 250] [570, 378] 15 0
[570, 570, 570, 570, 570, 550, 530, 510, 490, 470, 450, 430, 410, 390, 370] [330, 310, 290, 270, 250, 250, 250, 250, 250, 250, 250, 250, 250, 250, 250] [570, 378] 15 0
[570, 570, 570, 570, 570, 570, 550, 530, 510, 490, 470, 450, 430, 410, 390] [350, 330, 310, 290, 270, 250, 250, 250, 250, 250, 250, 250, 250, 250, 250] [570, 378] 15 0
[570, 570, 570, 570, 570, 570, 570, 550, 530, 510, 490, 470, 450, 430, 410] [370, 350, 330, 310, 290, 270, 250, 250, 250, 250, 250, 250, 250, 250, 250] [570, 378] 15 0
[570, 570, 570, 570, 570, 570, 570, 570, 550, 530, 510, 490, 470, 450, 430, 410] [390, 370, 350, 330, 310, 290, 270, 250, 250, 250, 250, 250, 250, 250, 250, 250] [459, 338] 16 0
[550, 570, 570, 570, 570, 570, 570, 570, 570, 550, 530, 510, 490, 470, 450, 430] [390, 390, 370, 350, 330, 310, 290, 270, 250, 250, 250, 250, 250, 250, 250, 250] [459, 338] 16 3
[530, 550, 570, 570, 570, 570, 570, 570, 570, 570, 550, 530, 510, 490, 470, 450] [390, 390, 390, 370, 350, 330, 310, 290, 270, 250, 250, 250, 250, 250, 250, 250] [459, 338] 16 3
[510, 530, 550, 570, 570, 570, 570, 570, 570, 570, 570, 550, 530, 510, 490, 470] [390, 390, 390, 390, 370, 350, 330, 310, 290, 270, 250, 250, 250, 250, 250, 250] [459, 338] 16 3
[490, 510, 530, 550, 570, 570, 570, 570, 570, 570, 570, 570, 550, 530, 510, 490] [390, 390, 390, 390, 390, 370, 350, 330, 310, 290, 270, 250, 250, 250, 250, 250] [459, 338] 16 3
[470, 490, 510, 530, 550, 570, 570, 570, 570, 570, 570, 570, 570, 550, 530, 510] [390, 390, 390, 390, 390, 390, 370, 350, 330, 310, 290, 270, 250, 250, 250, 250] [459, 338] 16 3
[450, 470, 490, 510, 530, 550, 570, 570, 570, 570, 570, 570, 570, 570, 550, 530] [390, 390, 390, 390, 390, 390, 390, 370, 350, 330, 310, 290, 270, 250, 250, 250] [459, 338] 16 3
[450, 450, 470, 490, 510, 530, 550, 570, 570, 570, 570, 570, 570, 570, 570, 550] [370, 390, 390, 390, 390, 390, 390, 390, 370, 350, 330, 310, 290, 270, 250, 250] [459, 338] 16 2
[450, 450, 450, 470, 490, 510, 530, 550, 570, 570, 570, 570, 570, 570, 570, 570] [350, 370, 390, 390, 390, 390, 390, 390, 390, 370, 350, 330, 310, 290, 270, 250] [459, 338] 16 2
[450, 450, 450, 450, 470, 490, 510, 530, 550, 570, 570, 570, 570, 570, 570, 570] [330, 350, 370, 390, 390, 390, 390, 390, 390, 390, 370, 350, 330, 310, 290, 270] [459, 338] 16 2
[450, 450, 450, 450, 450, 470, 490, 510, 530, 550, 570, 570, 570, 570, 570, 570, 570] [310, 330, 350, 370, 390, 390, 390, 390, 390, 390, 390, 370, 350, 330, 310, 290, 270] [15, 431] 17 2
[450, 450, 450, 450, 450, 450, 470, 490, 510, 530, 550, 570, 570, 570, 570, 570, 570] [290, 310, 330, 350, 370, 390, 390, 390, 390, 390, 390, 390, 370, 350, 330, 310, 290] [15, 431] 17 2
[450, 450, 450, 450, 450, 450, 450, 470, 490, 510, 530, 550, 570, 570, 570, 570, 570] [270, 290, 310, 330, 350, 370, 390, 390, 390, 390, 390, 390, 390, 370, 350, 330, 310] [15, 431] 17 2
[430, 450, 450, 450, 450, 450, 450, 450, 470, 490, 510, 530, 550, 570, 570, 570, 570] [270, 270, 290, 310, 330, 350, 370, 390, 390, 390, 390, 390, 390, 390, 370, 350, 330] [15, 431] 17 3
[410, 430, 450, 450, 450, 450, 450, 450, 450, 470, 490, 510, 530, 550, 570, 570, 570] [270, 270, 270, 290, 310, 330, 350, 370, 390, 390, 390, 390, 390, 390, 390, 370, 350] [15, 431] 17 3
[390, 410, 430, 450, 450, 450, 450, 450, 450, 450, 470, 490, 510, 530, 550, 570, 570] [270, 270, 270, 270, 290, 310, 330, 350, 370, 390, 390, 390, 390, 390, 390, 390, 370] [15, 431] 17 3
[370, 390, 410, 430, 450, 450, 450, 450, 450, 450, 450, 470, 490, 510, 530, 550, 570] [270, 270, 270, 270, 270, 290, 310, 330, 350, 370, 390, 390, 390, 390, 390, 390, 390] [15, 431] 17 3
[350, 370, 390, 410, 430, 450, 450, 450, 450, 450, 450, 450, 470, 490, 510, 530, 550] [270, 270, 270, 270, 270, 270, 290, 310, 330, 350, 370, 390, 390, 390, 390, 390, 390] [15, 431] 17 3
[330, 350, 370, 390, 410, 430, 450, 450, 450, 450, 450, 450, 450, 470, 490, 510, 530] [270, 270, 270, 270, 270, 270, 270, 290, 310, 330, 350, 370, 390, 390, 390, 390, 390] [15, 431] 17 3
[310, 330, 350, 370, 390, 410, 430, 450, 450, 450, 450, 450, 450, 450, 470, 490, 510] [270, 270, 270, 270, 270, 270, 270, 270, 290, 310, 330, 350, 370, 390, 390, 390, 390] [15, 431] 17 3
[290, 310, 330, 350, 370, 390, 410, 430, 450, 450, 450, 450, 450, 450, 450, 470, 490] [270, 270, 270, 270, 270, 270, 270, 270, 270, 290, 310, 330, 350, 370, 390, 390, 390] [15, 431] 17 3
[270, 290, 310, 330, 350, 370, 390, 410, 430, 450, 450, 450, 450, 450, 450, 450, 470] [270, 270, 270, 270, 270, 270, 270, 270, 270, 270, 290, 310, 330, 350, 370, 390, 390] [15, 431] 17 3
[250, 270, 290, 310, 330, 350, 370, 390, 410, 430, 450, 450, 450, 450, 450, 450, 450] [270, 270, 270, 270, 270, 270, 270, 270, 270, 270, 270, 290, 310, 330, 350, 370, 390] [15, 431] 17 3
[230, 250, 270, 290, 310, 330, 350, 370, 390, 410, 430, 450, 450, 450, 450, 450, 450] [270, 270, 270, 270, 270, 270, 270, 270, 270, 270, 270, 270, 290, 310, 330, 350, 370] [15, 431] 17 3
[210, 230, 250, 270, 290, 310, 330, 350, 370, 390, 410, 430, 450, 450, 450, 450, 450] [270, 270, 270, 270, 270, 270, 270, 270, 270, 270, 270, 270, 270, 290, 310, 330, 350] [15, 431] 17 3
[190, 210, 230, 250, 270, 290, 310, 330, 350, 370, 390, 410, 430, 450, 450, 450, 450] [270, 270, 270, 270, 270, 270, 270, 270, 270, 270, 270, 270, 270, 270, 290, 310, 330] [15, 431] 17 3
[170, 190, 210, 230, 250, 270, 290, 310, 330, 350, 370, 390, 410, 430, 450, 450, 450] [270, 270, 270, 270, 270, 270, 270, 270, 270, 270, 270, 270, 270, 270, 270, 290, 310] [15, 431] 17 3
[150, 170, 190, 210, 230, 250, 270, 290, 310, 330, 350, 370, 390, 410, 430, 450, 450] [270, 270, 270, 270, 270, 270, 270, 270, 270, 270, 270, 270, 270, 270, 270, 270, 290] [15, 431] 17 3
[130, 150, 170, 190, 210, 230, 250, 270, 290, 310, 330, 350, 370, 390, 410, 430, 450] [270, 270, 270, 270, 270, 270, 270, 270, 270, 270, 270, 270, 270, 270, 270, 270, 270] [15, 431] 17 3
[110, 130, 150, 170, 190, 210, 230, 250, 270, 290, 310, 330, 350, 370, 390, 410, 430] [270, 270, 270, 270, 270, 270, 270, 270, 270, 270, 270, 270, 270, 270, 270, 270, 270] [15, 431] 17 3
[90, 110, 130, 150, 170, 190, 210, 230, 250, 270, 290, 310, 330, 350, 370, 390, 410] [270, 270, 270, 270, 270, 270, 270, 270, 270, 270, 270, 270, 270, 270, 270, 270, 270] [15, 431] 17 3
[70, 90, 110, 130, 150, 170, 190, 210, 230, 250, 270, 290, 310, 330, 350, 370, 390] [270, 270, 270, 270, 270, 270, 270, 270, 270, 270, 270, 270, 270, 270, 270, 270, 270] [15, 431] 17 3
[50, 70, 90, 110, 130, 150, 170, 190, 210, 230, 250, 270, 290, 310, 330, 350, 370] [270, 270, 270, 270, 270, 270, 270, 270, 270, 270, 270, 270, 270, 270, 270, 270, 270] [15, 431] 17 3
[30, 50, 70, 90, 110, 130, 150, 170, 190, 210, 230, 250, 270, 290, 310, 330, 350] [270, 270, 270, 270, 270, 270, 270, 270, 270, 270, 270, 270, 270, 270, 270, 270, 270] [15, 431] 17 3
[10, 30, 50, 70, 90, 110, 130, 150, 170, 190, 210, 230, 250, 270, 290, 310, 330] [270, 270, 270, 270, 270, 270, 270, 270, 270, 270, 270, 270, 270, 270, 270, 270, 270] [15, 431] 17 3
[10, 10, 30, 50, 70, 90, 110, 130, 150, 170, 190, 210, 230, 250, 270, 290, 310] [290, 270, 270, 270, 270, 270, 270, 270, 270, 270, 270, 270, 270, 270, 270, 270, 270] [15, 431] 17 0
[10, 10, 10, 30, 50, 70, 90, 110, 130, 150, 170, 190, 210, 230, 250, 270, 290] [310, 290, 270, 270, 270, 270, 270, 270, 270, 270, 270, 270, 270, 270, 270, 270, 270] [15, 431] 17 0
[10, 10, 10, 10, 30, 50, 70, 90, 110, 130, 150, 170, 190, 210, 230, 250, 270] [330, 310, 290, 270, 270, 270, 270, 270, 270, 270, 270, 270, 270, 270, 270, 270, 270] [15, 431] 17 0
[10, 10, 10, 10, 10, 30, 50, 70, 90, 110, 130, 150, 170, 190, 210, 230, 250] [350, 330, 310, 290, 270, 270, 270, 270, 270, 270, 270, 270, 270, 270, 270, 270, 270] [15, 431] 17 0
[10, 10, 10, 10, 10, 10, 30, 50, 70, 90, 110, 130, 150, 170, 190, 210, 230] [370, 350, 330, 310, 290, 270, 270, 270, 270, 270, 270, 270, 270, 270, 270, 270, 270] [15, 431] 17 0
[10, 10, 10, 10, 10, 10, 10, 30, 50, 70, 90, 110, 130, 150, 170, 190, 210] [390, 370, 350, 330, 310, 290, 270, 270, 270, 270, 270, 270, 270, 270, 270, 270, 270] [15, 431] 17 0
[10, 10, 10, 10, 10, 10, 10, 10, 30, 50, 70, 90, 110, 130, 150, 170, 190] [410, 390, 370, 350, 330, 310, 290, 270, 270, 270, 270, 270, 270, 270, 270, 270, 270] [15, 431] 17 0
[10, 10, 10, 10, 10, 10, 10, 10, 10, 30, 50, 70, 90, 110, 130, 150, 170] [430, 410, 390, 370, 350, 330, 310, 290, 270, 270, 270, 270, 270, 270, 270, 270, 270] [15, 431] 17 0
[30, 10, 10, 10, 10, 10, 10, 10, 10, 10, 30, 50, 70, 90, 110, 130, 150, 170] [430, 430, 410, 390, 370, 350, 330, 310, 290, 270, 270, 270, 270, 270, 270, 270, 270, 270] [238, 231] 18 1
[50, 30, 10, 10, 10, 10, 10, 10, 10, 10, 10, 30, 50, 70, 90, 110, 130, 150] [430, 430, 430, 410, 390, 370, 350, 330, 310, 290, 270, 270, 270, 270, 270, 270, 270, 270] [238, 231] 18 1
[70, 50, 30, 10, 10, 10, 10, 10, 10, 10, 10, 10, 30, 50, 70, 90, 110, 130] [430, 430, 430, 430, 410, 390, 370, 350, 330, 310, 290, 270, 270, 270, 270, 270, 270, 270] [238, 231] 18 1
[90, 70, 50, 30, 10, 10, 10, 10, 10, 10, 10, 10, 10, 30, 50, 70, 90, 110] [430, 430, 430, 430, 430, 410, 390, 370, 350, 330, 310, 290, 270, 270, 270, 270, 270, 270] [238, 231] 18 1
[110, 90, 70, 50, 30, 10, 10, 10, 10, 10, 10, 10, 10, 10, 30, 50, 70, 90] [430, 430, 430, 430, 430, 430, 410, 390, 370, 350, 330, 310, 290, 270, 270, 270, 270, 270] [238, 231] 18 1
[130, 110, 90, 70, 50, 30, 10, 10, 10, 10, 10, 10, 10, 10, 10, 30, 50, 70] [430, 430, 430, 430, 430, 430, 430, 410, 390, 370, 350, 330, 310, 290, 270, 270, 270, 270] [238, 231] 18 1
[150, 130, 110, 90, 70, 50, 30, 10, 10, 10, 10, 10, 10, 10, 10, 10, 30, 50] [430, 430, 430, 430, 430, 430, 430, 430, 410, 390, 370, 350, 330, 310, 290, 270, 270, 270] [238, 231] 18 1
[170, 150, 130, 110, 90, 70, 50, 30, 10, 10, 10, 10, 10, 10, 10, 10, 10, 30] [430, 430, 430, 430, 430, 430, 430, 430, 430, 410, 390, 370, 350, 330, 310, 290, 270, 270] [238, 231] 18 1
[190, 170, 150, 130, 110, 90, 70, 50, 30, 10, 10, 10, 10, 10, 10, 10, 10, 10] [430, 430, 430, 430, 430, 430, 430, 430, 430, 430, 410, 390, 370, 350, 330, 310, 290, 270] [238, 231] 18 1
[210, 190, 170, 150, 130, 110, 90, 70, 50, 30, 10, 10, 10, 10, 10, 10, 10, 10] [430, 430, 430, 430, 430, 430, 430, 430, 430, 430, 430, 410, 390, 370, 350, 330, 310, 290] [238, 231] 18 1
[230, 210, 190, 170, 150, 130, 110, 90, 70, 50, 30, 10, 10, 10, 10, 10, 10, 10] [430, 430, 430, 430, 430, 430, 430, 430, 430, 430, 430, 430, 410, 390, 370, 350, 330, 310] [238, 231] 18 1
[230, 230, 210, 190, 170, 150, 130, 110, 90, 70, 50, 30, 10, 10, 10, 10, 10, 10] [410, 430, 430, 430, 430, 430, 430, 430, 430, 430, 430, 430, 430, 410, 390, 370, 350, 330] [238, 231] 18 2
[230, 230, 230, 210, 190, 170, 150, 130, 110, 90, 70, 50, 30, 10, 10, 10, 10, 10] [390, 410, 430, 430, 430, 430, 430, 430, 430, 430, 430, 430, 430, 430, 410, 390, 370, 350] [238, 231] 18 2
[230, 230, 230, 230, 210, 190, 170, 150, 130, 110, 90, 70, 50, 30, 10, 10, 10, 10] [370, 390, 410, 430, 430, 430, 430, 430, 430, 430, 430, 430, 430, 430, 430, 410, 390, 370] [238, 231] 18 2
[230, 230, 230, 230, 230, 210, 190, 170, 150, 130, 110, 90, 70, 50, 30, 10, 10, 10] [350, 370, 390, 410, 430, 430, 430, 430, 430, 430, 430, 430, 430, 430, 430, 430, 410, 390] [238, 231] 18 2
[230, 230, 230, 230, 230, 230, 210, 190, 170, 150, 130, 110, 90, 70, 50, 30, 10, 10] [330, 350, 370, 390, 410, 430, 430, 430, 430, 430, 430, 430, 430, 430, 430, 430, 430, 410] [238, 231] 18 2
[230, 230, 230, 230, 230, 230, 230, 210, 190, 170, 150, 130, 110, 90, 70, 50, 30, 10] [310, 330, 350, 370, 390, 410, 430, 430, 430, 430, 430, 430, 430, 430, 430, 430, 430, 430] [238, 231] 18 2
[230, 230, 230, 230, 230, 230, 230, 230, 210, 190, 170, 150, 130, 110, 90, 70, 50, 30] [290, 310, 330, 350, 370, 390, 410, 430, 430, 430, 430, 430, 430, 430, 430, 430, 430, 430] [238, 231] 18 2
[230, 230, 230, 230, 230, 230, 230, 230, 230, 210, 190, 170, 150, 130, 110, 90, 70, 50] [270, 290, 310, 330, 350, 370, 390, 410, 430, 430, 430, 430, 430, 430, 430, 430, 430, 430] [238, 231] 18 2
[230, 230, 230, 230, 230, 230, 230, 230, 230, 230, 210, 190, 170, 150, 130, 110, 90, 70] [250, 270, 290, 310, 330, 350, 370, 390, 410, 430, 430, 430, 430, 430, 430, 430, 430, 430] [238, 231] 18 2
[230, 230, 230, 230, 230, 230, 230, 230, 230, 230, 230, 210, 190, 170, 150, 130, 110, 90] [230, 250, 270, 290, 310, 330, 350, 370, 390, 410, 430, 430, 430, 430, 430, 430, 430, 430] [238, 231] 18 2
[230, 230, 230, 230, 230, 230, 230, 230, 230, 230, 230, 230, 210, 190, 170, 150, 130, 110, 90] [210, 230, 250, 270, 290, 310, 330, 350, 370, 390, 410, 430, 430, 430, 430, 430, 430, 430, 430] [351, 541] 19 2
[230, 230, 230, 230, 230, 230, 230, 230, 230, 230, 230, 230, 230, 210, 190, 170, 150, 130, 110] [190, 210, 230, 250, 270, 290, 310, 330, 350, 370, 390, 410, 430, 430, 430, 430, 430, 430, 430] [351, 541] 19 2
[250, 230, 230, 230, 230, 230, 230, 230, 230, 230, 230, 230, 230, 230, 210, 190, 170, 150, 130] [190, 190, 210, 230, 250, 270, 290, 310, 330, 350, 370, 390, 410, 430, 430, 430, 430, 430, 430] [351, 541] 19 1
[270, 250, 230, 230, 230, 230, 230, 230, 230, 230, 230, 230, 230, 230, 230, 210, 190, 170, 150] [190, 190, 190, 210, 230, 250, 270, 290, 310, 330, 350, 370, 390, 410, 430, 430, 430, 430, 430] [351, 541] 19 1
[290, 270, 250, 230, 230, 230, 230, 230, 230, 230, 230, 230, 230, 230, 230, 230, 210, 190, 170] [190, 190, 190, 190, 210, 230, 250, 270, 290, 310, 330, 350, 370, 390, 410, 430, 430, 430, 430] [351, 541] 19 1
[310, 290, 270, 250, 230, 230, 230, 230, 230, 230, 230, 230, 230, 230, 230, 230, 230, 210, 190] [190, 190, 190, 190, 190, 210, 230, 250, 270, 290, 310, 330, 350, 370, 390, 410, 430, 430, 430] [351, 541] 19 1
[330, 310, 290, 270, 250, 230, 230, 230, 230, 230, 230, 230, 230, 230, 230, 230, 230, 230, 210] [190, 190, 190, 190, 190, 190, 210, 230, 250, 270, 290, 310, 330, 350, 370, 390, 410, 430, 430] [351, 541] 19 1
[350, 330, 310, 290, 270, 250, 230, 230, 230, 230, 230, 230, 230, 230, 230, 230, 230, 230, 230] [190, 190, 190, 190, 190, 190, 190, 210, 230, 250, 270, 290, 310, 330, 350, 370, 390, 410, 430] [351, 541] 19 1
[350, 350, 330, 310, 290, 270, 250, 230, 230, 230, 230, 230, 230, 230, 230, 230, 230, 230, 230] [210, 190, 190, 190, 190, 190, 190, 190, 210, 230, 250, 270, 290, 310, 330, 350, 370, 390, 410] [351, 541] 19 0
[350, 350, 350, 330, 310, 290, 270, 250, 230, 230, 230, 230, 230, 230, 230, 230, 230, 230, 230] [230, 210, 190, 190, 190, 190, 190, 190, 190, 210, 230, 250, 270, 290, 310, 330, 350, 370, 390] [351, 541] 19 0
[350, 350, 350, 350, 330, 310, 290, 270, 250, 230, 230, 230, 230, 230, 230, 230, 230, 230, 230] [250, 230, 210, 190, 190, 190, 190, 190, 190, 190, 210, 230, 250, 270, 290, 310, 330, 350, 370] [351, 541] 19 0
[350, 350, 350, 350, 350, 330, 310, 290, 270, 250, 230, 230, 230, 230, 230, 230, 230, 230, 230] [270, 250, 230, 210, 190, 190, 190, 190, 190, 190, 190, 210, 230, 250, 270, 290, 310, 330, 350] [351, 541] 19 0
[350, 350, 350, 350, 350, 350, 330, 310, 290, 270, 250, 230, 230, 230, 230, 230, 230, 230, 230] [290, 270, 250, 230, 210, 190, 190, 190, 190, 190, 190, 190, 210, 230, 250, 270, 290, 310, 330] [351, 541] 19 0
[350, 350, 350, 350, 350, 350, 350, 330, 310, 290, 270, 250, 230, 230, 230, 230, 230, 230, 230] [310, 290, 270, 250, 230, 210, 190, 190, 190, 190, 190, 190, 190, 210, 230, 250, 270, 290, 310] [351, 541] 19 0
[350, 350, 350, 350, 350, 350, 350, 350, 330, 310, 290, 270, 250, 230, 230, 230, 230, 230, 230] [330, 310, 290, 270, 250, 230, 210, 190, 190, 190, 190, 190, 190, 190, 210, 230, 250, 270, 290] [351, 541] 19 0
[350, 350, 350, 350, 350, 350, 350, 350, 350, 330, 310, 290, 270, 250, 230, 230, 230, 230, 230] [350, 330, 310, 290, 270, 250, 230, 210, 190, 190, 190, 190, 190, 190, 190, 210, 230, 250, 270] [351, 541] 19 0
[350, 350, 350, 350, 350, 350, 350, 350, 350, 350, 330, 310, 290, 270, 250, 230, 230, 230, 230] [370, 350, 330, 310, 290, 270, 250, 230, 210, 190, 190, 190, 190, 190, 190, 190, 210, 230, 250] [351, 541] 19 0
[350, 350, 350, 350, 350, 350, 350, 350, 350, 350, 350, 330, 310, 290, 270, 250, 230, 230, 230] [390, 370, 350, 330, 310, 290, 270, 250, 230, 210, 190, 190, 190, 190, 190, 190, 190, 210, 230] [351, 541] 19 0
[350, 350, 350, 350, 350, 350, 350, 350, 350, 350, 350, 350, 330, 310, 290, 270, 250, 230, 230] [410, 390, 370, 350, 330, 310, 290, 270, 250, 230, 210, 190, 190, 190, 190, 190, 190, 190, 210] [351, 541] 19 0
[350, 350, 350, 350, 350, 350, 350, 350, 350, 350, 350, 350, 350, 330, 310, 290, 270, 250, 230] [430, 410, 390, 370, 350, 330, 310, 290, 270, 250, 230, 210, 190, 190, 190, 190, 190, 190, 190] [351, 541] 19 0
[350, 350, 350, 350, 350, 350, 350, 350, 350, 350, 350, 350, 350, 350, 330, 310, 290, 270, 250] [450, 430, 410, 390, 370, 350, 330, 310, 290, 270, 250, 230, 210, 190, 190, 190, 190, 190, 190] [351, 541] 19 0
[350, 350, 350, 350, 350, 350, 350, 350, 350, 350, 350, 350, 350, 350, 350, 330, 310, 290, 270] [470, 450, 430, 410, 390, 370, 350, 330, 310, 290, 270, 250, 230, 210, 190, 190, 190, 190, 190] [351, 541] 19 0
[350, 350, 350, 350, 350, 350, 350, 350, 350, 350, 350, 350, 350, 350, 350, 350, 330, 310, 290] [490, 470, 450, 430, 410, 390, 370, 350, 330, 310, 290, 270, 250, 230, 210, 190, 190, 190, 190] [351, 541] 19 0
[350, 350, 350, 350, 350, 350, 350, 350, 350, 350, 350, 350, 350, 350, 350, 350, 350, 330, 310] [510, 490, 470, 450, 430, 410, 390, 370, 350, 330, 310, 290, 270, 250, 230, 210, 190, 190, 190] [351, 541] 19 0
[350, 350, 350, 350, 350, 350, 350, 350, 350, 350, 350, 350, 350, 350, 350, 350, 350, 350, 330] [530, 510, 490, 470, 450, 430, 410, 390, 370, 350, 330, 310, 290, 270, 250, 230, 210, 190, 190] [351, 541] 19 0
[350, 350, 350, 350, 350, 350, 350, 350, 350, 350, 350, 350, 350, 350, 350, 350, 350, 350, 350, 330] [550, 530, 510, 490, 470, 450, 430, 410, 390, 370, 350, 330, 310, 290, 270, 250, 230, 210, 190, 190] [476, 66] 20 0
[330, 350, 350, 350, 350, 350, 350, 350, 350, 350, 350, 350, 350, 350, 350, 350, 350, 350, 350, 350] [550, 550, 530, 510, 490, 470, 450, 430, 410, 390, 370, 350, 330, 310, 290, 270, 250, 230, 210, 190] [476, 66] 20 3
[330, 330, 350, 350, 350, 350, 350, 350, 350, 350, 350, 350, 350, 350, 350, 350, 350, 350, 350, 350] [530, 550, 550, 530, 510, 490, 470, 450, 430, 410, 390, 370, 350, 330, 310, 290, 270, 250, 230, 210] [476, 66] 20 2
[330, 330, 330, 350, 350, 350, 350, 350, 350, 350, 350, 350, 350, 350, 350, 350, 350, 350, 350, 350] [510, 530, 550, 550, 530, 510, 490, 470, 450, 430, 410, 390, 370, 350, 330, 310, 290, 270, 250, 230] [476, 66] 20 2
[330, 330, 330, 330, 350, 350, 350, 350, 350, 350, 350, 350, 350, 350, 350, 350, 350, 350, 350, 350] [490, 510, 530, 550, 550, 530, 510, 490, 470, 450, 430, 410, 390, 370, 350, 330, 310, 290, 270, 250] [476, 66] 20 2
[330, 330, 330, 330, 330, 350, 350, 350, 350, 350, 350, 350, 350, 350, 350, 350, 350, 350, 350, 350] [470, 490, 510, 530, 550, 550, 530, 510, 490, 470, 450, 430, 410, 390, 370, 350, 330, 310, 290, 270] [476, 66] 20 2
[330, 330, 330, 330, 330, 330, 350, 350, 350, 350, 350, 350, 350, 350, 350, 350, 350, 350, 350, 350] [450, 470, 490, 510, 530, 550, 550, 530, 510, 490, 470, 450, 430, 410, 390, 370, 350, 330, 310, 290] [476, 66] 20 2
[330, 330, 330, 330, 330, 330, 330, 350, 350, 350, 350, 350, 350, 350, 350, 350, 350, 350, 350, 350] [430, 450, 470, 490, 510, 530, 550, 550, 530, 510, 490, 470, 450, 430, 410, 390, 370, 350, 330, 310] [476, 66] 20 2
[330, 330, 330, 330, 330, 330, 330, 330, 350, 350, 350, 350, 350, 350, 350, 350, 350, 350, 350, 350] [410, 430, 450, 470, 490, 510, 530, 550, 550, 530, 510, 490, 470, 450, 430, 410, 390, 370, 350, 330] [476, 66] 20 2
[330, 330, 330, 330, 330, 330, 330, 330, 330, 350, 350, 350, 350, 350, 350, 350, 350, 350, 350, 350] [390, 410, 430, 450, 470, 490, 510, 530, 550, 550, 530, 510, 490, 470, 450, 430, 410, 390, 370, 350] [476, 66] 20 2
[330, 330, 330, 330, 330, 330, 330, 330, 330, 330, 350, 350, 350, 350, 350, 350, 350, 350, 350, 350] [370, 390, 410, 430, 450, 470, 490, 510, 530, 550, 550, 530, 510, 490, 470, 450, 430, 410, 390, 370] [476, 66] 20 2
[330, 330, 330, 330, 330, 330, 330, 330, 330, 330, 330, 350, 350, 350, 350, 350, 350, 350, 350, 350] [350, 370, 390, 410, 430, 450, 470, 490, 510, 530, 550, 550, 530, 510, 490, 470, 450, 430, 410, 390] [476, 66] 20 2
[330, 330, 330, 330, 330, 330, 330, 330, 330, 330, 330, 330, 350, 350, 350, 350, 350, 350, 350, 350] [330, 350, 370, 390, 410, 430, 450, 470, 490, 510, 530, 550, 550, 530, 510, 490, 470, 450, 430, 410] [476, 66] 20 2
[330, 330, 330, 330, 330, 330, 330, 330, 330, 330, 330, 330, 330, 350, 350, 350, 350, 350, 350, 350] [310, 330, 350, 370, 390, 410, 430, 450, 470, 490, 510, 530, 550, 550, 530, 510, 490, 470, 450, 430] [476, 66] 20 2
[330, 330, 330, 330, 330, 330, 330, 330, 330, 330, 330, 330, 330, 330, 350, 350, 350, 350, 350, 350] [290, 310, 330, 350, 370, 390, 410, 430, 450, 470, 490, 510, 530, 550, 550, 530, 510, 490, 470, 450] [476, 66] 20 2
[330, 330, 330, 330, 330, 330, 330, 330, 330, 330, 330, 330, 330, 330, 330, 350, 350, 350, 350, 350] [270, 290, 310, 330, 350, 370, 390, 410, 430, 450, 470, 490, 510, 530, 550, 550, 530, 510, 490, 470] [476, 66] 20 2
[330, 330, 330, 330, 330, 330, 330, 330, 330, 330, 330, 330, 330, 330, 330, 330, 350, 350, 350, 350] [250, 270, 290, 310, 330, 350, 370, 390, 410, 430, 450, 470, 490, 510, 530, 550, 550, 530, 510, 490] [476, 66] 20 2
[330, 330, 330, 330, 330, 330, 330, 330, 330, 330, 330, 330, 330, 330, 330, 330, 330, 350, 350, 350] [230, 250, 270, 290, 310, 330, 350, 370, 390, 410, 430, 450, 470, 490, 510, 530, 550, 550, 530, 510] [476, 66] 20 2
[330, 330, 330, 330, 330, 330, 330, 330, 330, 330, 330, 330, 330, 330, 330, 330, 330, 330, 350, 350] [210, 230, 250, 270, 290, 310, 330, 350, 370, 390, 410, 430, 450, 470, 490, 510, 530, 550, 550, 530] [476, 66] 20 2
[330, 330, 330, 330, 330, 330, 330, 330, 330, 330, 330, 330, 330, 330, 330, 330, 330, 330, 330, 350] [190, 210, 230, 250, 270, 290, 310, 330, 350, 370, 390, 410, 430, 450, 470, 490, 510, 530, 550, 550] [476, 66] 20 2
[330, 330, 330, 330, 330, 330, 330, 330, 330, 330, 330, 330, 330, 330, 330, 330, 330, 330, 330, 330] [170, 190, 210, 230, 250, 270, 290, 310, 330, 350, 370, 390, 410, 430, 450, 470, 490, 510, 530, 550] [476, 66] 20 2
[330, 330, 330, 330, 330, 330, 330, 330, 330, 330, 330, 330, 330, 330, 330, 330, 330, 330, 330, 330] [150, 170, 190, 210, 230, 250, 270, 290, 310, 330, 350, 370, 390, 410, 430, 450, 470, 490, 510, 530] [476, 66] 20 2
[330, 330, 330, 330, 330, 330, 330, 330, 330, 330, 330, 330, 330, 330, 330, 330, 330, 330, 330, 330] [130, 150, 170, 190, 210, 230, 250, 270, 290, 310, 330, 350, 370, 390, 410, 430, 450, 470, 490, 510] [476, 66] 20 2
[330, 330, 330, 330, 330, 330, 330, 330, 330, 330, 330, 330, 330, 330, 330, 330, 330, 330, 330, 330] [110, 130, 150, 170, 190, 210, 230, 250, 270, 290, 310, 330, 350, 370, 390, 410, 430, 450, 470, 490] [476, 66] 20 2
[330, 330, 330, 330, 330, 330, 330, 330, 330, 330, 330, 330, 330, 330, 330, 330, 330, 330, 330, 330] [90, 110, 130, 150, 170, 190, 210, 230, 250, 270, 290, 310, 330, 350, 370, 390, 410, 430, 450, 470] [476, 66] 20 2
[330, 330, 330, 330, 330, 330, 330, 330, 330, 330, 330, 330, 330, 330, 330, 330, 330, 330, 330, 330] [70, 90, 110, 130, 150, 170, 190, 210, 230, 250, 270, 290, 310, 330, 350, 370, 390, 410, 430, 450] [476, 66] 20 2
[350, 330, 330, 330, 330, 330, 330, 330, 330, 330, 330, 330, 330, 330, 330, 330, 330, 330, 330, 330] [70, 70, 90, 110, 130, 150, 170, 190, 210, 230, 250, 270, 290, 310, 330, 350, 370, 390, 410, 430] [476, 66] 20 1
[370, 350, 330, 330, 330, 330, 330, 330, 330, 330, 330, 330, 330, 330, 330, 330, 330, 330, 330, 330] [70, 70, 70, 90, 110, 130, 150, 170, 190, 210, 230, 250, 270, 290, 310, 330, 350, 370, 390, 410] [476, 66] 20 1
[390, 370, 350, 330, 330, 330, 330, 330, 330, 330, 330, 330, 330, 330, 330, 330, 330, 330, 330, 330] [70, 70, 70, 70, 90, 110, 130, 150, 170, 190, 210, 230, 250, 270, 290, 310, 330, 350, 370, 390] [476, 66] 20 1
[410, 390, 370, 350, 330, 330, 330, 330, 330, 330, 330, 330, 330, 330, 330, 330, 330, 330, 330, 330] [70, 70, 70, 70, 70, 90, 110, 130, 150, 170, 190, 210, 230, 250, 270, 290, 310, 330, 350, 370] [476, 66] 20 1
[430, 410, 390, 370, 350, 330, 330, 330, 330, 330, 330, 330, 330, 330, 330, 330, 330, 330, 330, 330] [70, 70, 70, 70, 70, 70, 90, 110, 130, 150, 170, 190, 210, 230, 250, 270, 290, 310, 330, 350] [476, 66] 20 1
[450, 430, 410, 390, 370, 350, 330, 330, 330, 330, 330, 330, 330, 330, 330, 330, 330, 330, 330, 330] [70, 70, 70, 70, 70, 70, 70, 90, 110, 130, 150, 170, 190, 210, 230, 250, 270, 290, 310, 330] [476, 66] 20 1
[470, 450, 430, 410, 390, 370, 350, 330, 330, 330, 330, 330, 330, 330, 330, 330, 330, 330, 330, 330] [70, 70, 70, 70, 70, 70, 70, 70, 90, 110, 130, 150, 170, 190, 210, 230, 250, 270, 290, 310] [476, 66] 20 1
[490, 470, 450, 430, 410, 390, 370, 350, 330, 330, 330, 330, 330, 330, 330, 330, 330, 330, 330, 330, 330] [70, 70, 70, 70, 70, 70, 70, 70, 70, 90, 110, 130, 150, 170, 190, 210, 230, 250, 270, 290, 310] [378, 90] 21 1
[490, 490, 470, 450, 430, 410, 390, 370, 350, 330, 330, 330, 330, 330, 330, 330, 330, 330, 330, 330, 330] [90, 70, 70, 70, 70, 70, 70, 70, 70, 70, 90, 110, 130, 150, 170, 190, 210, 230, 250, 270, 290] [378, 90] 21 0
[470, 490, 490, 470, 450, 430, 410, 390, 370, 350, 330, 330, 330, 330, 330, 330, 330, 330, 330, 330, 330] [90, 90, 70, 70, 70, 70, 70, 70, 70, 70, 70, 90, 110, 130, 150, 170, 190, 210, 230, 250, 270] [378, 90] 21 3
[450, 470, 490, 490, 470, 450, 430, 410, 390, 370, 350, 330, 330, 330, 330, 330, 330, 330, 330, 330, 330] [90, 90, 90, 70, 70, 70, 70, 70, 70, 70, 70, 70, 90, 110, 130, 150, 170, 190, 210, 230, 250] [378, 90] 21 3
[430, 450, 470, 490, 490, 470, 450, 430, 410, 390, 370, 350, 330, 330, 330, 330, 330, 330, 330, 330, 330] [90, 90, 90, 90, 70, 70, 70, 70, 70, 70, 70, 70, 70, 90, 110, 130, 150, 170, 190, 210, 230] [378, 90] 21 3
[410, 430, 450, 470, 490, 490, 470, 450, 430, 410, 390, 370, 350, 330, 330, 330, 330, 330, 330, 330, 330] [90, 90, 90, 90, 90, 70, 70, 70, 70, 70, 70, 70, 70, 70, 90, 110, 130, 150, 170, 190, 210] [378, 90] 21 3
[390, 410, 430, 450, 470, 490, 490, 470, 450, 430, 410, 390, 370, 350, 330, 330, 330, 330, 330, 330, 330] [90, 90, 90, 90, 90, 90, 70, 70, 70, 70, 70, 70, 70, 70, 70, 90, 110, 130, 150, 170, 190] [378, 90] 21 3
[370, 390, 410, 430, 450, 470, 490, 490, 470, 450, 430, 410, 390, 370, 350, 330, 330, 330, 330, 330, 330] [90, 90, 90, 90, 90, 90, 90, 70, 70, 70, 70, 70, 70, 70, 70, 70, 90, 110, 130, 150, 170] [378, 90] 21 3
[350, 370, 390, 410, 430, 450, 470, 490, 490, 470, 450, 430, 410, 390, 370, 350, 330, 330, 330, 330, 330, 330] [90, 90, 90, 90, 90, 90, 90, 90, 70, 70, 70, 70, 70, 70, 70, 70, 70, 90, 110, 130, 150, 170] [122, 407] 22 3
[350, 350, 370, 390, 410, 430, 450, 470, 490, 490, 470, 450, 430, 410, 390, 370, 350, 330, 330, 330, 330, 330] [110, 90, 90, 90, 90, 90, 90, 90, 90, 70, 70, 70, 70, 70, 70, 70, 70, 70, 90, 110, 130, 150] [122, 407] 22 0
[350, 350, 350, 370, 390, 410, 430, 450, 470, 490, 490, 470, 450, 430, 410, 390, 370, 350, 330, 330, 330, 330] [130, 110, 90, 90, 90, 90, 90, 90, 90, 90, 70, 70, 70, 70, 70, 70, 70, 70, 70, 90, 110, 130] [122, 407] 22 0
[350, 350, 350, 350, 370, 390, 410, 430, 450, 470, 490, 490, 470, 450, 430, 410, 390, 370, 350, 330, 330, 330] [150, 130, 110, 90, 90, 90, 90, 90, 90, 90, 90, 70, 70, 70, 70, 70, 70, 70, 70, 70, 90, 110] [122, 407] 22 0
[330, 350, 350, 350, 350, 370, 390, 410, 430, 450, 470, 490, 490, 470, 450, 430, 410, 390, 370, 350, 330, 330] [150, 150, 130, 110, 90, 90, 90, 90, 90, 90, 90, 90, 70, 70, 70, 70, 70, 70, 70, 70, 70, 90] [122, 407] 22 3
[310, 330, 350, 350, 350, 350, 370, 390, 410, 430, 450, 470, 490, 490, 470, 450, 430, 410, 390, 370, 350, 330] [150, 150, 150, 130, 110, 90, 90, 90, 90, 90, 90, 90, 90, 70, 70, 70, 70, 70, 70, 70, 70, 70] [122, 407] 22 3
[290, 310, 330, 350, 350, 350, 350, 370, 390, 410, 430, 450, 470, 490, 490, 470, 450, 430, 410, 390, 370, 350] [150, 150, 150, 150, 130, 110, 90, 90, 90, 90, 90, 90, 90, 90, 70, 70, 70, 70, 70, 70, 70, 70] [122, 407] 22 3
[270, 290, 310, 330, 350, 350, 350, 350, 370, 390, 410, 430, 450, 470, 490, 490, 470, 450, 430, 410, 390, 370] [150, 150, 150, 150, 150, 130, 110, 90, 90, 90, 90, 90, 90, 90, 90, 70, 70, 70, 70, 70, 70, 70] [122, 407] 22 3
[250, 270, 290, 310, 330, 350, 350, 350, 350, 370, 390, 410, 430, 450, 470, 490, 490, 470, 450, 430, 410, 390] [150, 150, 150, 150, 150, 150, 130, 110, 90, 90, 90, 90, 90, 90, 90, 90, 70, 70, 70, 70, 70, 70] [122, 407] 22 3
[230, 250, 270, 290, 310, 330, 350, 350, 350, 350, 370, 390, 410, 430, 450, 470, 490, 490, 470, 450, 430, 410] [150, 150, 150, 150, 150, 150, 150, 130, 110, 90, 90, 90, 90, 90, 90, 90, 90, 70, 70, 70, 70, 70] [122, 407] 22 3
[210, 230, 250, 270, 290, 310, 330, 350, 350, 350, 350, 370, 390, 410, 430, 450, 470, 490, 490, 470, 450, 430] [150, 150, 150, 150, 150, 150, 150, 150, 130, 110, 90, 90, 90, 90, 90, 90, 90, 90, 70, 70, 70, 70] [122, 407] 22 3
[190, 210, 230, 250, 270, 290, 310, 330, 350, 350, 350, 350, 370, 390, 410, 430, 450, 470, 490, 490, 470, 450] [150, 150, 150, 150, 150, 150, 150, 150, 150, 130, 110, 90, 90, 90, 90, 90, 90, 90, 90, 70, 70, 70] [122, 407] 22 3
[170, 190, 210, 230, 250, 270, 290, 310, 330, 350, 350, 350, 350, 370, 390, 410, 430, 450, 470, 490, 490, 470] [150, 150, 150, 150, 150, 150, 150, 150, 150, 150, 130, 110, 90, 90, 90, 90, 90, 90, 90, 90, 70, 70] [122, 407] 22 3
[150, 170, 190, 210, 230, 250, 270, 290, 310, 330, 350, 350, 350, 350, 370, 390, 410, 430, 450, 470, 490, 490] [150, 150, 150, 150, 150, 150, 150, 150, 150, 150, 150, 130, 110, 90, 90, 90, 90, 90, 90, 90, 90, 70] [122, 407] 22 3
[130, 150, 170, 190, 210, 230, 250, 270, 290, 310, 330, 350, 350, 350, 350, 370, 390, 410, 430, 450, 470, 490] [150, 150, 150, 150, 150, 150, 150, 150, 150, 150, 150, 150, 130, 110, 90, 90, 90, 90, 90, 90, 90, 90] [122, 407] 22 3
[110, 130, 150, 170, 190, 210, 230, 250, 270, 290, 310, 330, 350, 350, 350, 350, 370, 390, 410, 430, 450, 470] [150, 150, 150, 150, 150, 150, 150, 150, 150, 150, 150, 150, 150, 130, 110, 90, 90, 90, 90, 90, 90, 90] [122, 407] 22 3
[110, 110, 130, 150, 170, 190, 210, 230, 250, 270, 290, 310, 330, 350, 350, 350, 350, 370, 390, 410, 430, 450] [170, 150, 150, 150, 150, 150, 150, 150, 150, 150, 150, 150, 150, 150, 130, 110, 90, 90, 90, 90, 90, 90] [122, 407] 22 0
[110, 110, 110, 130, 150, 170, 190, 210, 230, 250, 270, 290, 310, 330, 350, 350, 350, 350, 370, 390, 410, 430] [190, 170, 150, 150, 150, 150, 150, 150, 150, 150, 150, 150, 150, 150, 150, 130, 110, 90, 90, 90, 90, 90] [122, 407] 22 0
[110, 110, 110, 110, 130, 150, 170, 190, 210, 230, 250, 270, 290, 310, 330, 350, 350, 350, 350, 370, 390, 410] [210, 190, 170, 150, 150, 150, 150, 150, 150, 150, 150, 150, 150, 150, 150, 150, 130, 110, 90, 90, 90, 90] [122, 407] 22 0
[110, 110, 110, 110, 110, 130, 150, 170, 190, 210, 230, 250, 270, 290, 310, 330, 350, 350, 350, 350, 370, 390] [230, 210, 190, 170, 150, 150, 150, 150, 150, 150, 150, 150, 150, 150, 150, 150, 150, 130, 110, 90, 90, 90] [122, 407] 22 0
[110, 110, 110, 110, 110, 110, 130, 150, 170, 190, 210, 230, 250, 270, 290, 310, 330, 350, 350, 350, 350, 370] [250, 230, 210, 190, 170, 150, 150, 150, 150, 150, 150, 150, 150, 150, 150, 150, 150, 150, 130, 110, 90, 90] [122, 407] 22 0
[110, 110, 110, 110, 110, 110, 110, 130, 150, 170, 190, 210, 230, 250, 270, 290, 310, 330, 350, 350, 350, 350] [270, 250, 230, 210, 190, 170, 150, 150, 150, 150, 150, 150, 150, 150, 150, 150, 150, 150, 150, 130, 110, 90] [122, 407] 22 0
[110, 110, 110, 110, 110, 110, 110, 110, 130, 150, 170, 190, 210, 230, 250, 270, 290, 310, 330, 350, 350, 350] [290, 270, 250, 230, 210, 190, 170, 150, 150, 150, 150, 150, 150, 150, 150, 150, 150, 150, 150, 150, 130, 110] [122, 407] 22 0
[110, 110, 110, 110, 110, 110, 110, 110, 110, 130, 150, 170, 190, 210, 230, 250, 270, 290, 310, 330, 350, 350] [310, 290, 270, 250, 230, 210, 190, 170, 150, 150, 150, 150, 150, 150, 150, 150, 150, 150, 150, 150, 150, 130] [122, 407] 22 0
[110, 110, 110, 110, 110, 110, 110, 110, 110, 110, 130, 150, 170, 190, 210, 230, 250, 270, 290, 310, 330, 350] [330, 310, 290, 270, 250, 230, 210, 190, 170, 150, 150, 150, 150, 150, 150, 150, 150, 150, 150, 150, 150, 150] [122, 407] 22 0
[110, 110, 110, 110, 110, 110, 110, 110, 110, 110, 110, 130, 150, 170, 190, 210, 230, 250, 270, 290, 310, 330] [350, 330, 310, 290, 270, 250, 230, 210, 190, 170, 150, 150, 150, 150, 150, 150, 150, 150, 150, 150, 150, 150] [122, 407] 22 0
[110, 110, 110, 110, 110, 110, 110, 110, 110, 110, 110, 110, 130, 150, 170, 190, 210, 230, 250, 270, 290, 310] [370, 350, 330, 310, 290, 270, 250, 230, 210, 190, 170, 150, 150, 150, 150, 150, 150, 150, 150, 150, 150, 150] [122, 407] 22 0
[110, 110, 110, 110, 110, 110, 110, 110, 110, 110, 110, 110, 110, 130, 150, 170, 190, 210, 230, 250, 270, 290] [390, 370, 350, 330, 310, 290, 270, 250, 230, 210, 190, 170, 150, 150, 150, 150, 150, 150, 150, 150, 150, 150] [122, 407] 22 0
