[290, 290, 290, 290, 290] [290, 270, 250, 230, 210] [195, 140] 5 0
[270, 290, 290, 290, 290] [290, 290, 270, 250, 230] [195, 140] 5 3
[250, 270, 290, 290, 290] [290, 290, 290, 270, 250] [195, 140] 5 3
[230, 250, 270, 290, 290] [290, 290, 290, 290, 270] [195, 140] 5 3
[210, 230, 250, 270, 290] [290, 290, 290, 290, 290] [195, 140] 5 3
[190, 210, 230, 250, 270] [290, 290, 290, 290, 290] [195, 140] 5 3
[190, 190, 210, 230, 250] [270, 290, 290, 290, 290] [195, 140] 5 2
[190, 190, 190, 210, 230] [250, 270, 290, 290, 290] [195, 140] 5 2
[190, 190, 190, 190, 210] [230, 250, 270, 290, 290] [195, 140] 5 2
[190, 190, 190, 190, 190] [210, 230, 250, 270, 290] [195, 140] 5 2
[190, 190, 190, 190, 190] [190, 210, 230, 250, 270] [195, 140] 5 2
[190, 190, 190, 190, 190] [170, 190, 210, 230, 250] [195, 140] 5 2
[190, 190, 190, 190, 190] [150, 170, 190, 210, 230] [195, 140] 5 2
[190, 190, 190, 190, 190] [130, 150, 170, 190, 210] [195, 140] 5 2
[190, 190, 190, 190, 190, 190] [110, 130, 150, 170, 190, 210] [454, 305] 6 2
[210, 190, 190, 190, 190, 190] [110, 110, 130, 150, 170, 190] [454, 305] 6 1
[230, 210, 190, 190, 190, 190] [110, 110, 110, 130, 150, 170] [454, 305] 6 1
[250, 230, 210, 190, 190, 190] [110, 110, 110, 110, 130, 150] [454, 305] 6 1
[270, 250, 230, 210, 190, 190] [110, 110, 110, 110, 110, 130] [454, 305] 6 1
[290, 270, 250, 230, 210, 190] [110, 110, 110, 110, 110, 110] [454, 305] 6 1
[310, 290, 270, 250, 230, 210] [110, 110, 110, 110, 110, 110] [454, 305] 6 1
[330, 310, 290, 270, 250, 230] [110, 110, 110, 110, 110, 110] [454, 305] 6 1
[350, 330, 310, 290, 270, 250] [110, 110, 110, 110, 110, 110] [454, 305] 6 1
[370, 350, 330, 310, 290, 270] [110, 110, 110, 110, 110, 110] [454, 305] 6 1
[390, 370, 350, 330, 310, 290] [110, 110, 110, 110, 110, 110] [454, 305] 6 1
[410, 390, 370, 350, 330, 310] [110, 110, 110, 110, 110, 110] [454, 305] 6 1
[430, 410, 390, 370, 350, 330] [110, 110, 110, 110, 110, 110] [454, 305] 6 1
[450, 430, 410, 390, 370, 350] [110, 110, 110, 110, 110, 110] [454, 305] 6 1
[470, 450, 430, 410, 390, 370] [110, 110, 110, 110, 110, 110] [454, 305] 6 1
[470, 470, 450, 430, 410, 390] [130, 110, 110, 110, 110, 110] [454, 305] 6 0
[470, 470, 470, 450, 430, 410] [150, 130, 110, 110, 110, 110] [454, 305] 6 0
[470, 470, 470, 470, 450, 430] [170, 150, 130, 110, 110, 110] [454, 305] 6 0
[470, 470, 470, 470, 470, 450] [190, 170, 150, 130, 110, 110] [454, 305] 6 0
[470, 470, 470, 470, 470, 470] [210, 190, 170, 150, 130, 110] [454, 305] 6 0
[470, 470, 470, 470, 470, 470] [230, 210, 190, 170, 150, 130] [454, 305] 6 0
[470, 470, 470, 470, 470, 470] [250, 230, 210, 190, 170, 150] [454, 305] 6 0
[470, 470, 470, 470, 470, 470] [270, 250, 230, 210, 190, 170] [454, 305] 6 0
[470, 470, 470, 470, 470, 470] [290, 270, 250, 230, 210, 190] [454, 305] 6 0
[450, 470, 470, 470, 470, 470] [290, 290, 270, 250, 230, 210] [454, 305] 6 3
[430, 450, 470, 470, 470, 470, 470] [290, 290, 290, 270, 250, 230, 210] [394, 363] 7 3
[410, 430, 450, 470, 470, 470, 470] [290, 290, 290, 290, 270, 250, 230] [394, 363] 7 3
[390, 410, 430, 450, 470, 470, 470] [290, 290, 290, 290, 290, 270, 250] [394, 363] 7 3
[390, 390, 410, 430, 450, 470, 470] [310, 290, 290, 290, 290, 290, 270] [394, 363] 7 0
[390, 390, 390, 410, 430, 450, 470] [330, 310, 290, 290, 290, 290, 290] [394, 363] 7 0
[390, 390, 390, 390, 410, 430, 450] [350, 330, 310, 290, 290, 290, 290] [394, 363] 7 0
[390, 390, 390, 390, 390, 410, 430, 450] [370, 350, 330, 310, 290, 290, 290, 290] [438, 162] 8 0
[390, 390, 390, 390, 390, 390, 410, 430] [390, 370, 350, 330, 310, 290, 290, 290] [438, 162] 8 0
[410, 390, 390, 390, 390, 390, 390, 410] [390, 390, 370, 350, 330, 310, 290, 290] [438, 162] 8 1
[430, 410, 390, 390, 390, 390, 390, 390] [390, 390, 390, 370, 350, 330, 310, 290] [438, 162] 8 1
[430, 430, 410, 390, 390, 390, 390, 390] [370, 390, 390, 390, 370, 350, 330, 310] [438, 162] 8 2
[430, 430, 430, 410, 390, 390, 390, 390] [350, 370, 390, 390, 390, 370, 350, 330] [438, 162] 8 2
[430, 430, 430, 430, 410, 390, 390, 390] [330, 350, 370, 390, 390, 390, 370, 350] [438, 162] 8 2
[430, 430, 430, 430, 430, 410, 390, 390] [310, 330, 350, 370, 390, 390, 390, 370] [438, 162] 8 2
[430, 430, 430, 430, 430, 430, 410, 390] [290, 310, 330, 350, 370, 390, 390, 390] [438, 162] 8 2
[430, 430, 430, 430, 430, 430, 430, 410] [270, 290, 310, 330, 350, 370, 390, 390] [438, 162] 8 2
[430, 430, 430, 430, 430, 430, 430, 430] [250, 270, 290, 310, 330, 350, 370, 390] [438, 162] 8 2
[430, 430, 430, 430, 430, 430, 430, 430] [230, 250, 270, 290, 310, 330, 350, 370] [438, 162] 8 2
[430, 430, 430, 430, 430, 430, 430, 430] [210, 230, 250, 270, 290, 310, 330, 350] [438, 162] 8 2
[430, 430, 430, 430, 430, 430, 430, 430] [190, 210, 230, 250, 270, 290, 310, 330] [438, 162] 8 2
[430, 430, 430, 430, 430, 430, 430, 430] [170, 190, 210, 230, 250, 270, 290, 310] [438, 162] 8 2
[430, 430, 430, 430, 430, 430, 430, 430, 430] [150, 170, 190, 210, 230, 250, 270, 290, 310] [284, 530] 9 2
[430, 430, 430, 430, 430, 430, 430, 430, 430] [130, 150, 170, 190, 210, 230, 250, 270, 290] [284, 530] 9 2
[410, 430, 430, 430, 430, 430, 430, 430, 430] [130, 130, 150, 170, 190, 210, 230, 250, 270] [284, 530] 9 3
[390, 410, 430, 430, 430, 430, 430, 430, 430] [130, 130, 130, 150, 170, 190, 210, 230, 250] [284, 530] 9 3
[370, 390, 410, 430, 430, 430, 430, 430, 430] [130, 130, 130, 130, 150, 170, 190, 210, 230] [284, 530] 9 3
[350, 370, 390, 410, 430, 430, 430, 430, 430] [130, 130, 130, 130, 130, 150, 170, 190, 210] [284, 530] 9 3
[330, 350, 370, 390, 410, 430, 430, 430, 430] [130, 130, 130, 130, 130, 130, 150, 170, 190] [284, 530] 9 3
[310, 330, 350, 370, 390, 410, 430, 430, 430] [130, 130, 130, 130, 130, 130, 130, 150, 170] [284, 530] 9 3
[290, 310, 330, 350, 370, 390, 410, 430, 430] [130, 130, 130, 130, 130, 130, 130, 130, 150] [284, 530] 9 3
[270, 290, 310, 330, 350, 370, 390, 410, 430] [130, 130, 130, 130, 130, 130, 130, 130, 130] [284, 530] 9 3
[270, 270, 290, 310, 330, 350, 370, 390, 410] [150, 130, 130, 130, 130, 130, 130, 130, 130] [284, 530] 9 0
[270, 270, 270, 290, 310, 330, 350, 370, 390] [170, 150, 130, 130, 130, 130, 130, 130, 130] [284, 530] 9 0
[270, 270, 270, 270, 290, 310, 330, 350, 370] [190, 170, 150, 130, 130, 130, 130, 130, 130] [284, 530] 9 0
[270, 270, 270, 270, 270, 290, 310, 330, 350] [210, 190, 170, 150, 130, 130, 130, 130, 130] [284, 530] 9 0
[270, 270, 270, 270, 270, 270, 290, 310, 330] [230, 210, 190, 170, 150, 130, 130, 130, 130] [284, 530] 9 0
[270, 270, 270, 270, 270, 270, 270, 290, 310] [250, 230, 210, 190, 170, 150, 130, 130, 130] [284, 530] 9 0
[270, 270, 270, 270, 270, 270, 270, 270, 290] [270, 250, 230, 210, 190, 170, 150, 130, 130] [284, 530] 9 0
[270, 270, 270, 270, 270, 270, 270, 270, 270] [290, 270, 250, 230, 210, 190, 170, 150, 130] [284, 530] 9 0
[270, 270, 270, 270, 270, 270, 270, 270, 270] [310, 290, 270, 250, 230, 210, 190, 170, 150] [284, 530] 9 0
[270, 270, 270, 270, 270, 270, 270, 270, 270] [330, 310, 290, 270, 250, 230, 210, 190, 170] [284, 530] 9 0
[270, 270, 270, 270, 270, 270, 270, 270, 270] [350, 330, 310, 290, 270, 250, 230, 210, 190] [284, 530] 9 0
[270, 270, 270, 270, 270, 270, 270, 270, 270] [370, 350, 330, 310, 290, 270, 250, 230, 210] [284, 530] 9 0
[270, 270, 270, 270, 270, 270, 270, 270, 270] [390, 370, 350, 330, 310, 290, 270, 250, 230] [284, 530] 9 0
[270, 270, 270, 270, 270, 270, 270, 270, 270] [410, 390, 370, 350, 330, 310, 290, 270, 250] [284, 530] 9 0
[270, 270, 270, 270, 270, 270, 270, 270, 270] [430, 410, 390, 370, 350, 330, 310, 290, 270] [284, 530] 9 0
[270, 270, 270, 270, 270, 270, 270, 270, 270] [450, 430, 410, 390, 370, 350, 330, 310, 290] [284, 530] 9 0
[270, 270, 270, 270, 270, 270, 270, 270, 270] [470, 450, 430, 410, 390, 370, 350, 330, 310] [284, 530] 9 0
[270, 270, 270, 270, 270, 270, 270, 270, 270] [490, 470, 450, 430, 410, 390, 370, 350, 330] [284, 530] 9 0
[270, 270, 270, 270, 270, 270, 270, 270, 270] [510, 490, 470, 450, 430, 410, 390, 370, 350] [284, 530] 9 0
[270, 270, 270, 270, 270, 270, 270, 270, 270] [530, 510, 490, 470, 450, 430, 410, 390, 370] [284, 530] 9 0
[290, 270, 270, 270, 270, 270, 270, 270, 270, 270] [530, 530, 510, 490, 470, 450, 430, 410, 390, 370] [125, 466] 10 1
[290, 290, 270, 270, 270, 270, 270, 270, 270, 270] [510, 530, 530, 510, 490, 470, 450, 430, 410, 390] [125, 466] 10 2
[290, 290, 290, 270, 270, 270, 270, 270, 270, 270] [490, 510, 530, 530, 510, 490, 470, 450, 430, 410] [125, 466] 10 2
[290, 290, 290, 290, 270, 270, 270, 270, 270, 270] [470, 490, 510, 530, 530, 510, 490, 470, 450, 430] [125, 466] 10 2
[290, 290, 290, 290, 290, 270, 270, 270, 270, 270] [450, 470, 490, 510, 530, 530, 510, 490, 470, 450] [125, 466] 10 2
[290, 290, 290, 290, 290, 290, 270, 270, 270, 270] [430, 450, 470, 490, 510, 530, 530, 510, 490, 470] [125, 466] 10 2
[270, 290, 290, 290, 290, 290, 290, 270, 270, 270] [430, 430, 450, 470, 490, 510, 530, 530, 510, 490] [125, 466] 10 3
[250, 270, 290, 290, 290, 290, 290, 290, 270, 270] [430, 430, 430, 450, 470, 490, 510, 530, 530, 510] [125, 466] 10 3
[230, 250, 270, 290, 290, 290, 290, 290, 290, 270] [430, 430, 430, 430, 450, 470, 490, 510, 530, 530] [125, 466] 10 3
[210, 230, 250, 270, 290, 290, 290, 290, 290, 290] [430, 430, 430, 430, 430, 450, 470, 490, 510, 530] [125, 466] 10 3
[190, 210, 230, 250, 270, 290, 290, 290, 290, 290] [430, 430, 430, 430, 430, 430, 450, 470, 490, 510] [125, 466] 10 3
[170, 190, 210, 230, 250, 270, 290, 290, 290, 290] [430, 430, 430, 430, 430, 430, 430, 450, 470, 490] [125, 466] 10 3
[150, 170, 190, 210, 230, 250, 270, 290, 290, 290] [430, 430, 430, 430, 430, 430, 430, 430, 450, 470] [125, 466] 10 3
[130, 150, 170, 190, 210, 230, 250, 270, 290, 290] [430, 430, 430, 430, 430, 430, 430, 430, 430, 450] [125, 466] 10 3
[130, 130, 150, 170, 190, 210, 230, 250, 270, 290] [450, 430, 430, 430, 430, 430, 430, 430, 430, 430] [125, 466] 10 0
[130, 130, 130, 150, 170, 190, 210, 230, 250, 270, 290] [470, 450, 430, 430, 430, 430, 430, 430, 430, 430, 430] [77, 491] 11 0
[130, 130, 130, 130, 150, 170, 190, 210, 230, 250, 270] [490, 470, 450, 430, 430, 430, 430, 430, 430, 430, 430] [77, 491] 11 0
[110, 130, 130, 130, 130, 150, 170, 190, 210, 230, 250] [490, 490, 470, 450, 430, 430, 430, 430, 430, 430, 430] [77, 491] 11 3
[90, 110, 130, 130, 130, 130, 150, 170, 190, 210, 230] [490, 490, 490, 470, 450, 430, 430, 430, 430, 430, 430] [77, 491] 11 3
[70, 90, 110, 130, 130, 130, 130, 150, 170, 190, 210] [490, 490, 490, 490, 470, 450, 430, 430, 430, 430, 430] [77, 491] 11 3
