[290, 290, 290, 290, 290] [290, 270, 250, 230, 210] [167, 369] 5 0
[270, 290, 290, 290, 290] [290, 290, 270, 250, 230] [167, 369] 5 3
[250, 270, 290, 290, 290] [290, 290, 290, 270, 250] [167, 369] 5 3
[230, 250, 270, 290, 290] [290, 290, 290, 290, 270] [167, 369] 5 3
[210, 230, 250, 270, 290] [290, 290, 290, 290, 290] [167, 369] 5 3
[190, 210, 230, 250, 270] [290, 290, 290, 290, 290] [167, 369] 5 3
[170, 190, 210, 230, 250] [290, 290, 290, 290, 290] [167, 369] 5 3
[170, 170, 190, 210, 230] [310, 290, 290, 290, 290] [167, 369] 5 0
[170, 170, 170, 190, 210] [330, 310, 290, 290, 290] [167, 369] 5 0
[170, 170, 170, 170, 190] [350, 330, 310, 290, 290] [167, 369] 5 0
[170, 170, 170, 170, 170, 190] [370, 350, 330, 310, 290, 290] [167, 169] 6 0
[150, 170, 170, 170, 170, 170] [370, 370, 350, 330, 310, 290] [167, 169] 6 3
[130, 150, 170, 170, 170, 170] [370, 370, 370, 350, 330, 310] [167, 169] 6 3
[130, 130, 150, 170, 170, 170] [350, 370, 370, 370, 350, 330] [167, 169] 6 2
[130, 130, 130, 150, 170, 170] [330, 350, 370, 370, 370, 350] [167, 169] 6 2
[130, 130, 130, 130, 150, 170] [310, 330, 350, 370, 370, 370] [167, 169] 6 2
[130, 130, 130, 130, 130, 150] [290, 310, 330, 350, 370, 370] [167, 169] 6 2
[130, 130, 130, 130, 130, 130] [270, 290, 310, 330, 350, 370] [167, 169] 6 2
[130, 130, 130, 130, 130, 130] [250, 270, 290, 310, 330, 350] [167, 169] 6 2
[130, 130, 130, 130, 130, 130] [230, 250, 270, 290, 310, 330] [167, 169] 6 2
[130, 130, 130, 130, 130, 130] [210, 230, 250, 270, 290, 310] [167, 169] 6 2
[130, 130, 130, 130, 130, 130] [190, 210, 230, 250, 270, 290] [167, 169] 6 2
[130, 130, 130, 130, 130, 130] [170, 190, 210, 230, 250, 270] [167, 169] 6 2
[150, 130, 130, 130, 130, 130] [170, 170, 190, 210, 230, 250] [167, 169] 6 1
[170, 150, 130, 130, 130, 130, 130] [170, 170, 170, 190, 210, 230, 250] [521, 358] 7 1
[190, 170, 150, 130, 130, 130, 130] [170, 170, 170, 170, 190, 210, 230] [521, 358] 7 1
[210, 190, 170, 150, 130, 130, 130] [170, 170, 170, 170, 170, 190, 210] [521, 358] 7 1
[230, 210, 190, 170, 150, 130, 130] [170, 170, 170, 170, 170, 170, 190] [521, 358] 7 1
[250, 230, 210, 190, 170, 150, 130] [170, 170, 170, 170, 170, 170, 170] [521, 358] 7 1
[270, 250, 230, 210, 190, 170, 150] [170, 170, 170, 170, 170, 170, 170] [521, 358] 7 1
[290, 270, 250, 230, 210, 190, 170] [170, 170, 170, 170, 170, 170, 170] [521, 358] 7 1
[310, 290, 270, 250, 230, 210, 190] [170, 170, 170, 170, 170, 170, 170] [521, 358] 7 1
[330, 310, 290, 270, 250, 230, 210] [170, 170, 170, 170, 170, 170, 170] [521, 358] 7 1
[350, 330, 310, 290, 270, 250, 230] [170, 170, 170, 170, 170, 170, 170] [521, 358] 7 1
[370, 350, 330, 310, 290, 270, 250] [170, 170, 170, 170, 170, 170, 170] [521, 358] 7 1
[390, 370, 350, 330, 310, 290, 270] [170, 170, 170, 170, 170, 170, 170] [521, 358] 7 1
[410, 390, 370, 350, 330, 310, 290] [170, 170, 170, 170, 170, 170, 170] [521, 358] 7 1
[430, 410, 390, 370, 350, 330, 310] [170, 170, 170, 170, 170, 170, 170] [521, 358] 7 1
[450, 430, 410, 390, 370, 350, 330] [170, 170, 170, 170, 170, 170, 170] [521, 358] 7 1
[470, 450, 430, 410, 390, 370, 350] [170, 170, 170, 170, 170, 170, 170] [521, 358] 7 1
[490, 470, 450, 430, 410, 390, 370] [170, 170, 170, 170, 170, 170, 170] [521, 358] 7 1
[510, 490, 470, 450, 430, 410, 390] [170, 170, 170, 170, 170, 170, 170] [521, 358] 7 1
[530, 510, 490, 470, 450, 430, 410] [170, 170, 170, 170, 170, 170, 170] [521, 358] 7 1
[550, 530, 510, 490, 470, 450, 430] [170, 170, 170, 170, 170, 170, 170] [521, 358] 7 1
[550, 550, 530, 510, 490, 470, 450] [190, 170, 170, 170, 170, 170, 170] [521, 358] 7 0
[550, 550, 550, 530, 510, 490, 470] [210, 190, 170, 170, 170, 170, 170] [521, 358] 7 0
[550, 550, 550, 550, 530, 510, 490] [230, 210, 190, 170, 170, 170, 170] [521, 358] 7 0
[550, 550, 550, 550, 550, 530, 510] [250, 230, 210, 190, 170, 170, 170] [521, 358] 7 0
[550, 550, 550, 550, 550, 550, 530] [270, 250, 230, 210, 190, 170, 170] [521, 358] 7 0
[550, 550, 550, 550, 550, 550, 550] [290, 270, 250, 230, 210, 190, 170] [521, 358] 7 0
[550, 550, 550, 550, 550, 550, 550] [310, 290, 270, 250, 230, 210, 190] [521, 358] 7 0
[550, 550, 550, 550, 550, 550, 550] [330, 310, 290, 270, 250, 230, 210] [521, 358] 7 0
[550, 550, 550, 550, 550, 550, 550] [350, 330, 310, 290, 270, 250, 230] [521, 358] 7 0
[530, 550, 550, 550, 550, 550, 550] [350, 350, 330, 310, 290, 270, 250] [521, 358] 7 3
[510, 530, 550, 550, 550, 550, 550, 550] [350, 350, 350, 330, 310, 290, 270, 250] [414, 61] 8 3
[490, 510, 530, 550, 550, 550, 550, 550] [350, 350, 350, 350, 330, 310, 290, 270] [414, 61] 8 3
[470, 490, 510, 530, 550, 550, 550, 550] [350, 350, 350, 350, 350, 330, 310, 290] [414, 61] 8 3
[450, 470, 490, 510, 530, 550, 550, 550] [350, 350, 350, 350, 350, 350, 330, 310] [414, 61] 8 3
[430, 450, 470, 490, 510, 530, 550, 550] [350, 350, 350, 350, 350, 350, 350, 330] [414, 61] 8 3
[410, 430, 450, 470, 490, 510, 530, 550] [350, 350, 350, 350, 350, 350, 350, 350] [414, 61] 8 3
[410, 410, 430, 450, 470, 490, 510, 530] [330, 350, 350, 350, 350, 350, 350, 350] [414, 61] 8 2
[410, 410, 410, 430, 450, 470, 490, 510] [310, 330, 350, 350, 350, 350, 350, 350] [414, 61] 8 2
[410, 410, 410, 410, 430, 450, 470, 490] [290, 310, 330, 350, 350, 350, 350, 350] [414, 61] 8 2
[410, 410, 410, 410, 410, 430, 450, 470] [270, 290, 310, 330, 350, 350, 350, 350] [414, 61] 8 2
[410, 410, 410, 410, 410, 410, 430, 450] [250, 270, 290, 310, 330, 350, 350, 350] [414, 61] 8 2
[410, 410, 410, 410, 410, 410, 410, 430] [230, 250, 270, 290, 310, 330, 350, 350] [414, 61] 8 2
[410, 410, 410, 410, 410, 410, 410, 410] [210, 230, 250, 270, 290, 310, 330, 350] [414, 61] 8 2
[410, 410, 410, 410, 410, 410, 410, 410] [190, 210, 230, 250, 270, 290, 310, 330] [414, 61] 8 2
[410, 410, 410, 410, 410, 410, 410, 410] [170, 190, 210, 230, 250, 270, 290, 310] [414, 61] 8 2
[410, 410, 410, 410, 410, 410, 410, 410] [150, 170, 190, 210, 230, 250, 270, 290] [414, 61] 8 2
[410, 410, 410, 410, 410, 410, 410, 410] [130, 150, 170, 190, 210, 230, 250, 270] [414, 61] 8 2
[410, 410, 410, 410, 410, 410, 410, 410] [110, 130, 150, 170, 190, 210, 230, 250] [414, 61] 8 2
[410, 410, 410, 410, 410, 410, 410, 410] [90, 110, 130, 150, 170, 190, 210, 230] [414, 61] 8 2
[410, 410, 410, 410, 410, 410, 410, 410] [70, 90, 110, 130, 150, 170, 190, 210] [414, 61] 8 2
[410, 410, 410, 410, 410, 410, 410, 410, 410] [50, 70, 90, 110, 130, 150, 170, 190, 210] [574, 581] 9 2
[410, 410, 410, 410, 410, 410, 410, 410, 410] [30, 50, 70, 90, 110, 130, 150, 170, 190] [574, 581] 9 2
[430, 410, 410, 410, 410, 410, 410, 410, 410] [30, 30, 50, 70, 90, 110, 130, 150, 170] [574, 581] 9 1
[450, 430, 410, 410, 410, 410, 410, 410, 410] [30, 30, 30, 50, 70, 90, 110, 130, 150] [574, 581] 9 1
[470, 450, 430, 410, 410, 410, 410, 410, 410] [30, 30, 30, 30, 50, 70, 90, 110, 130] [574, 581] 9 1
[490, 470, 450, 430, 410, 410, 410, 410, 410] [30, 30, 30, 30, 30, 50, 70, 90, 110] [574, 581] 9 1
[510, 490, 470, 450, 430, 410, 410, 410, 410] [30, 30, 30, 30, 30, 30, 50, 70, 90] [574, 581] 9 1
[530, 510, 490, 470, 450, 430, 410, 410, 410] [30, 30, 30, 30, 30, 30, 30, 50, 70] [574, 581] 9 1
[550, 530, 510, 490, 470, 450, 430, 410, 410] [30, 30, 30, 30, 30, 30, 30, 30, 50] [574, 581] 9 1
[570, 550, 530, 510, 490, 470, 450, 430, 410] [30, 30, 30, 30, 30, 30, 30, 30, 30] [574, 581] 9 1
[570, 570, 550, 530, 510, 490, 470, 450, 430] [50, 30, 30, 30, 30, 30, 30, 30, 30] [574, 581] 9 0
[570, 570, 570, 550, 530, 510, 490, 470, 450] [70, 50, 30, 30, 30, 30, 30, 30, 30] [574, 581] 9 0
[570, 570, 570, 570, 550, 530, 510, 490, 470] [90, 70, 50, 30, 30, 30, 30, 30, 30] [574, 581] 9 0
[570, 570, 570, 570, 570, 550, 530, 510, 490] [110, 90, 70, 50, 30, 30, 30, 30, 30] [574, 581] 9 0
[570, 570, 570, 570, 570, 570, 550, 530, 510] [130, 110, 90, 70, 50, 30, 30, 30, 30] [574, 581] 9 0
[570, 570, 570, 570, 570, 570, 570, 550, 530] [150, 130, 110, 90, 70, 50, 30, 30, 30] [574, 581] 9 0
[570, 570, 570, 570, 570, 570, 570, 570, 550] [170, 150, 130, 110, 90, 70, 50, 30, 30] [574, 581] 9 0
[570, 570, 570, 570, 570, 570, 570, 570, 570] [190, 170, 150, 130, 110, 90, 70, 50, 30] [574, 581] 9 0
[570, 570, 570, 570, 570, 570, 570, 570, 570] [210, 190, 170, 150, 130, 110, 90, 70, 50] [574, 581] 9 0
[570, 570, 570, 570, 570, 570, 570, 570, 570] [230, 210, 190, 170, 150, 130, 110, 90, 70] [574, 581] 9 0
[570, 570, 570, 570, 570, 570, 570, 570, 570] [250, 230, 210, 190, 170, 150, 130, 110, 90] [574, 581] 9 0
[570, 570, 570, 570, 570, 570, 570, 570, 570] [270, 250, 230, 210, 190, 170, 150, 130, 110] [574, 581] 9 0
[570, 570, 570, 570, 570, 570, 570, 570, 570] [290, 270, 250, 230, 210, 190, 170, 150, 130] [574, 581] 9 0
[570, 570, 570, 570, 570, 570, 570, 570, 570] [310, 290, 270, 250, 230, 210, 190, 170, 150] [574, 581] 9 0
[570, 570, 570, 570, 570, 570, 570, 570, 570] [330, 310, 290, 270, 250, 230, 210, 190, 170] [574, 581] 9 0
[570, 570, 570, 570, 570, 570, 570, 570, 570] [350, 330, 310, 290, 270, 250, 230, 210, 190] [574, 581] 9 0
[570, 570, 570, 570, 570, 570, 570, 570, 570] [370, 350, 330, 310, 290, 270, 250, 230, 210] [574, 581] 9 0
[570, 570, 570, 570, 570, 570, 570, 570, 570] [390, 370, 350, 330, 310, 290, 270, 250, 230] [574, 581] 9 0
[570, 570, 570, 570, 570, 570, 570, 570, 570] [410, 390, 370, 350, 330, 310, 290, 270, 250] [574, 581] 9 0
[570, 570, 570, 570, 570, 570, 570, 570, 570] [430, 410, 390, 370, 350, 330, 310, 290, 270] [574, 581] 9 0
[570, 570, 570, 570, 570, 570, 570, 570, 570] [450, 430, 410, 390, 370, 350, 330, 310, 290] [574, 581] 9 0
[570, 570, 570, 570, 570, 570, 570, 570, 570] [470, 450, 430, 410, 390, 370, 350, 330, 310] [574, 581] 9 0
[570, 570, 570, 570, 570, 570, 570, 570, 570] [490, 470, 450, 430, 410, 390, 370, 350, 330] [574, 581] 9 0
[570, 570, 570, 570, 570, 570, 570, 570, 570] [510, 490, 470, 450, 430, 410, 390, 370, 350] [574, 581] 9 0
[570, 570, 570, 570, 570, 570, 570, 570, 570] [530, 510, 490, 470, 450, 430, 410, 390, 370] [574, 581] 9 0
[570, 570, 570, 570, 570, 570, 570, 570, 570] [550, 530, 510, 490, 470, 450, 430, 410, 390] [574, 581] 9 0
[570, 570, 570, 570, 570, 570, 570, 570, 570] [570, 550, 530, 510, 490, 470, 450, 430, 410] [574, 581] 9 0
[550, 570, 570, 570, 570, 570, 570, 570, 570, 570] [570, 570, 550, 530, 510, 490, 470, 450, 430, 410] [368, 417] 10 3
[530, 550, 570, 570, 570, 570, 570, 570, 570, 570] [570, 570, 570, 550, 530, 510, 490, 470, 450, 430] [368, 417] 10 3
[510, 530, 550, 570, 570, 570, 570, 570, 570, 570] [570, 570, 570, 570, 550, 530, 510, 490, 470, 450] [368, 417] 10 3
[490, 510, 530, 550, 570, 570, 570, 570, 570, 570] [570, 570, 570, 570, 570, 550, 530, 510, 490, 470] [368, 417] 10 3
[470, 490, 510, 530, 550, 570, 570, 570, 570, 570] [570, 570, 570, 570, 570, 570, 550, 530, 510, 490] [368, 417] 10 3
[450, 470, 490, 510, 530, 550, 570, 570, 570, 570] [570, 570, 570, 570, 570, 570, 570, 550, 530, 510] [368, 417] 10 3
[430, 450, 470, 490, 510, 530, 550, 570, 570, 570] [570, 570, 570, 570, 570, 570, 570, 570, 550, 530] [368, 417] 10 3
[410, 430, 450, 470, 490, 510, 530, 550, 570, 570] [570, 570, 570, 570, 570, 570, 570, 570, 570, 550] [368, 417] 10 3
[390, 410, 430, 450, 470, 490, 510, 530, 550, 570] [570, 570, 570, 570, 570, 570, 570, 570, 570, 570] [368, 417] 10 3
[370, 390, 410, 430, 450, 470, 490, 510, 530, 550] [570, 570, 570, 570, 570, 570, 570, 570, 570, 570] [368, 417] 10 3
[350, 370, 390, 410, 430, 450, 470, 490, 510, 530] [570, 570, 570, 570, 570, 570, 570, 570, 570, 570] [368, 417] 10 3
[350, 350, 370, 390, 410, 430, 450, 470, 490, 510] [550, 570, 570, 570, 570, 570, 570, 570, 570, 570] [368, 417] 10 2
[350, 350, 350, 370, 390, 410, 430, 450, 470, 490] [530, 550, 570, 570, 570, 570, 570, 570, 570, 570] [368, 417] 10 2
[350, 350, 350, 350, 370, 390, 410, 430, 450, 470] [510, 530, 550, 570, 570, 570, 570, 570, 570, 570] [368, 417] 10 2
[350, 350, 350, 350, 350, 370, 390, 410, 430, 450] [490, 510, 530, 550, 570, 570, 570, 570, 570, 570] [368, 417] 10 2
[350, 350, 350, 350, 350, 350, 370, 390, 410, 430] [470, 490, 510, 530, 550, 570, 570, 570, 570, 570] [368, 417] 10 2
[350, 350, 350, 350, 350, 350, 350, 370, 390, 410] [450, 470, 490, 510, 530, 550, 570, 570, 570, 570] [368, 417] 10 2
[350, 350, 350, 350, 350, 350, 350, 350, 370, 390] [430, 450, 470, 490, 510, 530, 550, 570, 570, 570] [368, 417] 10 2
[350, 350, 350, 350, 350, 350, 350, 350, 350, 370] [410, 430, 450, 470, 490, 510, 530, 550, 570, 570] [368, 417] 10 2
[370, 350, 350, 350, 350, 350, 350, 350, 350, 350, 370] [410, 410, 430, 450, 470, 490, 510, 530, 550, 570, 570] [401, 507] 11 1
[370, 370, 350, 350, 350, 350, 350, 350, 350, 350, 350] [390, 410, 410, 430, 450, 470, 490, 510, 530, 550, 570] [401, 507] 11 2
[390, 370, 370, 350, 350, 350, 350, 350, 350, 350, 350] [390, 390, 410, 410, 430, 450, 470, 490, 510, 530, 550] [401, 507] 11 1
[410, 390, 370, 370, 350, 350, 350, 350, 350, 350, 350] [390, 390, 390, 410, 410, 430, 450, 470, 490, 510, 530] [401, 507] 11 1
[410, 410, 390, 370, 370, 350, 350, 350, 350, 350, 350] [410, 390, 390, 390, 410, 410, 430, 450, 470, 490, 510] [401, 507] 11 0
[410, 410, 410, 390, 370, 370, 350, 350, 350, 350, 350] [430, 410, 390, 390, 390, 410, 410, 430, 450, 470, 490] [401, 507] 11 0
[410, 410, 410, 410, 390, 370, 370, 350, 350, 350, 350] [450, 430, 410, 390, 390, 390, 410, 410, 430, 450, 470] [401, 507] 11 0
[410, 410, 410, 410, 410, 390, 370, 370, 350, 350, 350] [470, 450, 430, 410, 390, 390, 390, 410, 410, 430, 450] [401, 507] 11 0
[410, 410, 410, 410, 410, 410, 390, 370, 370, 350, 350] [490, 470, 450, 430, 410, 390, 390, 390, 410, 410, 430] [401, 507] 11 0
[410, 410, 410, 410, 410, 410, 410, 390, 370, 370, 350, 350] [510, 490, 470, 450, 430, 410, 390, 390, 390, 410, 410, 430] [106, 416] 12 0
[390, 410, 410, 410, 410, 410, 410, 410, 390, 370, 370, 350] [510, 510, 490, 470, 450, 430, 410, 390, 390, 390, 410, 410] [106, 416] 12 3
[370, 390, 410, 410, 410, 410, 410, 410, 410, 390, 370, 370] [510, 510, 510, 490, 470, 450, 430, 410, 390, 390, 390, 410] [106, 416] 12 3
[350, 370, 390, 410, 410, 410, 410, 410, 410, 410, 390, 370] [510, 510, 510, 510, 490, 470, 450, 430, 410, 390, 390, 390] [106, 416] 12 3
[330, 350, 370, 390, 410, 410, 410, 410, 410, 410, 410, 390] [510, 510, 510, 510, 510, 490, 470, 450, 430, 410, 390, 390] [106, 416] 12 3
[310, 330, 350, 370, 390, 410, 410, 410, 410, 410, 410, 410] [510, 510, 510, 510, 510, 510, 490, 470, 450, 430, 410, 390] [106, 416] 12 3
[290, 310, 330, 350, 370, 390, 410, 410, 410, 410, 410, 410] [510, 510, 510, 510, 510, 510, 510, 490, 470, 450, 430, 410] [106, 416] 12 3
[270, 290, 310, 330, 350, 370, 390, 410, 410, 410, 410, 410] [510, 510, 510, 510, 510, 510, 510, 510, 490, 470, 450, 430] [106, 416] 12 3
[250, 270, 290, 310, 330, 350, 370, 390, 410, 410, 410, 410] [510, 510, 510, 510, 510, 510, 510, 510, 510, 490, 470, 450] [106, 416] 12 3
[230, 250, 270, 290, 310, 330, 350, 370, 390, 410, 410, 410] [510, 510, 510, 510, 510, 510, 510, 510, 510, 510, 490, 470] [106, 416] 12 3
[210, 230, 250, 270, 290, 310, 330, 350, 370, 390, 410, 410] [510, 510, 510, 510, 510, 510, 510, 510, 510, 510, 510, 490] [106, 416] 12 3
[190, 210, 230, 250, 270, 290, 310, 330, 350, 370, 390, 410] [510, 510, 510, 510, 510, 510, 510, 510, 510, 510, 510, 510] [106, 416] 12 3
[170, 190, 210, 230, 250, 270, 290, 310, 330, 350, 370, 390] [510, 510, 510, 510, 510, 510, 510, 510, 510, 510, 510, 510] [106, 416] 12 3
[150, 170, 190, 210, 230, 250, 270, 290, 310, 330, 350, 370] [510, 510, 510, 510, 510, 510, 510, 510, 510, 510, 510, 510] [106, 416] 12 3
[130, 150, 170, 190, 210, 230, 250, 270, 290, 310, 330, 350] [510, 510, 510, 510, 510, 510, 510, 510, 510, 510, 510, 510] [106, 416] 12 3
[110, 130, 150, 170, 190, 210, 230, 250, 270, 290, 310, 330] [510, 510, 510, 510, 510, 510, 510, 510, 510, 510, 510, 510] [106, 416] 12 3
[90, 110, 130, 150, 170, 190, 210, 230, 250, 270, 290, 310] [510, 510, 510, 510, 510, 510, 510, 510, 510, 510, 510, 510] [106, 416] 12 3
[70, 90, 110, 130, 150, 170, 190, 210, 230, 250, 270, 290] [510, 510, 510, 510, 510, 510, 510, 510, 510, 510, 510, 510] [106, 416] 12 3
[50, 70, 90, 110, 130, 150, 170, 190, 210, 230, 250, 270] [510, 510, 510, 510, 510, 510, 510, 510, 510, 510, 510, 510] [106, 416] 12 3
[50, 50, 70, 90, 110, 130, 150, 170, 190, 210, 230, 250] [490, 510, 510, 510, 510, 510, 510, 510, 510, 510, 510, 510] [106, 416] 12 2
[50, 50, 50, 70, 90, 110, 130, 150, 170, 190, 210, 230] [470, 490, 510, 510, 510, 510, 510, 510, 510, 510, 510, 510] [106, 416] 12 2
[50, 50, 50, 50, 70, 90, 110, 130, 150, 170, 190, 210] [450, 470, 490, 510, 510, 510, 510, 510, 510, 510, 510, 510] [106, 416] 12 2
[50, 50, 50, 50, 50, 70, 90, 110, 130, 150, 170, 190] [430, 450, 470, 490, 510, 510, 510, 510, 510, 510, 510, 510] [106, 416] 12 2
[50, 50, 50, 50, 50, 50, 70, 90, 110, 130, 150, 170] [410, 430, 450, 470, 490, 510, 510, 510, 510, 510, 510, 510] [106, 416] 12 2
[70, 50, 50, 50, 50, 50, 50, 70, 90, 110, 130, 150] [410, 410, 430, 450, 470, 490, 510, 510, 510, 510, 510, 510] [106, 416] 12 1
[90, 70, 50, 50, 50, 50, 50, 50, 70, 90, 110, 130] [410, 410, 410, 430, 450, 470, 490, 510, 510, 510, 510, 510] [106, 416] 12 1
[110, 90, 70, 50, 50, 50, 50, 50, 50, 70, 90, 110, 130] [410, 410, 410, 410, 430, 450, 470, 490, 510, 510, 510, 510, 510] [324, 156] 13 1
[130, 110, 90, 70, 50, 50, 50, 50, 50, 50, 70, 90, 110] [410, 410, 410, 410, 410, 430, 450, 470, 490, 510, 510, 510, 510] [324, 156] 13 1
[150, 130, 110, 90, 70, 50, 50, 50, 50, 50, 50, 70, 90] [410, 410, 410, 410, 410, 410, 430, 450, 470, 490, 510, 510, 510] [324, 156] 13 1
[170, 150, 130, 110, 90, 70, 50, 50, 50, 50, 50, 50, 70] [410, 410, 410, 410, 410, 410, 410, 430, 450, 470, 490, 510, 510] [324, 156] 13 1
[190, 170, 150, 130, 110, 90, 70, 50, 50, 50, 50, 50, 50] [410, 410, 410, 410, 410, 410, 410, 410, 430, 450, 470, 490, 510] [324, 156] 13 1
[210, 190, 170, 150, 130, 110, 90, 70, 50, 50, 50, 50, 50] [410, 410, 410, 410, 410, 410, 410, 410, 410, 430, 450, 470, 490] [324, 156] 13 1
[230, 210, 190, 170, 150, 130, 110, 90, 70, 50, 50, 50, 50] [410, 410, 410, 410, 410, 410, 410, 410, 410, 410, 430, 450, 470] [324, 156] 13 1
[250, 230, 210, 190, 170, 150, 130, 110, 90, 70, 50, 50, 50] [410, 410, 410, 410, 410, 410, 410, 410, 410, 410, 410, 430, 450] [324, 156] 13 1
[270, 250, 230, 210, 190, 170, 150, 130, 110, 90, 70, 50, 50] [410, 410, 410, 410, 410, 410, 410, 410, 410, 410, 410, 410, 430] [324, 156] 13 1
[290, 270, 250, 230, 210, 190, 170, 150, 130, 110, 90, 70, 50] [410, 410, 410, 410, 410, 410, 410, 410, 410, 410, 410, 410, 410] [324, 156] 13 1
[310, 290, 270, 250, 230, 210, 190, 170, 150, 130, 110, 90, 70] [410, 410, 410, 410, 410, 410, 410, 410, 410, 410, 410, 410, 410] [324, 156] 13 1
[330, 310, 290, 270, 250, 230, 210, 190, 170, 150, 130, 110, 90] [410, 410, 410, 410, 410, 410, 410, 410, 410, 410, 410, 410, 410] [324, 156] 13 1
[330, 330, 310, 290, 270, 250, 230, 210, 190, 170, 150, 130, 110] [390, 410, 410, 410, 410, 410, 410, 410, 410, 410, 410, 410, 410] [324, 156] 13 2
[330, 330, 330, 310, 290, 270, 250, 230, 210, 190, 170, 150, 130] [370, 390, 410, 410, 410, 410, 410, 410, 410, 410, 410, 410, 410] [324, 156] 13 2
[330, 330, 330, 330, 310, 290, 270, 250, 230, 210, 190, 170, 150] [350, 370, 390, 410, 410, 410, 410, 410, 410, 410, 410, 410, 410] [324, 156] 13 2
[330, 330, 330, 330, 330, 310, 290, 270, 250, 230, 210, 190, 170] [330, 350, 370, 390, 410, 410, 410, 410, 410, 410, 410, 410, 410] [324, 156] 13 2
[330, 330, 330, 330, 330, 330, 310, 290, 270, 250, 230, 210, 190] [310, 330, 350, 370, 390, 410, 410, 410, 410, 410, 410, 410, 410] [324, 156] 13 2
[330, 330, 330, 330, 330, 330, 330, 310, 290, 270, 250, 230, 210] [290, 310, 330, 350, 370, 390, 410, 410, 410, 410, 410, 410, 410] [324, 156] 13 2
[330, 330, 330, 330, 330, 330, 330, 330, 310, 290, 270, 250, 230] [270, 290, 310, 330, 350, 370, 390, 410, 410, 410, 410, 410, 410] [324, 156] 13 2
[330, 330, 330, 330, 330, 330, 330, 330, 330, 310, 290, 270, 250] [250, 270, 290, 310, 330, 350, 370, 390, 410, 410, 410, 410, 410] [324, 156] 13 2
[330, 330, 330, 330, 330, 330, 330, 330, 330, 330, 310, 290, 270] [230, 250, 270, 290, 310, 330, 350, 370, 390, 410, 410, 410, 410] [324, 156] 13 2
[330, 330, 330, 330, 330, 330, 330, 330, 330, 330, 330, 310, 290] [210, 230, 250, 270, 290, 310, 330, 350, 370, 390, 410, 410, 410] [324, 156] 13 2
[330, 330, 330, 330, 330, 330, 330, 330, 330, 330, 330, 330, 310] [190, 210, 230, 250, 270, 290, 310, 330, 350, 370, 390, 410, 410] [324, 156] 13 2
[330, 330, 330, 330, 330, 330, 330, 330, 330, 330, 330, 330, 330] [170, 190, 210, 230, 250, 270, 290, 310, 330, 350, 370, 390, 410] [324, 156] 13 2
[330, 330, 330, 330, 330, 330, 330, 330, 330, 330, 330, 330, 330] [150, 170, 190, 210, 230, 250, 270, 290, 310, 330, 350, 370, 390] [324, 156] 13 2
[330, 330, 330, 330, 330, 330, 330, 330, 330, 330, 330, 330, 330, 330] [130, 150, 170, 190, 210, 230, 250, 270, 290, 310, 330, 350, 370, 390] [542, 465] 14 2
[350, 330, 330, 330, 330, 330, 330, 330, 330, 330, 330, 330, 330, 330] [130, 130, 150, 170, 190, 210, 230, 250, 270, 290, 310, 330, 350, 370] [542, 465] 14 1
[370, 350, 330, 330, 330, 330, 330, 330, 330, 330, 330, 330, 330, 330] [130, 130, 130, 150, 170, 190, 210, 230, 250, 270, 290, 310, 330, 350] [542, 465] 14 1
[390, 370, 350, 330, 330, 330, 330, 330, 330, 330, 330, 330, 330, 330] [130, 130, 130, 130, 150, 170, 190, 210, 230, 250, 270, 290, 310, 330] [542, 465] 14 1
[410, 390, 370, 350, 330, 330, 330, 330, 330, 330, 330, 330, 330, 330] [130, 130, 130, 130, 130, 150, 170, 190, 210, 230, 250, 270, 290, 310] [542, 465] 14 1
[430, 410, 390, 370, 350, 330, 330, 330, 330, 330, 330, 330, 330, 330] [130, 130, 130, 130, 130, 130, 150, 170, 190, 210, 230, 250, 270, 290] [542, 465] 14 1
[450, 430, 410, 390, 370, 350, 330, 330, 330, 330, 330, 330, 330, 330] [130, 130, 130, 130, 130, 130, 130, 150, 170, 190, 210, 230, 250, 270] [542, 465] 14 1
[470, 450, 430, 410, 390, 370, 350, 330, 330, 330, 330, 330, 330, 330] [130, 130, 130, 130, 130, 130, 130, 130, 150, 170, 190, 210, 230, 250] [542, 465] 14 1
[490, 470, 450, 430, 410, 390, 370, 350, 330, 330, 330, 330, 330, 330] [130, 130, 130, 130, 130, 130, 130, 130, 130, 150, 170, 190, 210, 230] [542, 465] 14 1
[510, 490, 470, 450, 430, 410, 390, 370, 350, 330, 330, 330, 330, 330] [130, 130, 130, 130, 130, 130, 130, 130, 130, 130, 150, 170, 190, 210] [542, 465] 14 1
[530, 510, 490, 470, 450, 430, 410, 390, 370, 350, 330, 330, 330, 330] [130, 130, 130, 130, 130, 130, 130, 130, 130, 130, 130, 150, 170, 190] [542, 465] 14 1
[550, 530, 510, 490, 470, 450, 430, 410, 390, 370, 350, 330, 330, 330] [130, 130, 130, 130, 130, 130, 130, 130, 130, 130, 130, 130, 150, 170] [542, 465] 14 1
[570, 550, 530, 510, 490, 470, 450, 430, 410, 390, 370, 350, 330, 330] [130, 130, 130, 130, 130, 130, 130, 130, 130, 130, 130, 130, 130, 150] [542, 465] 14 1
[570, 570, 550, 530, 510, 490, 470, 450, 430, 410, 390, 370, 350, 330] [150, 130, 130, 130, 130, 130, 130, 130, 130, 130, 130, 130, 130, 130] [542, 465] 14 0
[570, 570, 570, 550, 530, 510, 490, 470, 450, 430, 410, 390, 370, 350] [170, 150, 130, 130, 130, 130, 130, 130, 130, 130, 130, 130, 130, 130] [542, 465] 14 0
[570, 570, 570, 570, 550, 530, 510, 490, 470, 450, 430, 410, 390, 370] [190, 170, 150, 130, 130, 130, 130, 130, 130, 130, 130, 130, 130, 130] [542, 465] 14 0
[570, 570, 570, 570, 570, 550, 530, 510, 490, 470, 450, 430, 410, 390] [210, 190, 170, 150, 130, 130, 130, 130, 130, 130, 130, 130, 130, 130] [542, 465] 14 0
[570, 570, 570, 570, 570, 570, 550, 530, 510, 490, 470, 450, 430, 410] [230, 210, 190, 170, 150, 130, 130, 130, 130, 130, 130, 130, 130, 130] [542, 465] 14 0
[570, 570, 570, 570, 570, 570, 570, 550, 530, 510, 490, 470, 450, 430] [250, 230, 210, 190, 170, 150, 130, 130, 130, 130, 130, 130, 130, 130] [542, 465] 14 0
[570, 570, 570, 570, 570, 570, 570, 570, 550, 530, 510, 490, 470, 450] [270, 250, 230, 210, 190, 170, 150, 130, 130, 130, 130, 130, 130, 130] [542, 465] 14 0
[570, 570, 570, 570, 570, 570, 570, 570, 570, 550, 530, 510, 490, 470] [290, 270, 250, 230, 210, 190, 170, 150, 130, 130, 130, 130, 130, 130] [542, 465] 14 0
[570, 570, 570, 570, 570, 570, 570, 570, 570, 570, 550, 530, 510, 490] [310, 290, 270, 250, 230, 210, 190, 170, 150, 130, 130, 130, 130, 130] [542, 465] 14 0
[570, 570, 570, 570, 570, 570, 570, 570, 570, 570, 570, 550, 530, 510] [330, 310, 290, 270, 250, 230, 210, 190, 170, 150, 130, 130, 130, 130] [542, 465] 14 0
[570, 570, 570, 570, 570, 570, 570, 570, 570, 570, 570, 570, 550, 530] [350, 330, 310, 290, 270, 250, 230, 210, 190, 170, 150, 130, 130, 130] [542, 465] 14 0
[570, 570, 570, 570, 570, 570, 570, 570, 570, 570, 570, 570, 570, 550] [370, 350, 330, 310, 290, 270, 250, 230, 210, 190, 170, 150, 130, 130] [542, 465] 14 0
[570, 570, 570, 570, 570, 570, 570, 570, 570, 570, 570, 570, 570, 570] [390, 370, 350, 330, 310, 290, 270, 250, 230, 210, 190, 170, 150, 130] [542, 465] 14 0
[570, 570, 570, 570, 570, 570, 570, 570, 570, 570, 570, 570, 570, 570] [410, 390, 370, 350, 330, 310, 290, 270, 250, 230, 210, 190, 170, 150] [542, 465] 14 0
[570, 570, 570, 570, 570, 570, 570, 570, 570, 570, 570, 570, 570, 570] [430, 410, 390, 370, 350, 330, 310, 290, 270, 250, 230, 210, 190, 170] [542, 465] 14 0
[570, 570, 570, 570, 570, 570, 570, 570, 570, 570, 570, 570, 570, 570] [450, 430, 410, 390, 370, 350, 330, 310, 290, 270, 250, 230, 210, 190] [542, 465] 14 0
[570, 570, 570, 570, 570, 570, 570, 570, 570, 570, 570, 570, 570, 570] [470, 450, 430, 410, 390, 370, 350, 330, 310, 290, 270, 250, 230, 210] [542, 465] 14 0
[550, 570, 570, 570, 570, 570, 570, 570, 570, 570, 570, 570, 570, 570] [470, 470, 450, 430, 410, 390, 370, 350, 330, 310, 290, 270, 250, 230] [542, 465] 14 3
[530, 550, 570, 570, 570, 570, 570, 570, 570, 570, 570, 570, 570, 570, 570] [470, 470, 470, 450, 430, 410, 390, 370, 350, 330, 310, 290, 270, 250, 230] [426, 471] 15 3
[510, 530, 550, 570, 570, 570, 570, 570, 570, 570, 570, 570, 570, 570, 570] [470, 470, 470, 470, 450, 430, 410, 390, 370, 350, 330, 310, 290, 270, 250] [426, 471] 15 3
[490, 510, 530, 550, 570, 570, 570, 570, 570, 570, 570, 570, 570, 570, 570] [470, 470, 470, 470, 470, 450, 430, 410, 390, 370, 350, 330, 310, 290, 270] [426, 471] 15 3
[470, 490, 510, 530, 550, 570, 570, 570, 570, 570, 570, 570, 570, 570, 570] [470, 470, 470, 470, 470, 470, 450, 430, 410, 390, 370, 350, 330, 310, 290] [426, 471] 15 3
[450, 470, 490, 510, 530, 550, 570, 570, 570, 570, 570, 570, 570, 570, 570] [470, 470, 470, 470, 470, 470, 470, 450, 430, 410, 390, 370, 350, 330, 310] [426, 471] 15 3
[430, 450, 470, 490, 510, 530, 550, 570, 570, 570, 570, 570, 570, 570, 570] [470, 470, 470, 470, 470, 470, 470, 470, 450, 430, 410, 390, 370, 350, 330] [426, 471] 15 3
[410, 430, 450, 470, 490, 510, 530, 550, 570, 570, 570, 570, 570, 570, 570, 570] [470, 470, 470, 470, 470, 470, 470, 470, 470, 450, 430, 410, 390, 370, 350, 330] [51, 543] 16 3
[390, 410, 430, 450, 470, 490, 510, 530, 550, 570, 570, 570, 570, 570, 570, 570] [470, 470, 470, 470, 470, 470, 470, 470, 470, 470, 450, 430, 410, 390, 370, 350] [51, 543] 16 3
[370, 390, 410, 430, 450, 470, 490, 510, 530, 550, 570, 570, 570, 570, 570, 570] [470, 470, 470, 470, 470, 470, 470, 470, 470, 470, 470, 450, 430, 410, 390, 370] [51, 543] 16 3
[350, 370, 390, 410, 430, 450, 470, 490, 510, 530, 550, 570, 570, 570, 570, 570] [470, 470, 470, 470, 470, 470, 470, 470, 470, 470, 470, 470, 450, 430, 410, 390] [51, 543] 16 3
[330, 350, 370, 390, 410, 430, 450, 470, 490, 510, 530, 550, 570, 570, 570, 570] [470, 470, 470, 470, 470, 470, 470, 470, 470, 470, 470, 470, 470, 450, 430, 410] [51, 543] 16 3
[310, 330, 350, 370, 390, 410, 430, 450, 470, 490, 510, 530, 550, 570, 570, 570] [470, 470, 470, 470, 470, 470, 470, 470, 470, 470, 470, 470, 470, 470, 450, 430] [51, 543] 16 3
[290, 310, 330, 350, 370, 390, 410, 430, 450, 470, 490, 510, 530, 550, 570, 570] [470, 470, 470, 470, 470, 470, 470, 470, 470, 470, 470, 470, 470, 470, 470, 450] [51, 543] 16 3
[270, 290, 310, 330, 350, 370, 390, 410, 430, 450, 470, 490, 510, 530, 550, 570] [470, 470, 470, 470, 470, 470, 470, 470, 470, 470, 470, 470, 470, 470, 470, 470] [51, 543] 16 3
[250, 270, 290, 310, 330, 350, 370, 390, 410, 430, 450, 470, 490, 510, 530, 550] [470, 470, 470, 470, 470, 470, 470, 470, 470, 470, 470, 470, 470, 470, 470, 470] [51, 543] 16 3
[230, 250, 270, 290, 310, 330, 350, 370, 390, 410, 430, 450, 470, 490, 510, 530] [470, 470, 470, 470, 470, 470, 470, 470, 470, 470, 470, 470, 470, 470, 470, 470] [51, 543] 16 3
[210, 230, 250, 270, 290, 310, 330, 350, 370, 390, 410, 430, 450, 470, 490, 510] [470, 470, 470, 470, 470, 470, 470, 470, 470, 470, 470, 470, 470, 470, 470, 470] [51, 543] 16 3
[190, 210, 230, 250, 270, 290, 310, 330, 350, 370, 390, 410, 430, 450, 470, 490] [470, 470, 470, 470, 470, 470, 470, 470, 470, 470, 470, 470, 470, 470, 470, 470] [51, 543] 16 3
[170, 190, 210, 230, 250, 270, 290, 310, 330, 350, 370, 390, 410, 430, 450, 470] [470, 470, 470, 470, 470, 470, 470, 470, 470, 470, 470, 470, 470, 470, 470, 470] [51, 543] 16 3
[150, 170, 190, 210, 230, 250, 270, 290, 310, 330, 350, 370, 390, 410, 430, 450] [470, 470, 470, 470, 470, 470, 470, 470, 470, 470, 470, 470, 470, 470, 470, 470] [51, 543] 16 3
[130, 150, 170, 190, 210, 230, 250, 270, 290, 310, 330, 350, 370, 390, 410, 430] [470, 470, 470, 470, 470, 470, 470, 470, 470, 470, 470, 470, 470, 470, 470, 470] [51, 543] 16 3
[110, 130, 150, 170, 190, 210, 230, 250, 270, 290, 310, 330, 350, 370, 390, 410] [470, 470, 470, 470, 470, 470, 470, 470, 470, 470, 470, 470, 470, 470, 470, 470] [51, 543] 16 3
[90, 110, 130, 150, 170, 190, 210, 230, 250, 270, 290, 310, 330, 350, 370, 390] [470, 470, 470, 470, 470, 470, 470, 470, 470, 470, 470, 470, 470, 470, 470, 470] [51, 543] 16 3
[70, 90, 110, 130, 150, 170, 190, 210, 230, 250, 270, 290, 310, 330, 350, 370] [470, 470, 470, 470, 470, 470, 470, 470, 470, 470, 470, 470, 470, 470, 470, 470] [51, 543] 16 3
[50, 70, 90, 110, 130, 150, 170, 190, 210, 230, 250, 270, 290, 310, 330, 350] [470, 470, 470, 470, 470, 470, 470, 470, 470, 470, 470, 470, 470, 470, 470, 470] [51, 543] 16 3
[50, 50, 70, 90, 110, 130, 150, 170, 190, 210, 230, 250, 270, 290, 310, 330] [490, 470, 470, 470, 470, 470, 470, 470, 470, 470, 470, 470, 470, 470, 470, 470] [51, 543] 16 0
[50, 50, 50, 70, 90, 110, 130, 150, 170, 190, 210, 230, 250, 270, 290, 310] [510, 490, 470, 470, 470, 470, 470, 470, 470, 470, 470, 470, 470, 470, 470, 470] [51, 543] 16 0
[50, 50, 50, 50, 70, 90, 110, 130, 150, 170, 190, 210, 230, 250, 270, 290] [530, 510, 490, 470, 470, 470, 470, 470, 470, 470, 470, 470, 470, 470, 470, 470] [51, 543] 16 0
[50, 50, 50, 50, 50, 70, 90, 110, 130, 150, 170, 190, 210, 230, 250, 270, 290] [550, 530, 510, 490, 470, 470, 470, 470, 470, 470, 470, 470, 470, 470, 470, 470, 470] [263, 403] 17 0
[70, 50, 50, 50, 50, 50, 70, 90, 110, 130, 150, 170, 190, 210, 230, 250, 270] [550, 550, 530, 510, 490, 470, 470, 470, 470, 470, 470, 470, 470, 470, 470, 470, 470] [263, 403] 17 1
[90, 70, 50, 50, 50, 50, 50, 70, 90, 110, 130, 150, 170, 190, 210, 230, 250] [550, 550, 550, 530, 510, 490, 470, 470, 470, 470, 470, 470, 470, 470, 470, 470, 470] [263, 403] 17 1
[110, 90, 70, 50, 50, 50, 50, 50, 70, 90, 110, 130, 150, 170, 190, 210, 230] [550, 550, 550, 550, 530, 510, 490, 470, 470, 470, 470, 470, 470, 470, 470, 470, 470] [263, 403] 17 1
[130, 110, 90, 70, 50, 50, 50, 50, 50, 70, 90, 110, 130, 150, 170, 190, 210] [550, 550, 550, 550, 550, 530, 510, 490, 470, 470, 470, 470, 470, 470, 470, 470, 470] [263, 403] 17 1
[150, 130, 110, 90, 70, 50, 50, 50, 50, 50, 70, 90, 110, 130, 150, 170, 190] [550, 550, 550, 550, 550, 550, 530, 510, 490, 470, 470, 470, 470, 470, 470, 470, 470] [263, 403] 17 1
[170, 150, 130, 110, 90, 70, 50, 50, 50, 50, 50, 70, 90, 110, 130, 150, 170] [550, 550, 550, 550, 550, 550, 550, 530, 510, 490, 470, 470, 470, 470, 470, 470, 470] [263, 403] 17 1
[190, 170, 150, 130, 110, 90, 70, 50, 50, 50, 50, 50, 70, 90, 110, 130, 150] [550, 550, 550, 550, 550, 550, 550, 550, 530, 510, 490, 470, 470, 470, 470, 470, 470] [263, 403] 17 1
[210, 190, 170, 150, 130, 110, 90, 70, 50, 50, 50, 50, 50, 70, 90, 110, 130] [550, 550, 550, 550, 550, 550, 550, 550, 550, 530, 510, 490, 470, 470, 470, 470, 470] [263, 403] 17 1
[230, 210, 190, 170, 150, 130, 110, 90, 70, 50, 50, 50, 50, 50, 70, 90, 110] [550, 550, 550, 550, 550, 550, 550, 550, 550, 550, 530, 510, 490, 470, 470, 470, 470] [263, 403] 17 1
[250, 230, 210, 190, 170, 150, 130, 110, 90, 70, 50, 50, 50, 50, 50, 70, 90] [550, 550, 550, 550, 550, 550, 550, 550, 550, 550, 550, 530, 510, 490, 470, 470, 470] [263, 403] 17 1
[270, 250, 230, 210, 190, 170, 150, 130, 110, 90, 70, 50, 50, 50, 50, 50, 70] [550, 550, 550, 550, 550, 550, 550, 550, 550, 550, 550, 550, 530, 510, 490, 470, 470] [263, 403] 17 1
[270, 270, 250, 230, 210, 190, 170, 150, 130, 110, 90, 70, 50, 50, 50, 50, 50] [530, 550, 550, 550, 550, 550, 550, 550, 550, 550, 550, 550, 550, 530, 510, 490, 470] [263, 403] 17 2
[270, 270, 270, 250, 230, 210, 190, 170, 150, 130, 110, 90, 70, 50, 50, 50, 50] [510, 530, 550, 550, 550, 550, 550, 550, 550, 550, 550, 550, 550, 550, 530, 510, 490] [263, 403] 17 2
[270, 270, 270, 270, 250, 230, 210, 190, 170, 150, 130, 110, 90, 70, 50, 50, 50] [490, 510, 530, 550, 550, 550, 550, 550, 550, 550, 550, 550, 550, 550, 550, 530, 510] [263, 403] 17 2
[270, 270, 270, 270, 270, 250, 230, 210, 190, 170, 150, 130, 110, 90, 70, 50, 50] [470, 490, 510, 530, 550, 550, 550, 550, 550, 550, 550, 550, 550, 550, 550, 550, 530] [263, 403] 17 2
[270, 270, 270, 270, 270, 270, 250, 230, 210, 190, 170, 150, 130, 110, 90, 70, 50] [450, 470, 490, 510, 530, 550, 550, 550, 550, 550, 550, 550, 550, 550, 550, 550, 550] [263, 403] 17 2
[270, 270, 270, 270, 270, 270, 270, 250, 230, 210, 190, 170, 150, 130, 110, 90, 70] [430, 450, 470, 490, 510, 530, 550, 550, 550, 550, 550, 550, 550, 550, 550, 550, 550] [263, 403] 17 2
[270, 270, 270, 270, 270, 270, 270, 270, 250, 230, 210, 190, 170, 150, 130, 110, 90] [410, 430, 450, 470, 490, 510, 530, 550, 550, 550, 550, 550, 550, 550, 550, 550, 550] [263, 403] 17 2
