[290, 290, 290, 290, 290] [290, 270, 250, 230, 210] [370, 153] 5 0
[310, 290, 290, 290, 290] [290, 290, 270, 250, 230] [370, 153] 5 1
[330, 310, 290, 290, 290] [290, 290, 290, 270, 250] [370, 153] 5 1
[350, 330, 310, 290, 290] [290, 290, 290, 290, 270] [370, 153] 5 1
[370, 350, 330, 310, 290] [290, 290, 290, 290, 290] [370, 153] 5 1
[370, 370, 350, 330, 310] [270, 290, 290, 290, 290] [370, 153] 5 2
[370, 370, 370, 350, 330] [250, 270, 290, 290, 290] [370, 153] 5 2
[370, 370, 370, 370, 350] [230, 250, 270, 290, 290] [370, 153] 5 2
[370, 370, 370, 370, 370] [210, 230, 250, 270, 290] [370, 153] 5 2
[370, 370, 370, 370, 370] [190, 210, 230, 250, 270] [370, 153] 5 2
[370, 370, 370, 370, 370] [170, 190, 210, 230, 250] [370, 153] 5 2
[370, 370, 370, 370, 370] [150, 170, 190, 210, 230] [370, 153] 5 2
[370, 370, 370, 370, 370, 370] [130, 150, 170, 190, 210, 230] [284, 502] 6 2
[350, 370, 370, 370, 370, 370] [130, 130, 150, 170, 190, 210] [284, 502] 6 3
[330, 350, 370, 370, 370, 370] [130, 130, 130, 150, 170, 190] [284, 502] 6 3
[310, 330, 350, 370, 370, 370] [130, 130, 130, 130, 150, 170] [284, 502] 6 3
[290, 310, 330, 350, 370, 370] [130, 130, 130, 130, 130, 150] [284, 502] 6 3
[270, 290, 310, 330, 350, 370] [130, 130, 130, 130, 130, 130] [284, 502] 6 3
[270, 270, 290, 310, 330, 350] [150, 130, 130, 130, 130, 130] [284, 502] 6 0
[270, 270, 270, 290, 310, 330] [170, 150, 130, 130, 130, 130] [284, 502] 6 0
[270, 270, 270, 270, 290, 310] [190, 170, 150, 130, 130, 130] [284, 502] 6 0
[270, 270, 270, 270, 270, 290] [210, 190, 170, 150, 130, 130] [284, 502] 6 0
[270, 270, 270, 270, 270, 270] [230, 210, 190, 170, 150, 130] [284, 502] 6 0
[270, 270, 270, 270, 270, 270] [250, 230, 210, 190, 170, 150] [284, 502] 6 0
[270, 270, 270, 270, 270, 270] [270, 250, 230, 210, 190, 170] [284, 502] 6 0
[270, 270, 270, 270, 270, 270] [290, 270, 250, 230, 210, 190] [284, 502] 6 0
[270, 270, 270, 270, 270, 270] [310, 290, 270, 250, 230, 210] [284, 502] 6 0
[270, 270, 270, 270, 270, 270] [330, 310, 290, 270, 250, 230] [284, 502] 6 0
[270, 270, 270, 270, 270, 270] [350, 330, 310, 290, 270, 250] [284, 502] 6 0
[270, 270, 270, 270, 270, 270] [370, 350, 330, 310, 290, 270] [284, 502] 6 0
[270, 270, 270, 270, 270, 270] [390, 370, 350, 330, 310, 290] [284, 502] 6 0
[270, 270, 270, 270, 270, 270] [410, 390, 370, 350, 330, 310] [284, 502] 6 0
[270, 270, 270, 270, 270, 270] [430, 410, 390, 370, 350, 330] [284, 502] 6 0
[270, 270, 270, 270, 270, 270] [450, 430, 410, 390, 370, 350] [284, 502] 6 0
[270, 270, 270, 270, 270, 270] [470, 450, 430, 410, 390, 370] [284, 502] 6 0
[270, 270, 270, 270, 270, 270] [490, 470, 450, 430, 410, 390] [284, 502] 6 0
[270, 270, 270, 270, 270, 270, 270] [510, 490, 470, 450, 430, 410, 390] [293, 25] 7 0
[290, 270, 270, 270, 270, 270, 270] [510, 510, 490, 470, 450, 430, 410] [293, 25] 7 1
[290, 290, 270, 270, 270, 270, 270] [490, 510, 510, 490, 470, 450, 430] [293, 25] 7 2
[290, 290, 290, 270, 270, 270, 270] [470, 490, 510, 510, 490, 470, 450] [293, 25] 7 2
[290, 290, 290, 290, 270, 270, 270] [450, 470, 490, 510, 510, 490, 470] [293, 25] 7 2
[290, 290, 290, 290, 290, 270, 270] [430, 450, 470, 490, 510, 510, 490] [293, 25] 7 2
[290, 290, 290, 290, 290, 290, 270] [410, 430, 450, 470, 490, 510, 510] [293, 25] 7 2
[290, 290, 290, 290, 290, 290, 290] [390, 410, 430, 450, 470, 490, 510] [293, 25] 7 2
[290, 290, 290, 290, 290, 290, 290] [370, 390, 410, 430, 450, 470, 490] [293, 25] 7 2
[290, 290, 290, 290, 290, 290, 290] [350, 370, 390, 410, 430, 450, 470] [293, 25] 7 2
[290, 290, 290, 290, 290, 290, 290] [330, 350, 370, 390, 410, 430, 450] [293, 25] 7 2
[290, 290, 290, 290, 290, 290, 290] [310, 330, 350, 370, 390, 410, 430] [293, 25] 7 2
[290, 290, 290, 290, 290, 290, 290] [290, 310, 330, 350, 370, 390, 410] [293, 25] 7 2
[290, 290, 290, 290, 290, 290, 290] [270, 290, 310, 330, 350, 370, 390] [293, 25] 7 2
[290, 290, 290, 290, 290, 290, 290] [250, 270, 290, 310, 330, 350, 370] [293, 25] 7 2
[290, 290, 290, 290, 290, 290, 290] [230, 250, 270, 290, 310, 330, 350] [293, 25] 7 2
[290, 290, 290, 290, 290, 290, 290] [210, 230, 250, 270, 290, 310, 330] [293, 25] 7 2
[290, 290, 290, 290, 290, 290, 290] [190, 210, 230, 250, 270, 290, 310] [293, 25] 7 2
[290, 290, 290, 290, 290, 290, 290] [170, 190, 210, 230, 250, 270, 290] [293, 25] 7 2
[290, 290, 290, 290, 290, 290, 290] [150, 170, 190, 210, 230, 250, 270] [293, 25] 7 2
[290, 290, 290, 290, 290, 290, 290] [130, 150, 170, 190, 210, 230, 250] [293, 25] 7 2
[290, 290, 290, 290, 290, 290, 290] [110, 130, 150, 170, 190, 210, 230] [293, 25] 7 2
[290, 290, 290, 290, 290, 290, 290] [90, 110, 130, 150, 170, 190, 210] [293, 25] 7 2
[290, 290, 290, 290, 290, 290, 290] [70, 90, 110, 130, 150, 170, 190] [293, 25] 7 2
[290, 290, 290, 290, 290, 290, 290] [50, 70, 90, 110, 130, 150, 170] [293, 25] 7 2
[290, 290, 290, 290, 290, 290, 290] [30, 50, 70, 90, 110, 130, 150] [293, 25] 7 2
[310, 290, 290, 290, 290, 290, 290, 290] [30, 30, 50, 70, 90, 110, 130, 150] [175, 87] 8 1
[310, 310, 290, 290, 290, 290, 290, 290] [50, 30, 30, 50, 70, 90, 110, 130] [175, 87] 8 0
[310, 310, 310, 290, 290, 290, 290, 290] [70, 50, 30, 30, 50, 70, 90, 110] [175, 87] 8 0
[310, 310, 310, 310, 290, 290, 290, 290] [90, 70, 50, 30, 30, 50, 70, 90] [175, 87] 8 0
[310, 310, 310, 310, 310, 290, 290, 290] [110, 90, 70, 50, 30, 30, 50, 70] [175, 87] 8 0
[290, 310, 310, 310, 310, 310, 290, 290] [110, 110, 90, 70, 50, 30, 30, 50] [175, 87] 8 3
[270, 290, 310, 310, 310, 310, 310, 290] [110, 110, 110, 90, 70, 50, 30, 30] [175, 87] 8 3
[250, 270, 290, 310, 310, 310, 310, 310] [110, 110, 110, 110, 90, 70, 50, 30] [175, 87] 8 3
[230, 250, 270, 290, 310, 310, 310, 310] [110, 110, 110, 110, 110, 90, 70, 50] [175, 87] 8 3
[210, 230, 250, 270, 290, 310, 310, 310] [110, 110, 110, 110, 110, 110, 90, 70] [175, 87] 8 3
[190, 210, 230, 250, 270, 290, 310, 310] [110, 110, 110, 110, 110, 110, 110, 90] [175, 87] 8 3
[170, 190, 210, 230, 250, 270, 290, 310] [110, 110, 110, 110, 110, 110, 110, 110] [175, 87] 8 3
[170, 170, 190, 210, 230, 250, 270, 290] [90, 110, 110, 110, 110, 110, 110, 110] [175, 87] 8 2
[170, 170, 170, 190, 210, 230, 250, 270, 290] [70, 90, 110, 110, 110, 110, 110, 110, 110] [468, 435] 9 2
[190, 170, 170, 170, 190, 210, 230, 250, 270] [70, 70, 90, 110, 110, 110, 110, 110, 110] [468, 435] 9 1
[210, 190, 170, 170, 170, 190, 210, 230, 250] [70, 70, 70, 90, 110, 110, 110, 110, 110] [468, 435] 9 1
[230, 210, 190, 170, 170, 170, 190, 210, 230] [70, 70, 70, 70, 90, 110, 110, 110, 110] [468, 435] 9 1
[250, 230, 210, 190, 170, 170, 170, 190, 210] [70, 70, 70, 70, 70, 90, 110, 110, 110] [468, 435] 9 1
[270, 250, 230, 210, 190, 170, 170, 170, 190] [70, 70, 70, 70, 70, 70, 90, 110, 110] [468, 435] 9 1
[290, 270, 250, 230, 210, 190, 170, 170, 170] [70, 70, 70, 70, 70, 70, 70, 90, 110] [468, 435] 9 1
[310, 290, 270, 250, 230, 210, 190, 170, 170] [70, 70, 70, 70, 70, 70, 70, 70, 90] [468, 435] 9 1
[330, 310, 290, 270, 250, 230, 210, 190, 170] [70, 70, 70, 70, 70, 70, 70, 70, 70] [468, 435] 9 1
[350, 330, 310, 290, 270, 250, 230, 210, 190] [70, 70, 70, 70, 70, 70, 70, 70, 70] [468, 435] 9 1
[370, 350, 330, 310, 290, 270, 250, 230, 210] [70, 70, 70, 70, 70, 70, 70, 70, 70] [468, 435] 9 1
[390, 370, 350, 330, 310, 290, 270, 250, 230] [70, 70, 70, 70, 70, 70, 70, 70, 70] [468, 435] 9 1
[410, 390, 370, 350, 330, 310, 290, 270, 250] [70, 70, 70, 70, 70, 70, 70, 70, 70] [468, 435] 9 1
[430, 410, 390, 370, 350, 330, 310, 290, 270] [70, 70, 70, 70, 70, 70, 70, 70, 70] [468, 435] 9 1
[450, 430, 410, 390, 370, 350, 330, 310, 290] [70, 70, 70, 70, 70, 70, 70, 70, 70] [468, 435] 9 1
[470, 450, 430, 410, 390, 370, 350, 330, 310] [70, 70, 70, 70, 70, 70, 70, 70, 70] [468, 435] 9 1
[470, 470, 450, 430, 410, 390, 370, 350, 330] [90, 70, 70, 70, 70, 70, 70, 70, 70] [468, 435] 9 0
[470, 470, 470, 450, 430, 410, 390, 370, 350] [110, 90, 70, 70, 70, 70, 70, 70, 70] [468, 435] 9 0
[470, 470, 470, 470, 450, 430, 410, 390, 370] [130, 110, 90, 70, 70, 70, 70, 70, 70] [468, 435] 9 0
[470, 470, 470, 470, 470, 450, 430, 410, 390] [150, 130, 110, 90, 70, 70, 70, 70, 70] [468, 435] 9 0
[470, 470, 470, 470, 470, 470, 450, 430, 410] [170, 150, 130, 110, 90, 70, 70, 70, 70] [468, 435] 9 0
[470, 470, 470, 470, 470, 470, 470, 450, 430] [190, 170, 150, 130, 110, 90, 70, 70, 70] [468, 435] 9 0
[470, 470, 470, 470, 470, 470, 470, 470, 450] [210, 190, 170, 150, 130, 110, 90, 70, 70] [468, 435] 9 0
[470, 470, 470, 470, 470, 470, 470, 470, 470] [230, 210, 190, 170, 150, 130, 110, 90, 70] [468, 435] 9 0
[470, 470, 470, 470, 470, 470, 470, 470, 470] [250, 230, 210, 190, 170, 150, 130, 110, 90] [468, 435] 9 0
[470, 470, 470, 470, 470, 470, 470, 470, 470] [270, 250, 230, 210, 190, 170, 150, 130, 110] [468, 435] 9 0
[470, 470, 470, 470, 470, 470, 470, 470, 470] [290, 270, 250, 230, 210, 190, 170, 150, 130] [468, 435] 9 0
[470, 470, 470, 470, 470, 470, 470, 470, 470] [310, 290, 270, 250, 230, 210, 190, 170, 150] [468, 435] 9 0
[470, 470, 470, 470, 470, 470, 470, 470, 470] [330, 310, 290, 270, 250, 230, 210, 190, 170] [468, 435] 9 0
[470, 470, 470, 470, 470, 470, 470, 470, 470] [350, 330, 310, 290, 270, 250, 230, 210, 190] [468, 435] 9 0
[470, 470, 470, 470, 470, 470, 470, 470, 470] [370, 350, 330, 310, 290, 270, 250, 230, 210] [468, 435] 9 0
[470, 470, 470, 470, 470, 470, 470, 470, 470] [390, 370, 350, 330, 310, 290, 270, 250, 230] [468, 435] 9 0
[470, 470, 470, 470, 470, 470, 470, 470, 470] [410, 390, 370, 350, 330, 310, 290, 270, 250] [468, 435] 9 0
[470, 470, 470, 470, 470, 470, 470, 470, 470] [430, 410, 390, 370, 350, 330, 310, 290, 270] [468, 435] 9 0
[470, 470, 470, 470, 470, 470, 470, 470, 470, 470] [450, 430, 410, 390, 370, 350, 330, 310, 290, 270] [142, 301] 10 0
[450, 470, 470, 470, 470, 470, 470, 470, 470, 470] [450, 450, 430, 410, 390, 370, 350, 330, 310, 290] [142, 301] 10 3
[430, 450, 470, 470, 470, 470, 470, 470, 470, 470] [450, 450, 450, 430, 410, 390, 370, 350, 330, 310] [142, 301] 10 3
[410, 430, 450, 470, 470, 470, 470, 470, 470, 470] [450, 450, 450, 450, 430, 410, 390, 370, 350, 330] [142, 301] 10 3
[390, 410, 430, 450, 470, 470, 470, 470, 470, 470] [450, 450, 450, 450, 450, 430, 410, 390, 370, 350] [142, 301] 10 3
[370, 390, 410, 430, 450, 470, 470, 470, 470, 470] [450, 450, 450, 450, 450, 450, 430, 410, 390, 370] [142, 301] 10 3
[350, 370, 390, 410, 430, 450, 470, 470, 470, 470] [450, 450, 450, 450, 450, 450, 450, 430, 410, 390] [142, 301] 10 3
[330, 350, 370, 390, 410, 430, 450, 470, 470, 470] [450, 450, 450, 450, 450, 450, 450, 450, 430, 410] [142, 301] 10 3
[310, 330, 350, 370, 390, 410, 430, 450, 470, 470] [450, 450, 450, 450, 450, 450, 450, 450, 450, 430] [142, 301] 10 3
[290, 310, 330, 350, 370, 390, 410, 430, 450, 470] [450, 450, 450, 450, 450, 450, 450, 450, 450, 450] [142, 301] 10 3
[270, 290, 310, 330, 350, 370, 390, 410, 430, 450] [450, 450, 450, 450, 450, 450, 450, 450, 450, 450] [142, 301] 10 3
[250, 270, 290, 310, 330, 350, 370, 390, 410, 430] [450, 450, 450, 450, 450, 450, 450, 450, 450, 450] [142, 301] 10 3
[230, 250, 270, 290, 310, 330, 350, 370, 390, 410] [450, 450, 450, 450, 450, 450, 450, 450, 450, 450] [142, 301] 10 3
[210, 230, 250, 270, 290, 310, 330, 350, 370, 390] [450, 450, 450, 450, 450, 450, 450, 450, 450, 450] [142, 301] 10 3
[190, 210, 230, 250, 270, 290, 310, 330, 350, 370] [450, 450, 450, 450, 450, 450, 450, 450, 450, 450] [142, 301] 10 3
[170, 190, 210, 230, 250, 270, 290, 310, 330, 350] [450, 450, 450, 450, 450, 450, 450, 450, 450, 450] [142, 301] 10 3
[150, 170, 190, 210, 230, 250, 270, 290, 310, 330] [450, 450, 450, 450, 450, 450, 450, 450, 450, 450] [142, 301] 10 3
[130, 150, 170, 190, 210, 230, 250, 270, 290, 310] [450, 450, 450, 450, 450, 450, 450, 450, 450, 450] [142, 301] 10 3
[130, 130, 150, 170, 190, 210, 230, 250, 270, 290] [430, 450, 450, 450, 450, 450, 450, 450, 450, 450] [142, 301] 10 2
[130, 130, 130, 150, 170, 190, 210, 230, 250, 270] [410, 430, 450, 450, 450, 450, 450, 450, 450, 450] [142, 301] 10 2
[130, 130, 130, 130, 150, 170, 190, 210, 230, 250] [390, 410, 430, 450, 450, 450, 450, 450, 450, 450] [142, 301] 10 2
[130, 130, 130, 130, 130, 150, 170, 190, 210, 230] [370, 390, 410, 430, 450, 450, 450, 450, 450, 450] [142, 301] 10 2
[130, 130, 130, 130, 130, 130, 150, 170, 190, 210] [350, 370, 390, 410, 430, 450, 450, 450, 450, 450] [142, 301] 10 2
[130, 130, 130, 130, 130, 130, 130, 150, 170, 190] [330, 350, 370, 390, 410, 430, 450, 450, 450, 450] [142, 301] 10 2
[130, 130, 130, 130, 130, 130, 130, 130, 150, 170] [310, 330, 350, 370, 390, 410, 430, 450, 450, 450] [142, 301] 10 2
[130, 130, 130, 130, 130, 130, 130, 130, 130, 150, 170] [290, 310, 330, 350, 370, 390, 410, 430, 450, 450, 450] [95, 291] 11 2
[110, 130, 130, 130, 130, 130, 130, 130, 130, 130, 150] [290, 290, 310, 330, 350, 370, 390, 410, 430, 450, 450] [95, 291] 11 3
[90, 110, 130, 130, 130, 130, 130, 130, 130, 130, 130] [290, 290, 290, 310, 330, 350, 370, 390, 410, 430, 450] [95, 291] 11 3
[70, 90, 110, 130, 130, 130, 130, 130, 130, 130, 130, 130] [290, 290, 290, 290, 310, 330, 350, 370, 390, 410, 430, 450] [587, 418] 12 3
[70, 70, 90, 110, 130, 130, 130, 130, 130, 130, 130, 130] [310, 290, 290, 290, 290, 310, 330, 350, 370, 390, 410, 430] [587, 418] 12 0
[70, 70, 70, 90, 110, 130, 130, 130, 130, 130, 130, 130] [330, 310, 290, 290, 290, 290, 310, 330, 350, 370, 390, 410] [587, 418] 12 0
[70, 70, 70, 70, 90, 110, 130, 130, 130, 130, 130, 130] [350, 330, 310, 290, 290, 290, 290, 310, 330, 350, 370, 390] [587, 418] 12 0
[70, 70, 70, 70, 70, 90, 110, 130, 130, 130, 130, 130] [370, 350, 330, 310, 290, 290, 290, 290, 310, 330, 350, 370] [587, 418] 12 0
[70, 70, 70, 70, 70, 70, 90, 110, 130, 130, 130, 130] [390, 370, 350, 330, 310, 290, 290, 290, 290, 310, 330, 350] [587, 418] 12 0
[70, 70, 70, 70, 70, 70, 70, 90, 110, 130, 130, 130] [410, 390, 370, 350, 330, 310, 290, 290, 290, 290, 310, 330] [587, 418] 12 0
[70, 70, 70, 70, 70, 70, 70, 70, 90, 110, 130, 130] [430, 410, 390, 370, 350, 330, 310, 290, 290, 290, 290, 310] [587, 418] 12 0
[90, 70, 70, 70, 70, 70, 70, 70, 70, 90, 110, 130] [430, 430, 410, 390, 370, 350, 330, 310, 290, 290, 290, 290] [587, 418] 12 1
[110, 90, 70, 70, 70, 70, 70, 70, 70, 70, 90, 110] [430, 430, 430, 410, 390, 370, 350, 330, 310, 290, 290, 290] [587, 418] 12 1
[130, 110, 90, 70, 70, 70, 70, 70, 70, 70, 70, 90] [430, 430, 430, 430, 410, 390, 370, 350, 330, 310, 290, 290] [587, 418] 12 1
[150, 130, 110, 90, 70, 70, 70, 70, 70, 70, 70, 70] [430, 430, 430, 430, 430, 410, 390, 370, 350, 330, 310, 290] [587, 418] 12 1
[170, 150, 130, 110, 90, 70, 70, 70, 70, 70, 70, 70] [430, 430, 430, 430, 430, 430, 410, 390, 370, 350, 330, 310] [587, 418] 12 1
[190, 170, 150, 130, 110, 90, 70, 70, 70, 70, 70, 70] [430, 430, 430, 430, 430, 430, 430, 410, 390, 370, 350, 330] [587, 418] 12 1
[210, 190, 170, 150, 130, 110, 90, 70, 70, 70, 70, 70] [430, 430, 430, 430, 430, 430, 430, 430, 410, 390, 370, 350] [587, 418] 12 1
[230, 210, 190, 170, 150, 130, 110, 90, 70, 70, 70, 70] [430, 430, 430, 430, 430, 430, 430, 430, 430, 410, 390, 370] [587, 418] 12 1
[250, 230, 210, 190, 170, 150, 130, 110, 90, 70, 70, 70] [430, 430, 430, 430, 430, 430, 430, 430, 430, 430, 410, 390] [587, 418] 12 1
[270, 250, 230, 210, 190, 170, 150, 130, 110, 90, 70, 70] [430, 430, 430, 430, 430, 430, 430, 430, 430, 430, 430, 410] [587, 418] 12 1
[290, 270, 250, 230, 210, 190, 170, 150, 130, 110, 90, 70] [430, 430, 430, 430, 430, 430, 430, 430, 430, 430, 430, 430] [587, 418] 12 1
[310, 290, 270, 250, 230, 210, 190, 170, 150, 130, 110, 90] [430, 430, 430, 430, 430, 430, 430, 430, 430, 430, 430, 430] [587, 418] 12 1
[330, 310, 290, 270, 250, 230, 210, 190, 170, 150, 130, 110] [430, 430, 430, 430, 430, 430, 430, 430, 430, 430, 430, 430] [587, 418] 12 1
[350, 330, 310, 290, 270, 250, 230, 210, 190, 170, 150, 130] [430, 430, 430, 430, 430, 430, 430, 430, 430, 430, 430, 430] [587, 418] 12 1
[370, 350, 330, 310, 290, 270, 250, 230, 210, 190, 170, 150] [430, 430, 430, 430, 430, 430, 430, 430, 430, 430, 430, 430] [587, 418] 12 1
[390, 370, 350, 330, 310, 290, 270, 250, 230, 210, 190, 170] [430, 430, 430, 430, 430, 430, 430, 430, 430, 430, 430, 430] [587, 418] 12 1
[410, 390, 370, 350, 330, 310, 290, 270, 250, 230, 210, 190] [430, 430, 430, 430, 430, 430, 430, 430, 430, 430, 430, 430] [587, 418] 12 1
[430, 410, 390, 370, 350, 330, 310, 290, 270, 250, 230, 210] [430, 430, 430, 430, 430, 430, 430, 430, 430, 430, 430, 430] [587, 418] 12 1
[450, 430, 410, 390, 370, 350, 330, 310, 290, 270, 250, 230] [430, 430, 430, 430, 430, 430, 430, 430, 430, 430, 430, 430] [587, 418] 12 1
[470, 450, 430, 410, 390, 370, 350, 330, 310, 290, 270, 250] [430, 430, 430, 430, 430, 430, 430, 430, 430, 430, 430, 430] [587, 418] 12 1
[490, 470, 450, 430, 410, 390, 370, 350, 330, 310, 290, 270] [430, 430, 430, 430, 430, 430, 430, 430, 430, 430, 430, 430] [587, 418] 12 1
[510, 490, 470, 450, 430, 410, 390, 370, 350, 330, 310, 290] [430, 430, 430, 430, 430, 430, 430, 430, 430, 430, 430, 430] [587, 418] 12 1
[530, 510, 490, 470, 450, 430, 410, 390, 370, 350, 330, 310] [430, 430, 430, 430, 430, 430, 430, 430, 430, 430, 430, 430] [587, 418] 12 1
[550, 530, 510, 490, 470, 450, 430, 410, 390, 370, 350, 330] [430, 430, 430, 430, 430, 430, 430, 430, 430, 430, 430, 430] [587, 418] 12 1
[570, 550, 530, 510, 490, 470, 450, 430, 410, 390, 370, 350] [430, 430, 430, 430, 430, 430, 430, 430, 430, 430, 430, 430] [587, 418] 12 1
[570, 570, 550, 530, 510, 490, 470, 450, 430, 410, 390, 370] [410, 430, 430, 430, 430, 430, 430, 430, 430, 430, 430, 430] [587, 418] 12 2
[570, 570, 570, 550, 530, 510, 490, 470, 450, 430, 410, 390, 370] [390, 410, 430, 430, 430, 430, 430, 430, 430, 430, 430, 430, 430] [398, 167] 13 2
[570, 570, 570, 570, 550, 530, 510, 490, 470, 450, 430, 410, 390] [370, 390, 410, 430, 430, 430, 430, 430, 430, 430, 430, 430, 430] [398, 167] 13 2
[570, 570, 570, 570, 570, 550, 530, 510, 490, 470, 450, 430, 410] [350, 370, 390, 410, 430, 430, 430, 430, 430, 430, 430, 430, 430] [398, 167] 13 2
[570, 570, 570, 570, 570, 570, 550, 530, 510, 490, 470, 450, 430] [330, 350, 370, 390, 410, 430, 430, 430, 430, 430, 430, 430, 430] [398, 167] 13 2
[570, 570, 570, 570, 570, 570, 570, 550, 530, 510, 490, 470, 450] [310, 330, 350, 370, 390, 410, 430, 430, 430, 430, 430, 430, 430] [398, 167] 13 2
[570, 570, 570, 570, 570, 570, 570, 570, 550, 530, 510, 490, 470] [290, 310, 330, 350, 370, 390, 410, 430, 430, 430, 430, 430, 430] [398, 167] 13 2
[570, 570, 570, 570, 570, 570, 570, 570, 570, 550, 530, 510, 490] [270, 290, 310, 330, 350, 370, 390, 410, 430, 430, 430, 430, 430] [398, 167] 13 2
[570, 570, 570, 570, 570, 570, 570, 570, 570, 570, 550, 530, 510] [250, 270, 290, 310, 330, 350, 370, 390, 410, 430, 430, 430, 430] [398, 167] 13 2
[570, 570, 570, 570, 570, 570, 570, 570, 570, 570, 570, 550, 530] [230, 250, 270, 290, 310, 330, 350, 370, 390, 410, 430, 430, 430] [398, 167] 13 2
[570, 570, 570, 570, 570, 570, 570, 570, 570, 570, 570, 570, 550] [210, 230, 250, 270, 290, 310, 330, 350, 370, 390, 410, 430, 430] [398, 167] 13 2
[570, 570, 570, 570, 570, 570, 570, 570, 570, 570, 570, 570, 570] [190, 210, 230, 250, 270, 290, 310, 330, 350, 370, 390, 410, 430] [398, 167] 13 2
[570, 570, 570, 570, 570, 570, 570, 570, 570, 570, 570, 570, 570] [170, 190, 210, 230, 250, 270, 290, 310, 330, 350, 370, 390, 410] [398, 167] 13 2
[570, 570, 570, 570, 570, 570, 570, 570, 570, 570, 570, 570, 570] [150, 170, 190, 210, 230, 250, 270, 290, 310, 330, 350, 370, 390] [398, 167] 13 2
[550, 570, 570, 570, 570, 570, 570, 570, 570, 570, 570, 570, 570] [150, 150, 170, 190, 210, 230, 250, 270, 290, 310, 330, 350, 370] [398, 167] 13 3
[530, 550, 570, 570, 570, 570, 570, 570, 570, 570, 570, 570, 570] [150, 150, 150, 170, 190, 210, 230, 250, 270, 290, 310, 330, 350] [398, 167] 13 3
[510, 530, 550, 570, 570, 570, 570, 570, 570, 570, 570, 570, 570] [150, 150, 150, 150, 170, 190, 210, 230, 250, 270, 290, 310, 330] [398, 167] 13 3
[490, 510, 530, 550, 570, 570, 570, 570, 570, 570, 570, 570, 570] [150, 150, 150, 150, 150, 170, 190, 210, 230, 250, 270, 290, 310] [398, 167] 13 3
[470, 490, 510, 530, 550, 570, 570, 570, 570, 570, 570, 570, 570] [150, 150, 150, 150, 150, 150, 170, 190, 210, 230, 250, 270, 290] [398, 167] 13 3
[450, 470, 490, 510, 530, 550, 570, 570, 570, 570, 570, 570, 570] [150, 150, 150, 150, 150, 150, 150, 170, 190, 210, 230, 250, 270] [398, 167] 13 3
[430, 450, 470, 490, 510, 530, 550, 570, 570, 570, 570, 570, 570] [150, 150, 150, 150, 150, 150, 150, 150, 170, 190, 210, 230, 250] [398, 167] 13 3
[410, 430, 450, 470, 490, 510, 530, 550, 570, 570, 570, 570, 570] [150, 150, 150, 150, 150, 150, 150, 150, 150, 170, 190, 210, 230] [398, 167] 13 3
[390, 410, 430, 450, 470, 490, 510, 530, 550, 570, 570, 570, 570] [150, 150, 150, 150, 150, 150, 150, 150, 150, 150, 170, 190, 210] [398, 167] 13 3
[370, 390, 410, 430, 450, 470, 490, 510, 530, 550, 570, 570, 570, 570] [150, 150, 150, 150, 150, 150, 150, 150, 150, 150, 150, 170, 190, 210] [494, 267] 14 3
[370, 370, 390, 410, 430, 450, 470, 490, 510, 530, 550, 570, 570, 570] [170, 150, 150, 150, 150, 150, 150, 150, 150, 150, 150, 150, 170, 190] [494, 267] 14 0
[370, 370, 370, 390, 410, 430, 450, 470, 490, 510, 530, 550, 570, 570] [190, 170, 150, 150, 150, 150, 150, 150, 150, 150, 150, 150, 150, 170] [494, 267] 14 0
[370, 370, 370, 370, 390, 410, 430, 450, 470, 490, 510, 530, 550, 570] [210, 190, 170, 150, 150, 150, 150, 150, 150, 150, 150, 150, 150, 150] [494, 267] 14 0
[370, 370, 370, 370, 370, 390, 410, 430, 450, 470, 490, 510, 530, 550] [230, 210, 190, 170, 150, 150, 150, 150, 150, 150, 150, 150, 150, 150] [494, 267] 14 0
[370, 370, 370, 370, 370, 370, 390, 410, 430, 450, 470, 490, 510, 530] [250, 230, 210, 190, 170, 150, 150, 150, 150, 150, 150, 150, 150, 150] [494, 267] 14 0
[370, 370, 370, 370, 370, 370, 370, 390, 410, 430, 450, 470, 490, 510] [270, 250, 230, 210, 190, 170, 150, 150, 150, 150, 150, 150, 150, 150] [494, 267] 14 0
[390, 370, 370, 370, 370, 370, 370, 370, 390, 410, 430, 450, 470, 490] [270, 270, 250, 230, 210, 190, 170, 150, 150, 150, 150, 150, 150, 150] [494, 267] 14 1
[410, 390, 370, 370, 370, 370, 370, 370, 370, 390, 410, 430, 450, 470] [270, 270, 270, 250, 230, 210, 190, 170, 150, 150, 150, 150, 150, 150] [494, 267] 14 1
[430, 410, 390, 370, 370, 370, 370, 370, 370, 370, 390, 410, 430, 450] [270, 270, 270, 270, 250, 230, 210, 190, 170, 150, 150, 150, 150, 150] [494, 267] 14 1
[450, 430, 410, 390, 370, 370, 370, 370, 370, 370, 370, 390, 410, 430] [270, 270, 270, 270, 270, 250, 230, 210, 190, 170, 150, 150, 150, 150] [494, 267] 14 1
[470, 450, 430, 410, 390, 370, 370, 370, 370, 370, 370, 370, 390, 410] [270, 270, 270, 270, 270, 270, 250, 230, 210, 190, 170, 150, 150, 150] [494, 267] 14 1
[490, 470, 450, 430, 410, 390, 370, 370, 370, 370, 370, 370, 370, 390] [270, 270, 270, 270, 270, 270, 270, 250, 230, 210, 190, 170, 150, 150] [494, 267] 14 1
