[290, 290, 290, 290, 290] [290, 270, 250, 230, 210] [326, 181] 5 0
[290, 290, 290, 290, 290] [310, 290, 270, 250, 230] [326, 181] 5 0
[290, 290, 290, 290, 290] [330, 310, 290, 270, 250] [326, 181] 5 0
[310, 290, 290, 290, 290] [330, 330, 310, 290, 270] [326, 181] 5 1
[310, 310, 290, 290, 290] [310, 330, 330, 310, 290] [326, 181] 5 2
[310, 310, 310, 290, 290] [290, 310, 330, 330, 310] [326, 181] 5 2
[310, 310, 310, 310, 290] [270, 290, 310, 330, 330] [326, 181] 5 2
[310, 310, 310, 310, 310] [250, 270, 290, 310, 330] [326, 181] 5 2
[310, 310, 310, 310, 310] [230, 250, 270, 290, 310] [326, 181] 5 2
[310, 310, 310, 310, 310] [210, 230, 250, 270, 290] [326, 181] 5 2
[310, 310, 310, 310, 310] [190, 210, 230, 250, 270] [326, 181] 5 2
[310, 310, 310, 310, 310, 310] [170, 190, 210, 230, 250, 270] [412, 458] 6 2
[330, 310, 310, 310, 310, 310] [170, 170, 190, 210, 230, 250] [412, 458] 6 1
[350, 330, 310, 310, 310, 310] [170, 170, 170, 190, 210, 230] [412, 458] 6 1
[370, 350, 330, 310, 310, 310] [170, 170, 170, 170, 190, 210] [412, 458] 6 1
[390, 370, 350, 330, 310, 310] [170, 170, 170, 170, 170, 190] [412, 458] 6 1
[410, 390, 370, 350, 330, 310] [170, 170, 170, 170, 170, 170] [412, 458] 6 1
[410, 410, 390, 370, 350, 330] [190, 170, 170, 170, 170, 170] [412, 458] 6 0
[410, 410, 410, 390, 370, 350] [210, 190, 170, 170, 170, 170] [412, 458] 6 0
[410, 410, 410, 410, 390, 370] [230, 210, 190, 170, 170, 170] [412, 458] 6 0
[410, 410, 410, 410, 410, 390] [250, 230, 210, 190, 170, 170] [412, 458] 6 0
[410, 410, 410, 410, 410, 410] [270, 250, 230, 210, 190, 170] [412, 458] 6 0
[410, 410, 410, 410, 410, 410] [290, 270, 250, 230, 210, 190] [412, 458] 6 0
[410, 410, 410, 410, 410, 410] [310, 290, 270, 250, 230, 210] [412, 458] 6 0
[410, 410, 410, 410, 410, 410] [330, 310, 290, 270, 250, 230] [412, 458] 6 0
[410, 410, 410, 410, 410, 410] [350, 330, 310, 290, 270, 250] [412, 458] 6 0
[410, 410, 410, 410, 410, 410] [370, 350, 330, 310, 290, 270] [412, 458] 6 0
[410, 410, 410, 410, 410, 410] [390, 370, 350, 330, 310, 290] [412, 458] 6 0
[410, 410, 410, 410, 410, 410] [410, 390, 370, 350, 330, 310] [412, 458] 6 0
[410, 410, 410, 410, 410, 410] [430, 410, 390, 370, 350, 330] [412, 458] 6 0
[410, 410, 410, 410, 410, 410] [450, 430, 410, 390, 370, 350] [412, 458] 6 0
[410, 410, 410, 410, 410, 410, 410] [470, 450, 430, 410, 390, 370, 350] [236, 568] 7 0
[390, 410, 410, 410, 410, 410, 410] [470, 470, 450, 430, 410, 390, 370] [236, 568] 7 3
[370, 390, 410, 410, 410, 410, 410] [470, 470, 470, 450, 430, 410, 390] [236, 568] 7 3
[350, 370, 390, 410, 410, 410, 410] [470, 470, 470, 470, 450, 430, 410] [236, 568] 7 3
[330, 350, 370, 390, 410, 410, 410] [470, 470, 470, 470, 470, 450, 430] [236, 568] 7 3
[310, 330, 350, 370, 390, 410, 410] [470, 470, 470, 470, 470, 470, 450] [236, 568] 7 3
[290, 310, 330, 350, 370, 390, 410] [470, 470, 470, 470, 470, 470, 470] [236, 568] 7 3
[270, 290, 310, 330, 350, 370, 390] [470, 470, 470, 470, 470, 470, 470] [236, 568] 7 3
[270, 270, 290, 310, 330, 350, 370] [490, 470, 470, 470, 470, 470, 470] [236, 568] 7 0
[270, 270, 270, 290, 310, 330, 350] [510, 490, 470, 470, 470, 470, 470] [236, 568] 7 0
[270, 270, 270, 270, 290, 310, 330] [530, 510, 490, 470, 470, 470, 470] [236, 568] 7 0
[270, 270, 270, 270, 270, 290, 310] [550, 530, 510, 490, 470, 470, 470] [236, 568] 7 0
[270, 270, 270, 270, 270, 270, 290] [570, 550, 530, 510, 490, 470, 470] [236, 568] 7 0
[250, 270, 270, 270, 270, 270, 270] [570, 570, 550, 530, 510, 490, 470] [236, 568] 7 3
[230, 250, 270, 270, 270, 270, 270] [570, 570, 570, 550, 530, 510, 490] [236, 568] 7 3
[210, 230, 250, 270, 270, 270, 270, 270] [570, 570, 570, 570, 550, 530, 510, 490] [348, 510] 8 3
[210, 210, 230, 250, 270, 270, 270, 270] [550, 570, 570, 570, 570, 550, 530, 510] [348, 510] 8 2
[210, 210, 210, 230, 250, 270, 270, 270] [530, 550, 570, 570, 570, 570, 550, 530] [348, 510] 8 2
[210, 210, 210, 210, 230, 250, 270, 270] [510, 530, 550, 570, 570, 570, 570, 550] [348, 510] 8 2
[210, 210, 210, 210, 210, 230, 250, 270] [490, 510, 530, 550, 570, 570, 570, 570] [348, 510] 8 2
[230, 210, 210, 210, 210, 210, 230, 250] [490, 490, 510, 530, 550, 570, 570, 570] [348, 510] 8 1
[250, 230, 210, 210, 210, 210, 210, 230] [490, 490, 490, 510, 530, 550, 570, 570] [348, 510] 8 1
[270, 250, 230, 210, 210, 210, 210, 210] [490, 490, 490, 490, 510, 530, 550, 570] [348, 510] 8 1
[290, 270, 250, 230, 210, 210, 210, 210] [490, 490, 490, 490, 490, 510, 530, 550] [348, 510] 8 1
[310, 290, 270, 250, 230, 210, 210, 210] [490, 490, 490, 490, 490, 490, 510, 530] [348, 510] 8 1
[330, 310, 290, 270, 250, 230, 210, 210] [490, 490, 490, 490, 490, 490, 490, 510] [348, 510] 8 1
[350, 330, 310, 290, 270, 250, 230, 210] [490, 490, 490, 490, 490, 490, 490, 490] [348, 510] 8 1
[350, 350, 330, 310, 290, 270, 250, 230] [510, 490, 490, 490, 490, 490, 490, 490] [348, 510] 8 0
[350, 350, 350, 330, 310, 290, 270, 250, 230] [530, 510, 490, 490, 490, 490, 490, 490, 490] [98, 415] 9 0
[330, 350, 350, 350, 330, 310, 290, 270, 250] [530, 530, 510, 490, 490, 490, 490, 490, 490] [98, 415] 9 3
[310, 330, 350, 350, 350, 330, 310, 290, 270] [530, 530, 530, 510, 490, 490, 490, 490, 490] [98, 415] 9 3
[290, 310, 330, 350, 350, 350, 330, 310, 290] [530, 530, 530, 530, 510, 490, 490, 490, 490] [98, 415] 9 3
[270, 290, 310, 330, 350, 350, 350, 330, 310] [530, 530, 530, 530, 530, 510, 490, 490, 490] [98, 415] 9 3
[250, 270, 290, 310, 330, 350, 350, 350, 330] [530, 530, 530, 530, 530, 530, 510, 490, 490] [98, 415] 9 3
[230, 250, 270, 290, 310, 330, 350, 350, 350] [530, 530, 530, 530, 530, 530, 530, 510, 490] [98, 415] 9 3
[210, 230, 250, 270, 290, 310, 330, 350, 350] [530, 530, 530, 530, 530, 530, 530, 530, 510] [98, 415] 9 3
[190, 210, 230, 250, 270, 290, 310, 330, 350] [530, 530, 530, 530, 530, 530, 530, 530, 530] [98, 415] 9 3
[170, 190, 210, 230, 250, 270, 290, 310, 330] [530, 530, 530, 530, 530, 530, 530, 530, 530] [98, 415] 9 3
[150, 170, 190, 210, 230, 250, 270, 290, 310] [530, 530, 530, 530, 530, 530, 530, 530, 530] [98, 415] 9 3
[130, 150, 170, 190, 210, 230, 250, 270, 290] [530, 530, 530, 530, 530, 530, 530, 530, 530] [98, 415] 9 3
[110, 130, 150, 170, 190, 210, 230, 250, 270] [530, 530, 530, 530, 530, 530, 530, 530, 530] [98, 415] 9 3
[90, 110, 130, 150, 170, 190, 210, 230, 250] [530, 530, 530, 530, 530, 530, 530, 530, 530] [98, 415] 9 3
[90, 90, 110, 130, 150, 170, 190, 210, 230] [510, 530, 530, 530, 530, 530, 530, 530, 530] [98, 415] 9 2
[90, 90, 90, 110, 130, 150, 170, 190, 210] [490, 510, 530, 530, 530, 530, 530, 530, 530] [98, 415] 9 2
[90, 90, 90, 90, 110, 130, 150, 170, 190] [470, 490, 510, 530, 530, 530, 530, 530, 530] [98, 415] 9 2
[90, 90, 90, 90, 90, 110, 130, 150, 170] [450, 470, 490, 510, 530, 530, 530, 530, 530] [98, 415] 9 2
[90, 90, 90, 90, 90, 90, 110, 130, 150] [430, 450, 470, 490, 510, 530, 530, 530, 530] [98, 415] 9 2
[90, 90, 90, 90, 90, 90, 90, 110, 130] [410, 430, 450, 470, 490, 510, 530, 530, 530] [98, 415] 9 2
[90, 90, 90, 90, 90, 90, 90, 90, 110, 130] [390, 410, 430, 450, 470, 490, 510, 530, 530, 530] [303, 540] 10 2
[110, 90, 90, 90, 90, 90, 90, 90, 90, 110] [390, 390, 410, 430, 450, 470, 490, 510, 530, 530] [303, 540] 10 1
[130, 110, 90, 90, 90, 90, 90, 90, 90, 90] [390, 390, 390, 410, 430, 450, 470, 490, 510, 530] [303, 540] 10 1
[150, 130, 110, 90, 90, 90, 90, 90, 90, 90] [390, 390, 390, 390, 410, 430, 450, 470, 490, 510] [303, 540] 10 1
[170, 150, 130, 110, 90, 90, 90, 90, 90, 90] [390, 390, 390, 390, 390, 410, 430, 450, 470, 490] [303, 540] 10 1
[190, 170, 150, 130, 110, 90, 90, 90, 90, 90] [390, 390, 390, 390, 390, 390, 410, 430, 450, 470] [303, 540] 10 1
[210, 190, 170, 150, 130, 110, 90, 90, 90, 90] [390, 390, 390, 390, 390, 390, 390, 410, 430, 450] [303, 540] 10 1
[230, 210, 190, 170, 150, 130, 110, 90, 90, 90] [390, 390, 390, 390, 390, 390, 390, 390, 410, 430] [303, 540] 10 1
[250, 230, 210, 190, 170, 150, 130, 110, 90, 90] [390, 390, 390, 390, 390, 390, 390, 390, 390, 410] [303, 540] 10 1
[270, 250, 230, 210, 190, 170, 150, 130, 110, 90] [390, 390, 390, 390, 390, 390, 390, 390, 390, 390] [303, 540] 10 1
[290, 270, 250, 230, 210, 190, 170, 150, 130, 110] [390, 390, 390, 390, 390, 390, 390, 390, 390, 390] [303, 540] 10 1
[310, 290, 270, 250, 230, 210, 190, 170, 150, 130] [390, 390, 390, 390, 390, 390, 390, 390, 390, 390] [303, 540] 10 1
[310, 310, 290, 270, 250, 230, 210, 190, 170, 150] [410, 390, 390, 390, 390, 390, 390, 390, 390, 390] [303, 540] 10 0
[310, 310, 310, 290, 270, 250, 230, 210, 190, 170] [430, 410, 390, 390, 390, 390, 390, 390, 390, 390] [303, 540] 10 0
[310, 310, 310, 310, 290, 270, 250, 230, 210, 190] [450, 430, 410, 390, 390, 390, 390, 390, 390, 390] [303, 540] 10 0
[310, 310, 310, 310, 310, 290, 270, 250, 230, 210] [470, 450, 430, 410, 390, 390, 390, 390, 390, 390] [303, 540] 10 0
[310, 310, 310, 310, 310, 310, 290, 270, 250, 230] [490, 470, 450, 430, 410, 390, 390, 390, 390, 390] [303, 540] 10 0
[310, 310, 310, 310, 310, 310, 310, 290, 270, 250] [510, 490, 470, 450, 430, 410, 390, 390, 390, 390] [303, 540] 10 0
[310, 310, 310, 310, 310, 310, 310, 310, 290, 270] [530, 510, 490, 470, 450, 430, 410, 390, 390, 390] [303, 540] 10 0
[290, 310, 310, 310, 310, 310, 310, 310, 310, 290, 270] [530, 530, 510, 490, 470, 450, 430, 410, 390, 390, 390] [542, 527] 11 3
[270, 290, 310, 310, 310, 310, 310, 310, 310, 310, 290] [530, 530, 530, 510, 490, 470, 450, 430, 410, 390, 390] [542, 527] 11 3
[250, 270, 290, 310, 310, 310, 310, 310, 310, 310, 310] [530, 530, 530, 530, 510, 490, 470, 450, 430, 410, 390] [542, 527] 11 3
[250, 250, 270, 290, 310, 310, 310, 310, 310, 310, 310] [510, 530, 530, 530, 530, 510, 490, 470, 450, 430, 410] [542, 527] 11 2
[250, 250, 250, 270, 290, 310, 310, 310, 310, 310, 310] [490, 510, 530, 530, 530, 530, 510, 490, 470, 450, 430] [542, 527] 11 2
[250, 250, 250, 250, 270, 290, 310, 310, 310, 310, 310] [470, 490, 510, 530, 530, 530, 530, 510, 490, 470, 450] [542, 527] 11 2
[250, 250, 250, 250, 250, 270, 290, 310, 310, 310, 310] [450, 470, 490, 510, 530, 530, 530, 530, 510, 490, 470] [542, 527] 11 2
[270, 250, 250, 250, 250, 250, 270, 290, 310, 310, 310] [450, 450, 470, 490, 510, 530, 530, 530, 530, 510, 490] [542, 527] 11 1
[290, 270, 250, 250, 250, 250, 250, 270, 290, 310, 310] [450, 450, 450, 470, 490, 510, 530, 530, 530, 530, 510] [542, 527] 11 1
[310, 290, 270, 250, 250, 250, 250, 250, 270, 290, 310] [450, 450, 450, 450, 470, 490, 510, 530, 530, 530, 530] [542, 527] 11 1
[330, 310, 290, 270, 250, 250, 250, 250, 250, 270, 290] [450, 450, 450, 450, 450, 470, 490, 510, 530, 530, 530] [542, 527] 11 1
[350, 330, 310, 290, 270, 250, 250, 250, 250, 250, 270] [450, 450, 450, 450, 450, 450, 470, 490, 510, 530, 530] [542, 527] 11 1
[370, 350, 330, 310, 290, 270, 250, 250, 250, 250, 250] [450, 450, 450, 450, 450, 450, 450, 470, 490, 510, 530] [542, 527] 11 1
[390, 370, 350, 330, 310, 290, 270, 250, 250, 250, 250] [450, 450, 450, 450, 450, 450, 450, 450, 470, 490, 510] [542, 527] 11 1
[410, 390, 370, 350, 330, 310, 290, 270, 250, 250, 250] [450, 450, 450, 450, 450, 450, 450, 450, 450, 470, 490] [542, 527] 11 1
[430, 410, 390, 370, 350, 330, 310, 290, 270, 250, 250] [450, 450, 450, 450, 450, 450, 450, 450, 450, 450, 470] [542, 527] 11 1
[450, 430, 410, 390, 370, 350, 330, 310, 290, 270, 250] [450, 450, 450, 450, 450, 450, 450, 450, 450, 450, 450] [542, 527] 11 1
[470, 450, 430, 410, 390, 370, 350, 330, 310, 290, 270] [450, 450, 450, 450, 450, 450, 450, 450, 450, 450, 450] [542, 527] 11 1
[490, 470, 450, 430, 410, 390, 370, 350, 330, 310, 290] [450, 450, 450, 450, 450, 450, 450, 450, 450, 450, 450] [542, 527] 11 1
[510, 490, 470, 450, 430, 410, 390, 370, 350, 330, 310] [450, 450, 450, 450, 450, 450, 450, 450, 450, 450, 450] [542, 527] 11 1
[530, 510, 490, 470, 450, 430, 410, 390, 370, 350, 330] [450, 450, 450, 450, 450, 450, 450, 450, 450, 450, 450] [542, 527] 11 1
[550, 530, 510, 490, 470, 450, 430, 410, 390, 370, 350] [450, 450, 450, 450, 450, 450, 450, 450, 450, 450, 450] [542, 527] 11 1
[550, 550, 530, 510, 490, 470, 450, 430, 410, 390, 370] [470, 450, 450, 450, 450, 450, 450, 450, 450, 450, 450] [542, 527] 11 0
[550, 550, 550, 530, 510, 490, 470, 450, 430, 410, 390] [490, 470, 450, 450, 450, 450, 450, 450, 450, 450, 450] [542, 527] 11 0
[550, 550, 550, 550, 530, 510, 490, 470, 450, 430, 410] [510, 490, 470, 450, 450, 450, 450, 450, 450, 450, 450] [542, 527] 11 0
[550, 550, 550, 550, 550, 530, 510, 490, 470, 450, 430, 410] [530, 510, 490, 470, 450, 450, 450, 450, 450, 450, 450, 450] [391, 161] 12 0
[530, 550, 550, 550, 550, 550, 530, 510, 490, 470, 450, 430] [530, 530, 510, 490, 470, 450, 450, 450, 450, 450, 450, 450] [391, 161] 12 3
[510, 530, 550, 550, 550, 550, 550, 530, 510, 490, 470, 450] [530, 530, 530, 510, 490, 470, 450, 450, 450, 450, 450, 450] [391, 161] 12 3
[490, 510, 530, 550, 550, 550, 550, 550, 530, 510, 490, 470] [530, 530, 530, 530, 510, 490, 470, 450, 450, 450, 450, 450] [391, 161] 12 3
[470, 490, 510, 530, 550, 550, 550, 550, 550, 530, 510, 490] [530, 530, 530, 530, 530, 510, 490, 470, 450, 450, 450, 450] [391, 161] 12 3
[450, 470, 490, 510, 530, 550, 550, 550, 550, 550, 530, 510] [530, 530, 530, 530, 530, 530, 510, 490, 470, 450, 450, 450] [391, 161] 12 3
[430, 450, 470, 490, 510, 530, 550, 550, 550, 550, 550, 530] [530, 530, 530, 530, 530, 530, 530, 510, 490, 470, 450, 450] [391, 161] 12 3
[410, 430, 450, 470, 490, 510, 530, 550, 550, 550, 550, 550] [530, 530, 530, 530, 530, 530, 530, 530, 510, 490, 470, 450] [391, 161] 12 3
[390, 410, 430, 450, 470, 490, 510, 530, 550, 550, 550, 550] [530, 530, 530, 530, 530, 530, 530, 530, 530, 510, 490, 470] [391, 161] 12 3
[390, 390, 410, 430, 450, 470, 490, 510, 530, 550, 550, 550] [510, 530, 530, 530, 530, 530, 530, 530, 530, 530, 510, 490] [391, 161] 12 2
[390, 390, 390, 410, 430, 450, 470, 490, 510, 530, 550, 550] [490, 510, 530, 530, 530, 530, 530, 530, 530, 530, 530, 510] [391, 161] 12 2
[390, 390, 390, 390, 410, 430, 450, 470, 490, 510, 530, 550] [470, 490, 510, 530, 530, 530, 530, 530, 530, 530, 530, 530] [391, 161] 12 2
[390, 390, 390, 390, 390, 410, 430, 450, 470, 490, 510, 530] [450, 470, 490, 510, 530, 530, 530, 530, 530, 530, 530, 530] [391, 161] 12 2
[390, 390, 390, 390, 390, 390, 410, 430, 450, 470, 490, 510] [430, 450, 470, 490, 510, 530, 530, 530, 530, 530, 530, 530] [391, 161] 12 2
[390, 390, 390, 390, 390, 390, 390, 410, 430, 450, 470, 490] [410, 430, 450, 470, 490, 510, 530, 530, 530, 530, 530, 530] [391, 161] 12 2
[390, 390, 390, 390, 390, 390, 390, 390, 410, 430, 450, 470] [390, 410, 430, 450, 470, 490, 510, 530, 530, 530, 530, 530] [391, 161] 12 2
[390, 390, 390, 390, 390, 390, 390, 390, 390, 410, 430, 450] [370, 390, 410, 430, 450, 470, 490, 510, 530, 530, 530, 530] [391, 161] 12 2
[390, 390, 390, 390, 390, 390, 390, 390, 390, 390, 410, 430] [350, 370, 390, 410, 430, 450, 470, 490, 510, 530, 530, 530] [391, 161] 12 2
[390, 390, 390, 390, 390, 390, 390, 390, 390, 390, 390, 410] [330, 350, 370, 390, 410, 430, 450, 470, 490, 510, 530, 530] [391, 161] 12 2
[390, 390, 390, 390, 390, 390, 390, 390, 390, 390, 390, 390] [310, 330, 350, 370, 390, 410, 430, 450, 470, 490, 510, 530] [391, 161] 12 2
[390, 390, 390, 390, 390, 390, 390, 390, 390, 390, 390, 390] [290, 310, 330, 350, 370, 390, 410, 430, 450, 470, 490, 510] [391, 161] 12 2
[390, 390, 390, 390, 390, 390, 390, 390, 390, 390, 390, 390] [270, 290, 310, 330, 350, 370, 390, 410, 430, 450, 470, 490] [391, 161] 12 2
[390, 390, 390, 390, 390, 390, 390, 390, 390, 390, 390, 390] [250, 270, 290, 310, 330, 350, 370, 390, 410, 430, 450, 470] [391, 161] 12 2
[390, 390, 390, 390, 390, 390, 390, 390, 390, 390, 390, 390] [230, 250, 270, 290, 310, 330, 350, 370, 390, 410, 430, 450] [391, 161] 12 2
[390, 390, 390, 390, 390, 390, 390, 390, 390, 390, 390, 390] [210, 230, 250, 270, 290, 310, 330, 350, 370, 390, 410, 430] [391, 161] 12 2
[390, 390, 390, 390, 390, 390, 390, 390, 390, 390, 390, 390] [190, 210, 230, 250, 270, 290, 310, 330, 350, 370, 390, 410] [391, 161] 12 2
[390, 390, 390, 390, 390, 390, 390, 390, 390, 390, 390, 390] [170, 190, 210, 230, 250, 270, 290, 310, 330, 350, 370, 390] [391, 161] 12 2
[390, 390, 390, 390, 390, 390, 390, 390, 390, 390, 390, 390, 390] [150, 170, 190, 210, 230, 250, 270, 290, 310, 330, 350, 370, 390] [522, 59] 13 2
[390, 390, 390, 390, 390, 390, 390, 390, 390, 390, 390, 390, 390] [130, 150, 170, 190, 210, 230, 250, 270, 290, 310, 330, 350, 370] [522, 59] 13 2
[390, 390, 390, 390, 390, 390, 390, 390, 390, 390, 390, 390, 390] [110, 130, 150, 170, 190, 210, 230, 250, 270, 290, 310, 330, 350] [522, 59] 13 2
[390, 390, 390, 390, 390, 390, 390, 390, 390, 390, 390, 390, 390] [90, 110, 130, 150, 170, 190, 210, 230, 250, 270, 290, 310, 330] [522, 59] 13 2
[390, 390, 390, 390, 390, 390, 390, 390, 390, 390, 390, 390, 390] [70, 90, 110, 130, 150, 170, 190, 210, 230, 250, 270, 290, 310] [522, 59] 13 2
[390, 390, 390, 390, 390, 390, 390, 390, 390, 390, 390, 390, 390] [50, 70, 90, 110, 130, 150, 170, 190, 210, 230, 250, 270, 290] [522, 59] 13 2
[410, 390, 390, 390, 390, 390, 390, 390, 390, 390, 390, 390, 390] [50, 50, 70, 90, 110, 130, 150, 170, 190, 210, 230, 250, 270] [522, 59] 13 1
[430, 410, 390, 390, 390, 390, 390, 390, 390, 390, 390, 390, 390] [50, 50, 50, 70, 90, 110, 130, 150, 170, 190, 210, 230, 250] [522, 59] 13 1
[450, 430, 410, 390, 390, 390, 390, 390, 390, 390, 390, 390, 390] [50, 50, 50, 50, 70, 90, 110, 130, 150, 170, 190, 210, 230] [522, 59] 13 1
[470, 450, 430, 410, 390, 390, 390, 390, 390, 390, 390, 390, 390] [50, 50, 50, 50, 50, 70, 90, 110, 130, 150, 170, 190, 210] [522, 59] 13 1
[490, 470, 450, 430, 410, 390, 390, 390, 390, 390, 390, 390, 390] [50, 50, 50, 50, 50, 50, 70, 90, 110, 130, 150, 170, 190] [522, 59] 13 1
[510, 490, 470, 450, 430, 410, 390, 390, 390, 390, 390, 390, 390] [50, 50, 50, 50, 50, 50, 50, 70, 90, 110, 130, 150, 170] [522, 59] 13 1
[510, 510, 490, 470, 450, 430, 410, 390, 390, 390, 390, 390, 390, 390] [70, 50, 50, 50, 50, 50, 50, 50, 70, 90, 110, 130, 150, 170] [368, 152] 14 0
[510, 510, 510, 490, 470, 450, 430, 410, 390, 390, 390, 390, 390, 390] [90, 70, 50, 50, 50, 50, 50, 50, 50, 70, 90, 110, 130, 150] [368, 152] 14 0
[510, 510, 510, 510, 490, 470, 450, 430, 410, 390, 390, 390, 390, 390] [110, 90, 70, 50, 50, 50, 50, 50, 50, 50, 70, 90, 110, 130] [368, 152] 14 0
[510, 510, 510, 510, 510, 490, 470, 450, 430, 410, 390, 390, 390, 390] [130, 110, 90, 70, 50, 50, 50, 50, 50, 50, 50, 70, 90, 110] [368, 152] 14 0
[510, 510, 510, 510, 510, 510, 490, 470, 450, 430, 410, 390, 390, 390] [150, 130, 110, 90, 70, 50, 50, 50, 50, 50, 50, 50, 70, 90] [368, 152] 14 0
[510, 510, 510, 510, 510, 510, 510, 490, 470, 450, 430, 410, 390, 390] [170, 150, 130, 110, 90, 70, 50, 50, 50, 50, 50, 50, 50, 70] [368, 152] 14 0
[490, 510, 510, 510, 510, 510, 510, 510, 490, 470, 450, 430, 410, 390] [170, 170, 150, 130, 110, 90, 70, 50, 50, 50, 50, 50, 50, 50] [368, 152] 14 3
[470, 490, 510, 510, 510, 510, 510, 510, 510, 490, 470, 450, 430, 410] [170, 170, 170, 150, 130, 110, 90, 70, 50, 50, 50, 50, 50, 50] [368, 152] 14 3
[450, 470, 490, 510, 510, 510, 510, 510, 510, 510, 490, 470, 450, 430] [170, 170, 170, 170, 150, 130, 110, 90, 70, 50, 50, 50, 50, 50] [368, 152] 14 3
[430, 450, 470, 490, 510, 510, 510, 510, 510, 510, 510, 490, 470, 450] [170, 170, 170, 170, 170, 150, 130, 110, 90, 70, 50, 50, 50, 50] [368, 152] 14 3
[410, 430, 450, 470, 490, 510, 510, 510, 510, 510, 510, 510, 490, 470] [170, 170, 170, 170, 170, 170, 150, 130, 110, 90, 70, 50, 50, 50] [368, 152] 14 3
[390, 410, 430, 450, 470, 490, 510, 510, 510, 510, 510, 510, 510, 490] [170, 170, 170, 170, 170, 170, 170, 150, 130, 110, 90, 70, 50, 50] [368, 152] 14 3
[370, 390, 410, 430, 450, 470, 490, 510, 510, 510, 510, 510, 510, 510] [170, 170, 170, 170, 170, 170, 170, 170, 150, 130, 110, 90, 70, 50] [368, 152] 14 3
[350, 370, 390, 410, 430, 450, 470, 490, 510, 510, 510, 510, 510, 510] [170, 170, 170, 170, 170, 170, 170, 170, 170, 150, 130, 110, 90, 70] [368, 152] 14 3
[350, 350, 370, 390, 410, 430, 450, 470, 490, 510, 510, 510, 510, 510] [150, 170, 170, 170, 170, 170, 170, 170, 170, 170, 150, 130, 110, 90] [368, 152] 14 2
[350, 350, 350, 370, 390, 410, 430, 450, 470, 490, 510, 510, 510, 510, 510] [130, 150, 170, 170, 170, 170, 170, 170, 170, 170, 170, 150, 130, 110, 90] [397, 86] 15 2
[370, 350, 350, 350, 370, 390, 410, 430, 450, 470, 490, 510, 510, 510, 510] [130, 130, 150, 170, 170, 170, 170, 170, 170, 170, 170, 170, 150, 130, 110] [397, 86] 15 1
[390, 370, 350, 350, 350, 370, 390, 410, 430, 450, 470, 490, 510, 510, 510] [130, 130, 130, 150, 170, 170, 170, 170, 170, 170, 170, 170, 170, 150, 130] [397, 86] 15 1
[390, 390, 370, 350, 350, 350, 370, 390, 410, 430, 450, 470, 490, 510, 510] [110, 130, 130, 130, 150, 170, 170, 170, 170, 170, 170, 170, 170, 170, 150] [397, 86] 15 2
[390, 390, 390, 370, 350, 350, 350, 370, 390, 410, 430, 450, 470, 490, 510] [90, 110, 130, 130, 130, 150, 170, 170, 170, 170, 170, 170, 170, 170, 170] [397, 86] 15 2
