[290, 290, 290, 290, 290] [290, 270, 250, 230, 210] [376, 570] 5 0
[290, 290, 290, 290, 290] [310, 290, 270, 250, 230] [376, 570] 5 0
[290, 290, 290, 290, 290] [330, 310, 290, 270, 250] [376, 570] 5 0
[290, 290, 290, 290, 290] [350, 330, 310, 290, 270] [376, 570] 5 0
[290, 290, 290, 290, 290] [370, 350, 330, 310, 290] [376, 570] 5 0
[290, 290, 290, 290, 290] [390, 370, 350, 330, 310] [376, 570] 5 0
[290, 290, 290, 290, 290] [410, 390, 370, 350, 330] [376, 570] 5 0
[290, 290, 290, 290, 290] [430, 410, 390, 370, 350] [376, 570] 5 0
[290, 290, 290, 290, 290] [450, 430, 410, 390, 370] [376, 570] 5 0
[290, 290, 290, 290, 290] [470, 450, 430, 410, 390] [376, 570] 5 0
[290, 290, 290, 290, 290] [490, 470, 450, 430, 410] [376, 570] 5 0
[290, 290, 290, 290, 290] [510, 490, 470, 450, 430] [376, 570] 5 0
[290, 290, 290, 290, 290] [530, 510, 490, 470, 450] [376, 570] 5 0
[290, 290, 290, 290, 290] [550, 530, 510, 490, 470] [376, 570] 5 0
[290, 290, 290, 290, 290] [570, 550, 530, 510, 490] [376, 570] 5 0
[310, 290, 290, 290, 290] [570, 570, 550, 530, 510] [376, 570] 5 1
[330, 310, 290, 290, 290] [570, 570, 570, 550, 530] [376, 570] 5 1
[350, 330, 310, 290, 290] [570, 570, 570, 570, 550] [376, 570] 5 1
[370, 350, 330, 310, 290] [570, 570, 570, 570, 570] [376, 570] 5 1
[390, 370, 350, 330, 310, 290] [570, 570, 570, 570, 570, 570] [413, 368] 6 1
[410, 390, 370, 350, 330, 310] [570, 570, 570, 570, 570, 570] [413, 368] 6 1
[410, 410, 390, 370, 350, 330] [550, 570, 570, 570, 570, 570] [413, 368] 6 2
[410, 410, 410, 390, 370, 350] [530, 550, 570, 570, 570, 570] [413, 368] 6 2
[410, 410, 410, 410, 390, 370] [510, 530, 550, 570, 570, 570] [413, 368] 6 2
[410, 410, 410, 410, 410, 390] [490, 510, 530, 550, 570, 570] [413, 368] 6 2
[410, 410, 410, 410, 410, 410] [470, 490, 510, 530, 550, 570] [413, 368] 6 2
[410, 410, 410, 410, 410, 410] [450, 470, 490, 510, 530, 550] [413, 368] 6 2
[410, 410, 410, 410, 410, 410] [430, 450, 470, 490, 510, 530] [413, 368] 6 2
[410, 410, 410, 410, 410, 410] [410, 430, 450, 470, 490, 510] [413, 368] 6 2
[410, 410, 410, 410, 410, 410] [390, 410, 430, 450, 470, 490] [413, 368] 6 2
[410, 410, 410, 410, 410, 410] [370, 390, 410, 430, 450, 470] [413, 368] 6 2
[410, 410, 410, 410, 410, 410, 410] [350, 370, 390, 410, 430, 450, 470] [575, 479] 7 2
[430, 410, 410, 410, 410, 410, 410] [350, 350, 370, 390, 410, 430, 450] [575, 479] 7 1
[450, 430, 410, 410, 410, 410, 410] [350, 350, 350, 370, 390, 410, 430] [575, 479] 7 1
[470, 450, 430, 410, 410, 410, 410] [350, 350, 350, 350, 370, 390, 410] [575, 479] 7 1
[490, 470, 450, 430, 410, 410, 410] [350, 350, 350, 350, 350, 370, 390] [575, 479] 7 1
[510, 490, 470, 450, 430, 410, 410] [350, 350, 350, 350, 350, 350, 370] [575, 479] 7 1
[530, 510, 490, 470, 450, 430, 410] [350, 350, 350, 350, 350, 350, 350] [575, 479] 7 1
[550, 530, 510, 490, 470, 450, 430] [350, 350, 350, 350, 350, 350, 350] [575, 479] 7 1
[570, 550, 530, 510, 490, 470, 450] [350, 350, 350, 350, 350, 350, 350] [575, 479] 7 1
[570, 570, 550, 530, 510, 490, 470] [370, 350, 350, 350, 350, 350, 350] [575, 479] 7 0
[570, 570, 570, 550, 530, 510, 490] [390, 370, 350, 350, 350, 350, 350] [575, 479] 7 0
[570, 570, 570, 570, 550, 530, 510] [410, 390, 370, 350, 350, 350, 350] [575, 479] 7 0
[570, 570, 570, 570, 570, 550, 530] [430, 410, 390, 370, 350, 350, 350] [575, 479] 7 0
[570, 570, 570, 570, 570, 570, 550] [450, 430, 410, 390, 370, 350, 350] [575, 479] 7 0
[570, 570, 570, 570, 570, 570, 570] [470, 450, 430, 410, 390, 370, 350] [575, 479] 7 0
[570, 570, 570, 570, 570, 570, 570, 570] [490, 470, 450, 430, 410, 390, 370, 350] [533, 393] 8 0
[550, 570, 570, 570, 570, 570, 570, 570] [490, 490, 470, 450, 430, 410, 390, 370] [533, 393] 8 3
[530, 550, 570, 570, 570, 570, 570, 570] [490, 490, 490, 470, 450, 430, 410, 390] [533, 393] 8 3
[530, 530, 550, 570, 570, 570, 570, 570] [470, 490, 490, 490, 470, 450, 430, 410] [533, 393] 8 2
[530, 530, 530, 550, 570, 570, 570, 570] [450, 470, 490, 490, 490, 470, 450, 430] [533, 393] 8 2
[530, 530, 530, 530, 550, 570, 570, 570] [430, 450, 470, 490, 490, 490, 470, 450] [533, 393] 8 2
[530, 530, 530, 530, 530, 550, 570, 570] [410, 430, 450, 470, 490, 490, 490, 470] [533, 393] 8 2
[530, 530, 530, 530, 530, 530, 550, 570] [390, 410, 430, 450, 470, 490, 490, 490] [533, 393] 8 2
[530, 530, 530, 530, 530, 530, 530, 550, 570] [370, 390, 410, 430, 450, 470, 490, 490, 490] [282, 216] 9 2
[530, 530, 530, 530, 530, 530, 530, 530, 550] [350, 370, 390, 410, 430, 450, 470, 490, 490] [282, 216] 9 2
[530, 530, 530, 530, 530, 530, 530, 530, 530] [330, 350, 370, 390, 410, 430, 450, 470, 490] [282, 216] 9 2
[530, 530, 530, 530, 530, 530, 530, 530, 530] [310, 330, 350, 370, 390, 410, 430, 450, 470] [282, 216] 9 2
[530, 530, 530, 530, 530, 530, 530, 530, 530] [290, 310, 330, 350, 370, 390, 410, 430, 450] [282, 216] 9 2
[530, 530, 530, 530, 530, 530, 530, 530, 530] [270, 290, 310, 330, 350, 370, 390, 410, 430] [282, 216] 9 2
[530, 530, 530, 530, 530, 530, 530, 530, 530] [250, 270, 290, 310, 330, 350, 370, 390, 410] [282, 216] 9 2
[530, 530, 530, 530, 530, 530, 530, 530, 530] [230, 250, 270, 290, 310, 330, 350, 370, 390] [282, 216] 9 2
[530, 530, 530, 530, 530, 530, 530, 530, 530] [210, 230, 250, 270, 290, 310, 330, 350, 370] [282, 216] 9 2
[510, 530, 530, 530, 530, 530, 530, 530, 530] [210, 210, 230, 250, 270, 290, 310, 330, 350] [282, 216] 9 3
[490, 510, 530, 530, 530, 530, 530, 530, 530] [210, 210, 210, 230, 250, 270, 290, 310, 330] [282, 216] 9 3
[470, 490, 510, 530, 530, 530, 530, 530, 530] [210, 210, 210, 210, 230, 250, 270, 290, 310] [282, 216] 9 3
[450, 470, 490, 510, 530, 530, 530, 530, 530] [210, 210, 210, 210, 210, 230, 250, 270, 290] [282, 216] 9 3
[430, 450, 470, 490, 510, 530, 530, 530, 530] [210, 210, 210, 210, 210, 210, 230, 250, 270] [282, 216] 9 3
[410, 430, 450, 470, 490, 510, 530, 530, 530] [210, 210, 210, 210, 210, 210, 210, 230, 250] [282, 216] 9 3
[390, 410, 430, 450, 470, 490, 510, 530, 530] [210, 210, 210, 210, 210, 210, 210, 210, 230] [282, 216] 9 3
[370, 390, 410, 430, 450, 470, 490, 510, 530] [210, 210, 210, 210, 210, 210, 210, 210, 210] [282, 216] 9 3
[350, 370, 390, 410, 430, 450, 470, 490, 510] [210, 210, 210, 210, 210, 210, 210, 210, 210] [282, 216] 9 3
[330, 350, 370, 390, 410, 430, 450, 470, 490] [210, 210, 210, 210, 210, 210, 210, 210, 210] [282, 216] 9 3
[310, 330, 350, 370, 390, 410, 430, 450, 470] [210, 210, 210, 210, 210, 210, 210, 210, 210] [282, 216] 9 3
[290, 310, 330, 350, 370, 390, 410, 430, 450] [210, 210, 210, 210, 210, 210, 210, 210, 210] [282, 216] 9 3
[270, 290, 310, 330, 350, 370, 390, 410, 430, 450] [210, 210, 210, 210, 210, 210, 210, 210, 210, 210] [243, 402] 10 3
[250, 270, 290, 310, 330, 350, 370, 390, 410, 430] [210, 210, 210, 210, 210, 210, 210, 210, 210, 210] [243, 402] 10 3
[230, 250, 270, 290, 310, 330, 350, 370, 390, 410] [210, 210, 210, 210, 210, 210, 210, 210, 210, 210] [243, 402] 10 3
[230, 230, 250, 270, 290, 310, 330, 350, 370, 390] [230, 210, 210, 210, 210, 210, 210, 210, 210, 210] [243, 402] 10 0
[230, 230, 230, 250, 270, 290, 310, 330, 350, 370] [250, 230, 210, 210, 210, 210, 210, 210, 210, 210] [243, 402] 10 0
[230, 230, 230, 230, 250, 270, 290, 310, 330, 350] [270, 250, 230, 210, 210, 210, 210, 210, 210, 210] [243, 402] 10 0
[230, 230, 230, 230, 230, 250, 270, 290, 310, 330] [290, 270, 250, 230, 210, 210, 210, 210, 210, 210] [243, 402] 10 0
[230, 230, 230, 230, 230, 230, 250, 270, 290, 310] [310, 290, 270, 250, 230, 210, 210, 210, 210, 210] [243, 402] 10 0
[230, 230, 230, 230, 230, 230, 230, 250, 270, 290] [330, 310, 290, 270, 250, 230, 210, 210, 210, 210] [243, 402] 10 0
[230, 230, 230, 230, 230, 230, 230, 230, 250, 270] [350, 330, 310, 290, 270, 250, 230, 210, 210, 210] [243, 402] 10 0
[230, 230, 230, 230, 230, 230, 230, 230, 230, 250] [370, 350, 330, 310, 290, 270, 250, 230, 210, 210] [243, 402] 10 0
[230, 230, 230, 230, 230, 230, 230, 230, 230, 230] [390, 370, 350, 330, 310, 290, 270, 250, 230, 210] [243, 402] 10 0
[230, 230, 230, 230, 230, 230, 230, 230, 230, 230, 230] [410, 390, 370, 350, 330, 310, 290, 270, 250, 230, 210] [201, 109] 11 0
[210, 230, 230, 230, 230, 230, 230, 230, 230, 230, 230] [410, 410, 390, 370, 350, 330, 310, 290, 270, 250, 230] [201, 109] 11 3
[190, 210, 230, 230, 230, 230, 230, 230, 230, 230, 230] [410, 410, 410, 390, 370, 350, 330, 310, 290, 270, 250] [201, 109] 11 3
[190, 190, 210, 230, 230, 230, 230, 230, 230, 230, 230] [390, 410, 410, 410, 390, 370, 350, 330, 310, 290, 270] [201, 109] 11 2
[190, 190, 190, 210, 230, 230, 230, 230, 230, 230, 230] [370, 390, 410, 410, 410, 390, 370, 350, 330, 310, 290] [201, 109] 11 2
[190, 190, 190, 190, 210, 230, 230, 230, 230, 230, 230] [350, 370, 390, 410, 410, 410, 390, 370, 350, 330, 310] [201, 109] 11 2
[190, 190, 190, 190, 190, 210, 230, 230, 230, 230, 230] [330, 350, 370, 390, 410, 410, 410, 390, 370, 350, 330] [201, 109] 11 2
[190, 190, 190, 190, 190, 190, 210, 230, 230, 230, 230] [310, 330, 350, 370, 390, 410, 410, 410, 390, 370, 350] [201, 109] 11 2
[190, 190, 190, 190, 190, 190, 190, 210, 230, 230, 230] [290, 310, 330, 350, 370, 390, 410, 410, 410, 390, 370] [201, 109] 11 2
[190, 190, 190, 190, 190, 190, 190, 190, 210, 230, 230] [270, 290, 310, 330, 350, 370, 390, 410, 410, 410, 390] [201, 109] 11 2
[190, 190, 190, 190, 190, 190, 190, 190, 190, 210, 230] [250, 270, 290, 310, 330, 350, 370, 390, 410, 410, 410] [201, 109] 11 2
[190, 190, 190, 190, 190, 190, 190, 190, 190, 190, 210] [230, 250, 270, 290, 310, 330, 350, 370, 390, 410, 410] [201, 109] 11 2
[190, 190, 190, 190, 190, 190, 190, 190, 190, 190, 190] [210, 230, 250, 270, 290, 310, 330, 350, 370, 390, 410] [201, 109] 11 2
[190, 190, 190, 190, 190, 190, 190, 190, 190, 190, 190] [190, 210, 230, 250, 270, 290, 310, 330, 350, 370, 390] [201, 109] 11 2
[190, 190, 190, 190, 190, 190, 190, 190, 190, 190, 190] [170, 190, 210, 230, 250, 270, 290, 310, 330, 350, 370] [201, 109] 11 2
[190, 190, 190, 190, 190, 190, 190, 190, 190, 190, 190] [150, 170, 190, 210, 230, 250, 270, 290, 310, 330, 350] [201, 109] 11 2
[190, 190, 190, 190, 190, 190, 190, 190, 190, 190, 190] [130, 150, 170, 190, 210, 230, 250, 270, 290, 310, 330] [201, 109] 11 2
[190, 190, 190, 190, 190, 190, 190, 190, 190, 190, 190] [110, 130, 150, 170, 190, 210, 230, 250, 270, 290, 310] [201, 109] 11 2
[210, 190, 190, 190, 190, 190, 190, 190, 190, 190, 190, 190] [110, 110, 130, 150, 170, 190, 210, 230, 250, 270, 290, 310] [460, 484] 12 1
[230, 210, 190, 190, 190, 190, 190, 190, 190, 190, 190, 190] [110, 110, 110, 130, 150, 170, 190, 210, 230, 250, 270, 290] [460, 484] 12 1
[250, 230, 210, 190, 190, 190, 190, 190, 190, 190, 190, 190] [110, 110, 110, 110, 130, 150, 170, 190, 210, 230, 250, 270] [460, 484] 12 1
[270, 250, 230, 210, 190, 190, 190, 190, 190, 190, 190, 190] [110, 110, 110, 110, 110, 130, 150, 170, 190, 210, 230, 250] [460, 484] 12 1
[290, 270, 250, 230, 210, 190, 190, 190, 190, 190, 190, 190] [110, 110, 110, 110, 110, 110, 130, 150, 170, 190, 210, 230] [460, 484] 12 1
[310, 290, 270, 250, 230, 210, 190, 190, 190, 190, 190, 190] [110, 110, 110, 110, 110, 110, 110, 130, 150, 170, 190, 210] [460, 484] 12 1
[330, 310, 290, 270, 250, 230, 210, 190, 190, 190, 190, 190] [110, 110, 110, 110, 110, 110, 110, 110, 130, 150, 170, 190] [460, 484] 12 1
[350, 330, 310, 290, 270, 250, 230, 210, 190, 190, 190, 190] [110, 110, 110, 110, 110, 110, 110, 110, 110, 130, 150, 170] [460, 484] 12 1
[370, 350, 330, 310, 290, 270, 250, 230, 210, 190, 190, 190] [110, 110, 110, 110, 110, 110, 110, 110, 110, 110, 130, 150] [460, 484] 12 1
[390, 370, 350, 330, 310, 290, 270, 250, 230, 210, 190, 190] [110, 110, 110, 110, 110, 110, 110, 110, 110, 110, 110, 130] [460, 484] 12 1
[410, 390, 370, 350, 330, 310, 290, 270, 250, 230, 210, 190] [110, 110, 110, 110, 110, 110, 110, 110, 110, 110, 110, 110] [460, 484] 12 1
[430, 410, 390, 370, 350, 330, 310, 290, 270, 250, 230, 210] [110, 110, 110, 110, 110, 110, 110, 110, 110, 110, 110, 110] [460, 484] 12 1
[450, 430, 410, 390, 370, 350, 330, 310, 290, 270, 250, 230] [110, 110, 110, 110, 110, 110, 110, 110, 110, 110, 110, 110] [460, 484] 12 1
[470, 450, 430, 410, 390, 370, 350, 330, 310, 290, 270, 250] [110, 110, 110, 110, 110, 110, 110, 110, 110, 110, 110, 110] [460, 484] 12 1
[470, 470, 450, 430, 410, 390, 370, 350, 330, 310, 290, 270] [130, 110, 110, 110, 110, 110, 110, 110, 110, 110, 110, 110] [460, 484] 12 0
[470, 470, 470, 450, 430, 410, 390, 370, 350, 330, 310, 290] [150, 130, 110, 110, 110, 110, 110, 110, 110, 110, 110, 110] [460, 484] 12 0
[470, 470, 470, 470, 450, 430, 410, 390, 370, 350, 330, 310] [170, 150, 130, 110, 110, 110, 110, 110, 110, 110, 110, 110] [460, 484] 12 0
[470, 470, 470, 470, 470, 450, 430, 410, 390, 370, 350, 330] [190, 170, 150, 130, 110, 110, 110, 110, 110, 110, 110, 110] [460, 484] 12 0
[470, 470, 470, 470, 470, 470, 450, 430, 410, 390, 370, 350] [210, 190, 170, 150, 130, 110, 110, 110, 110, 110, 110, 110] [460, 484] 12 0
[470, 470, 470, 470, 470, 470, 470, 450, 430, 410, 390, 370] [230, 210, 190, 170, 150, 130, 110, 110, 110, 110, 110, 110] [460, 484] 12 0
[470, 470, 470, 470, 470, 470, 470, 470, 450, 430, 410, 390] [250, 230, 210, 190, 170, 150, 130, 110, 110, 110, 110, 110] [460, 484] 12 0
[470, 470, 470, 470, 470, 470, 470, 470, 470, 450, 430, 410] [270, 250, 230, 210, 190, 170, 150, 130, 110, 110, 110, 110] [460, 484] 12 0
[470, 470, 470, 470, 470, 470, 470, 470, 470, 470, 450, 430] [290, 270, 250, 230, 210, 190, 170, 150, 130, 110, 110, 110] [460, 484] 12 0
[470, 470, 470, 470, 470, 470, 470, 470, 470, 470, 470, 450] [310, 290, 270, 250, 230, 210, 190, 170, 150, 130, 110, 110] [460, 484] 12 0
[470, 470, 470, 470, 470, 470, 470, 470, 470, 470, 470, 470] [330, 310, 290, 270, 250, 230, 210, 190, 170, 150, 130, 110] [460, 484] 12 0
[470, 470, 470, 470, 470, 470, 470, 470, 470, 470, 470, 470] [350, 330, 310, 290, 270, 250, 230, 210, 190, 170, 150, 130] [460, 484] 12 0
[470, 470, 470, 470, 470, 470, 470, 470, 470, 470, 470, 470] [370, 350, 330, 310, 290, 270, 250, 230, 210, 190, 170, 150] [460, 484] 12 0
[470, 470, 470, 470, 470, 470, 470, 470, 470, 470, 470, 470] [390, 370, 350, 330, 310, 290, 270, 250, 230, 210, 190, 170] [460, 484] 12 0
[470, 470, 470, 470, 470, 470, 470, 470, 470, 470, 470, 470] [410, 390, 370, 350, 330, 310, 290, 270, 250, 230, 210, 190] [460, 484] 12 0
[470, 470, 470, 470, 470, 470, 470, 470, 470, 470, 470, 470] [430, 410, 390, 370, 350, 330, 310, 290, 270, 250, 230, 210] [460, 484] 12 0
[470, 470, 470, 470, 470, 470, 470, 470, 470, 470, 470, 470] [450, 430, 410, 390, 370, 350, 330, 310, 290, 270, 250, 230] [460, 484] 12 0
[470, 470, 470, 470, 470, 470, 470, 470, 470, 470, 470, 470] [470, 450, 430, 410, 390, 370, 350, 330, 310, 290, 270, 250] [460, 484] 12 0
[450, 470, 470, 470, 470, 470, 470, 470, 470, 470, 470, 470] [470, 470, 450, 430, 410, 390, 370, 350, 330, 310, 290, 270] [460, 484] 12 3
[430, 450, 470, 470, 470, 470, 470, 470, 470, 470, 470, 470, 470] [470, 470, 470, 450, 430, 410, 390, 370, 350, 330, 310, 290, 270] [384, 348] 13 3
[410, 430, 450, 470, 470, 470, 470, 470, 470, 470, 470, 470, 470] [470, 470, 470, 470, 450, 430, 410, 390, 370, 350, 330, 310, 290] [384, 348] 13 3
[390, 410, 430, 450, 470, 470, 470, 470, 470, 470, 470, 470, 470] [470, 470, 470, 470, 470, 450, 430, 410, 390, 370, 350, 330, 310] [384, 348] 13 3
[390, 390, 410, 430, 450, 470, 470, 470, 470, 470, 470, 470, 470] [450, 470, 470, 470, 470, 470, 450, 430, 410, 390, 370, 350, 330] [384, 348] 13 2
[390, 390, 390, 410, 430, 450, 470, 470, 470, 470, 470, 470, 470] [430, 450, 470, 470, 470, 470, 470, 450, 430, 410, 390, 370, 350] [384, 348] 13 2
[390, 390, 390, 390, 410, 430, 450, 470, 470, 470, 470, 470, 470] [410, 430, 450, 470, 470, 470, 470, 470, 450, 430, 410, 390, 370] [384, 348] 13 2
[390, 390, 390, 390, 390, 410, 430, 450, 470, 470, 470, 470, 470] [390, 410, 430, 450, 470, 470, 470, 470, 470, 450, 430, 410, 390] [384, 348] 13 2
[390, 390, 390, 390, 390, 390, 410, 430, 450, 470, 470, 470, 470] [370, 390, 410, 430, 450, 470, 470, 470, 470, 470, 450, 430, 410] [384, 348] 13 2
[390, 390, 390, 390, 390, 390, 390, 410, 430, 450, 470, 470, 470] [350, 370, 390, 410, 430, 450, 470, 470, 470, 470, 470, 450, 430] [384, 348] 13 2
