[290, 290, 290, 290, 290] [290, 270, 250, 230, 210] [298, 395] 5 0
[290, 290, 290, 290, 290] [310, 290, 270, 250, 230] [298, 395] 5 0
[290, 290, 290, 290, 290] [330, 310, 290, 270, 250] [298, 395] 5 0
[290, 290, 290, 290, 290] [350, 330, 310, 290, 270] [298, 395] 5 0
[290, 290, 290, 290, 290] [370, 350, 330, 310, 290] [298, 395] 5 0
[290, 290, 290, 290, 290] [390, 370, 350, 330, 310] [298, 395] 5 0
[290, 290, 290, 290, 290, 290] [410, 390, 370, 350, 330, 310] [186, 545] 6 0
[290, 290, 290, 290, 290, 290] [430, 410, 390, 370, 350, 330] [186, 545] 6 0
[290, 290, 290, 290, 290, 290] [450, 430, 410, 390, 370, 350] [186, 545] 6 0
[290, 290, 290, 290, 290, 290] [470, 450, 430, 410, 390, 370] [186, 545] 6 0
[290, 290, 290, 290, 290, 290] [490, 470, 450, 430, 410, 390] [186, 545] 6 0
[290, 290, 290, 290, 290, 290] [510, 490, 470, 450, 430, 410] [186, 545] 6 0
[290, 290, 290, 290, 290, 290] [530, 510, 490, 470, 450, 430] [186, 545] 6 0
[270, 290, 290, 290, 290, 290] [530, 530, 510, 490, 470, 450] [186, 545] 6 3
[250, 270, 290, 290, 290, 290] [530, 530, 530, 510, 490, 470] [186, 545] 6 3
[230, 250, 270, 290, 290, 290] [530, 530, 530, 530, 510, 490] [186, 545] 6 3
[210, 230, 250, 270, 290, 290] [530, 530, 530, 530, 530, 510] [186, 545] 6 3
[190, 210, 230, 250, 270, 290] [530, 530, 530, 530, 530, 530] [186, 545] 6 3
[170, 190, 210, 230, 250, 270, 290] [530, 530, 530, 530, 530, 530, 530] [286, 180] 7 3
[170, 170, 190, 210, 230, 250, 270] [510, 530, 530, 530, 530, 530, 530] [286, 180] 7 2
[170, 170, 170, 190, 210, 230, 250] [490, 510, 530, 530, 530, 530, 530] [286, 180] 7 2
[170, 170, 170, 170, 190, 210, 230] [470, 490, 510, 530, 530, 530, 530] [286, 180] 7 2
[170, 170, 170, 170, 170, 190, 210] [450, 470, 490, 510, 530, 530, 530] [286, 180] 7 2
[170, 170, 170, 170, 170, 170, 190] [430, 450, 470, 490, 510, 530, 530] [286, 180] 7 2
[170, 170, 170, 170, 170, 170, 170] [410, 430, 450, 470, 490, 510, 530] [286, 180] 7 2
[170, 170, 170, 170, 170, 170, 170] [390, 410, 430, 450, 470, 490, 510] [286, 180] 7 2
[170, 170, 170, 170, 170, 170, 170] [370, 390, 410, 430, 450, 470, 490] [286, 180] 7 2
[170, 170, 170, 170, 170, 170, 170] [350, 370, 390, 410, 430, 450, 470] [286, 180] 7 2
[170, 170, 170, 170, 170, 170, 170] [330, 350, 370, 390, 410, 430, 450] [286, 180] 7 2
[170, 170, 170, 170, 170, 170, 170] [310, 330, 350, 370, 390, 410, 430] [286, 180] 7 2
[170, 170, 170, 170, 170, 170, 170] [290, 310, 330, 350, 370, 390, 410] [286, 180] 7 2
[170, 170, 170, 170, 170, 170, 170] [270, 290, 310, 330, 350, 370, 390] [286, 180] 7 2
[170, 170, 170, 170, 170, 170, 170] [250, 270, 290, 310, 330, 350, 370] [286, 180] 7 2
[170, 170, 170, 170, 170, 170, 170] [230, 250, 270, 290, 310, 330, 350] [286, 180] 7 2
[170, 170, 170, 170, 170, 170, 170] [210, 230, 250, 270, 290, 310, 330] [286, 180] 7 2
[170, 170, 170, 170, 170, 170, 170] [190, 210, 230, 250, 270, 290, 310] [286, 180] 7 2
[190, 170, 170, 170, 170, 170, 170] [190, 190, 210, 230, 250, 270, 290] [286, 180] 7 1
[210, 190, 170, 170, 170, 170, 170] [190, 190, 190, 210, 230, 250, 270] [286, 180] 7 1
[230, 210, 190, 170, 170, 170, 170] [190, 190, 190, 190, 210, 230, 250] [286, 180] 7 1
[250, 230, 210, 190, 170, 170, 170] [190, 190, 190, 190, 190, 210, 230] [286, 180] 7 1
[270, 250, 230, 210, 190, 170, 170] [190, 190, 190, 190, 190, 190, 210] [286, 180] 7 1
[290, 270, 250, 230, 210, 190, 170] [190, 190, 190, 190, 190, 190, 190] [286, 180] 7 1
[290, 290, 270, 250, 230, 210, 190] [170, 190, 190, 190, 190, 190, 190] [286, 180] 7 2
[290, 290, 290, 270, 250, 230, 210, 190] [150, 170, 190, 190, 190, 190, 190, 190] [174, 87] 8 2
[290, 290, 290, 290, 270, 250, 230, 210] [130, 150, 170, 190, 190, 190, 190, 190] [174, 87] 8 2
[290, 290, 290, 290, 290, 270, 250, 230] [110, 130, 150, 170, 190, 190, 190, 190] [174, 87] 8 2
[290, 290, 290, 290, 290, 290, 270, 250] [90, 110, 130, 150, 170, 190, 190, 190] [174, 87] 8 2
[270, 290, 290, 290, 290, 290, 290, 270] [90, 90, 110, 130, 150, 170, 190, 190] [174, 87] 8 3
[250, 270, 290, 290, 290, 290, 290, 290] [90, 90, 90, 110, 130, 150, 170, 190] [174, 87] 8 3
[230, 250, 270, 290, 290, 290, 290, 290] [90, 90, 90, 90, 110, 130, 150, 170] [174, 87] 8 3
[210, 230, 250, 270, 290, 290, 290, 290] [90, 90, 90, 90, 90, 110, 130, 150] [174, 87] 8 3
[190, 210, 230, 250, 270, 290, 290, 290] [90, 90, 90, 90, 90, 90, 110, 130] [174, 87] 8 3
[170, 190, 210, 230, 250, 270, 290, 290] [90, 90, 90, 90, 90, 90, 90, 110] [174, 87] 8 3
[150, 170, 190, 210, 230, 250, 270, 290, 290] [90, 90, 90, 90, 90, 90, 90, 90, 110] [510, 150] 9 3
[150, 150, 170, 190, 210, 230, 250, 270, 290] [110, 90, 90, 90, 90, 90, 90, 90, 90] [510, 150] 9 0
[150, 150, 150, 170, 190, 210, 230, 250, 270] [130, 110, 90, 90, 90, 90, 90, 90, 90] [510, 150] 9 0
[150, 150, 150, 150, 170, 190, 210, 230, 250] [150, 130, 110, 90, 90, 90, 90, 90, 90] [510, 150] 9 0
[170, 150, 150, 150, 150, 170, 190, 210, 230] [150, 150, 130, 110, 90, 90, 90, 90, 90] [510, 150] 9 1
[190, 170, 150, 150, 150, 150, 170, 190, 210] [150, 150, 150, 130, 110, 90, 90, 90, 90] [510, 150] 9 1
[210, 190, 170, 150, 150, 150, 150, 170, 190] [150, 150, 150, 150, 130, 110, 90, 90, 90] [510, 150] 9 1
[230, 210, 190, 170, 150, 150, 150, 150, 170] [150, 150, 150, 150, 150, 130, 110, 90, 90] [510, 150] 9 1
[250, 230, 210, 190, 170, 150, 150, 150, 150] [150, 150, 150, 150, 150, 150, 130, 110, 90] [510, 150] 9 1
[270, 250, 230, 210, 190, 170, 150, 150, 150] [150, 150, 150, 150, 150, 150, 150, 130, 110] [510, 150] 9 1
[290, 270, 250, 230, 210, 190, 170, 150, 150] [150, 150, 150, 150, 150, 150, 150, 150, 130] [510, 150] 9 1
[310, 290, 270, 250, 230, 210, 190, 170, 150] [150, 150, 150, 150, 150, 150, 150, 150, 150] [510, 150] 9 1
[330, 310, 290, 270, 250, 230, 210, 190, 170] [150, 150, 150, 150, 150, 150, 150, 150, 150] [510, 150] 9 1
[350, 330, 310, 290, 270, 250, 230, 210, 190] [150, 150, 150, 150, 150, 150, 150, 150, 150] [510, 150] 9 1
[370, 350, 330, 310, 290, 270, 250, 230, 210] [150, 150, 150, 150, 150, 150, 150, 150, 150] [510, 150] 9 1
[390, 370, 350, 330, 310, 290, 270, 250, 230] [150, 150, 150, 150, 150, 150, 150, 150, 150] [510, 150] 9 1
[410, 390, 370, 350, 330, 310, 290, 270, 250] [150, 150, 150, 150, 150, 150, 150, 150, 150] [510, 150] 9 1
[430, 410, 390, 370, 350, 330, 310, 290, 270] [150, 150, 150, 150, 150, 150, 150, 150, 150] [510, 150] 9 1
[450, 430, 410, 390, 370, 350, 330, 310, 290] [150, 150, 150, 150, 150, 150, 150, 150, 150] [510, 150] 9 1
[470, 450, 430, 410, 390, 370, 350, 330, 310] [150, 150, 150, 150, 150, 150, 150, 150, 150] [510, 150] 9 1
[490, 470, 450, 430, 410, 390, 370, 350, 330] [150, 150, 150, 150, 150, 150, 150, 150, 150] [510, 150] 9 1
[510, 490, 470, 450, 430, 410, 390, 370, 350] [150, 150, 150, 150, 150, 150, 150, 150, 150] [510, 150] 9 1
[510, 510, 490, 470, 450, 430, 410, 390, 370, 350] [170, 150, 150, 150, 150, 150, 150, 150, 150, 150] [489, 396] 10 0
[510, 510, 510, 490, 470, 450, 430, 410, 390, 370] [190, 170, 150, 150, 150, 150, 150, 150, 150, 150] [489, 396] 10 0
[510, 510, 510, 510, 490, 470, 450, 430, 410, 390] [210, 190, 170, 150, 150, 150, 150, 150, 150, 150] [489, 396] 10 0
[510, 510, 510, 510, 510, 490, 470, 450, 430, 410] [230, 210, 190, 170, 150, 150, 150, 150, 150, 150] [489, 396] 10 0
[510, 510, 510, 510, 510, 510, 490, 470, 450, 430] [250, 230, 210, 190, 170, 150, 150, 150, 150, 150] [489, 396] 10 0
[510, 510, 510, 510, 510, 510, 510, 490, 470, 450] [270, 250, 230, 210, 190, 170, 150, 150, 150, 150] [489, 396] 10 0
[510, 510, 510, 510, 510, 510, 510, 510, 490, 470] [290, 270, 250, 230, 210, 190, 170, 150, 150, 150] [489, 396] 10 0
[510, 510, 510, 510, 510, 510, 510, 510, 510, 490] [310, 290, 270, 250, 230, 210, 190, 170, 150, 150] [489, 396] 10 0
[510, 510, 510, 510, 510, 510, 510, 510, 510, 510] [330, 310, 290, 270, 250, 230, 210, 190, 170, 150] [489, 396] 10 0
[510, 510, 510, 510, 510, 510, 510, 510, 510, 510] [350, 330, 310, 290, 270, 250, 230, 210, 190, 170] [489, 396] 10 0
[510, 510, 510, 510, 510, 510, 510, 510, 510, 510] [370, 350, 330, 310, 290, 270, 250, 230, 210, 190] [489, 396] 10 0
[510, 510, 510, 510, 510, 510, 510, 510, 510, 510] [390, 370, 350, 330, 310, 290, 270, 250, 230, 210] [489, 396] 10 0
[490, 510, 510, 510, 510, 510, 510, 510, 510, 510] [390, 390, 370, 350, 330, 310, 290, 270, 250, 230] [489, 396] 10 3
[470, 490, 510, 510, 510, 510, 510, 510, 510, 510, 510] [390, 390, 390, 370, 350, 330, 310, 290, 270, 250, 230] [120, 493] 11 3
[450, 470, 490, 510, 510, 510, 510, 510, 510, 510, 510] [390, 390, 390, 390, 370, 350, 330, 310, 290, 270, 250] [120, 493] 11 3
[430, 450, 470, 490, 510, 510, 510, 510, 510, 510, 510] [390, 390, 390, 390, 390, 370, 350, 330, 310, 290, 270] [120, 493] 11 3
[410, 430, 450, 470, 490, 510, 510, 510, 510, 510, 510] [390, 390, 390, 390, 390, 390, 370, 350, 330, 310, 290] [120, 493] 11 3
[390, 410, 430, 450, 470, 490, 510, 510, 510, 510, 510] [390, 390, 390, 390, 390, 390, 390, 370, 350, 330, 310] [120, 493] 11 3
[370, 390, 410, 430, 450, 470, 490, 510, 510, 510, 510] [390, 390, 390, 390, 390, 390, 390, 390, 370, 350, 330] [120, 493] 11 3
[350, 370, 390, 410, 430, 450, 470, 490, 510, 510, 510] [390, 390, 390, 390, 390, 390, 390, 390, 390, 370, 350] [120, 493] 11 3
[330, 350, 370, 390, 410, 430, 450, 470, 490, 510, 510] [390, 390, 390, 390, 390, 390, 390, 390, 390, 390, 370] [120, 493] 11 3
[310, 330, 350, 370, 390, 410, 430, 450, 470, 490, 510] [390, 390, 390, 390, 390, 390, 390, 390, 390, 390, 390] [120, 493] 11 3
[290, 310, 330, 350, 370, 390, 410, 430, 450, 470, 490] [390, 390, 390, 390, 390, 390, 390, 390, 390, 390, 390] [120, 493] 11 3
[270, 290, 310, 330, 350, 370, 390, 410, 430, 450, 470] [390, 390, 390, 390, 390, 390, 390, 390, 390, 390, 390] [120, 493] 11 3
[250, 270, 290, 310, 330, 350, 370, 390, 410, 430, 450] [390, 390, 390, 390, 390, 390, 390, 390, 390, 390, 390] [120, 493] 11 3
[230, 250, 270, 290, 310, 330, 350, 370, 390, 410, 430] [390, 390, 390, 390, 390, 390, 390, 390, 390, 390, 390] [120, 493] 11 3
[210, 230, 250, 270, 290, 310, 330, 350, 370, 390, 410] [390, 390, 390, 390, 390, 390, 390, 390, 390, 390, 390] [120, 493] 11 3
[190, 210, 230, 250, 270, 290, 310, 330, 350, 370, 390] [390, 390, 390, 390, 390, 390, 390, 390, 390, 390, 390] [120, 493] 11 3
[170, 190, 210, 230, 250, 270, 290, 310, 330, 350, 370] [390, 390, 390, 390, 390, 390, 390, 390, 390, 390, 390] [120, 493] 11 3
[150, 170, 190, 210, 230, 250, 270, 290, 310, 330, 350] [390, 390, 390, 390, 390, 390, 390, 390, 390, 390, 390] [120, 493] 11 3
[130, 150, 170, 190, 210, 230, 250, 270, 290, 310, 330] [390, 390, 390, 390, 390, 390, 390, 390, 390, 390, 390] [120, 493] 11 3
[130, 130, 150, 170, 190, 210, 230, 250, 270, 290, 310] [410, 390, 390, 390, 390, 390, 390, 390, 390, 390, 390] [120, 493] 11 0
[130, 130, 130, 150, 170, 190, 210, 230, 250, 270, 290] [430, 410, 390, 390, 390, 390, 390, 390, 390, 390, 390] [120, 493] 11 0
[130, 130, 130, 130, 150, 170, 190, 210, 230, 250, 270] [450, 430, 410, 390, 390, 390, 390, 390, 390, 390, 390] [120, 493] 11 0
[130, 130, 130, 130, 130, 150, 170, 190, 210, 230, 250] [470, 450, 430, 410, 390, 390, 390, 390, 390, 390, 390] [120, 493] 11 0
[110, 130, 130, 130, 130, 130, 150, 170, 190, 210, 230] [470, 470, 450, 430, 410, 390, 390, 390, 390, 390, 390] [120, 493] 11 3
[110, 110, 130, 130, 130, 130, 130, 150, 170, 190, 210] [490, 470, 470, 450, 430, 410, 390, 390, 390, 390, 390] [120, 493] 11 0
[110, 110, 110, 130, 130, 130, 130, 130, 150, 170, 190, 210] [510, 490, 470, 470, 450, 430, 410, 390, 390, 390, 390, 390] [189, 51] 12 0
[130, 110, 110, 110, 130, 130, 130, 130, 130, 150, 170, 190] [510, 510, 490, 470, 470, 450, 430, 410, 390, 390, 390, 390] [189, 51] 12 1
[150, 130, 110, 110, 110, 130, 130, 130, 130, 130, 150, 170] [510, 510, 510, 490, 470, 470, 450, 430, 410, 390, 390, 390] [189, 51] 12 1
[170, 150, 130, 110, 110, 110, 130, 130, 130, 130, 130, 150] [510, 510, 510, 510, 490, 470, 470, 450, 430, 410, 390, 390] [189, 51] 12 1
[190, 170, 150, 130, 110, 110, 110, 130, 130, 130, 130, 130] [510, 510, 510, 510, 510, 490, 470, 470, 450, 430, 410, 390] [189, 51] 12 1
[190, 190, 170, 150, 130, 110, 110, 110, 130, 130, 130, 130] [490, 510, 510, 510, 510, 510, 490, 470, 470, 450, 430, 410] [189, 51] 12 2
[190, 190, 190, 170, 150, 130, 110, 110, 110, 130, 130, 130] [470, 490, 510, 510, 510, 510, 510, 490, 470, 470, 450, 430] [189, 51] 12 2
[190, 190, 190, 190, 170, 150, 130, 110, 110, 110, 130, 130] [450, 470, 490, 510, 510, 510, 510, 510, 490, 470, 470, 450] [189, 51] 12 2
[190, 190, 190, 190, 190, 170, 150, 130, 110, 110, 110, 130] [430, 450, 470, 490, 510, 510, 510, 510, 510, 490, 470, 470] [189, 51] 12 2
[190, 190, 190, 190, 190, 190, 170, 150, 130, 110, 110, 110] [410, 430, 450, 470, 490, 510, 510, 510, 510, 510, 490, 470] [189, 51] 12 2
[190, 190, 190, 190, 190, 190, 190, 170, 150, 130, 110, 110] [390, 410, 430, 450, 470, 490, 510, 510, 510, 510, 510, 490] [189, 51] 12 2
[190, 190, 190, 190, 190, 190, 190, 190, 170, 150, 130, 110] [370, 390, 410, 430, 450, 470, 490, 510, 510, 510, 510, 510] [189, 51] 12 2
[190, 190, 190, 190, 190, 190, 190, 190, 190, 170, 150, 130] [350, 370, 390, 410, 430, 450, 470, 490, 510, 510, 510, 510] [189, 51] 12 2
[190, 190, 190, 190, 190, 190, 190, 190, 190, 190, 170, 150] [330, 350, 370, 390, 410, 430, 450, 470, 490, 510, 510, 510] [189, 51] 12 2
[190, 190, 190, 190, 190, 190, 190, 190, 190, 190, 190, 170] [310, 330, 350, 370, 390, 410, 430, 450, 470, 490, 510, 510] [189, 51] 12 2
[190, 190, 190, 190, 190, 190, 190, 190, 190, 190, 190, 190] [290, 310, 330, 350, 370, 390, 410, 430, 450, 470, 490, 510] [189, 51] 12 2
[190, 190, 190, 190, 190, 190, 190, 190, 190, 190, 190, 190] [270, 290, 310, 330, 350, 370, 390, 410, 430, 450, 470, 490] [189, 51] 12 2
[190, 190, 190, 190, 190, 190, 190, 190, 190, 190, 190, 190] [250, 270, 290, 310, 330, 350, 370, 390, 410, 430, 450, 470] [189, 51] 12 2
[190, 190, 190, 190, 190, 190, 190, 190, 190, 190, 190, 190] [230, 250, 270, 290, 310, 330, 350, 370, 390, 410, 430, 450] [189, 51] 12 2
[190, 190, 190, 190, 190, 190, 190, 190, 190, 190, 190, 190] [210, 230, 250, 270, 290, 310, 330, 350, 370, 390, 410, 430] [189, 51] 12 2
[190, 190, 190, 190, 190, 190, 190, 190, 190, 190, 190, 190] [190, 210, 230, 250, 270, 290, 310, 330, 350, 370, 390, 410] [189, 51] 12 2
[190, 190, 190, 190, 190, 190, 190, 190, 190, 190, 190, 190] [170, 190, 210, 230, 250, 270, 290, 310, 330, 350, 370, 390] [189, 51] 12 2
[190, 190, 190, 190, 190, 190, 190, 190, 190, 190, 190, 190] [150, 170, 190, 210, 230, 250, 270, 290, 310, 330, 350, 370] [189, 51] 12 2
[190, 190, 190, 190, 190, 190, 190, 190, 190, 190, 190, 190] [130, 150, 170, 190, 210, 230, 250, 270, 290, 310, 330, 350] [189, 51] 12 2
[190, 190, 190, 190, 190, 190, 190, 190, 190, 190, 190, 190] [110, 130, 150, 170, 190, 210, 230, 250, 270, 290, 310, 330] [189, 51] 12 2
[190, 190, 190, 190, 190, 190, 190, 190, 190, 190, 190, 190] [90, 110, 130, 150, 170, 190, 210, 230, 250, 270, 290, 310] [189, 51] 12 2
[190, 190, 190, 190, 190, 190, 190, 190, 190, 190, 190, 190] [70, 90, 110, 130, 150, 170, 190, 210, 230, 250, 270, 290] [189, 51] 12 2
[190, 190, 190, 190, 190, 190, 190, 190, 190, 190, 190, 190] [50, 70, 90, 110, 130, 150, 170, 190, 210, 230, 250, 270] [189, 51] 12 2
[190, 190, 190, 190, 190, 190, 190, 190, 190, 190, 190, 190, 190] [30, 50, 70, 90, 110, 130, 150, 170, 190, 210, 230, 250, 270] [520, 450] 13 2
[210, 190, 190, 190, 190, 190, 190, 190, 190, 190, 190, 190, 190] [30, 30, 50, 70, 90, 110, 130, 150, 170, 190, 210, 230, 250] [520, 450] 13 1
[230, 210, 190, 190, 190, 190, 190, 190, 190, 190, 190, 190, 190] [30, 30, 30, 50, 70, 90, 110, 130, 150, 170, 190, 210, 230] [520, 450] 13 1
[250, 230, 210, 190, 190, 190, 190, 190, 190, 190, 190, 190, 190] [30, 30, 30, 30, 50, 70, 90, 110, 130, 150, 170, 190, 210] [520, 450] 13 1
[270, 250, 230, 210, 190, 190, 190, 190, 190, 190, 190, 190, 190] [30, 30, 30, 30, 30, 50, 70, 90, 110, 130, 150, 170, 190] [520, 450] 13 1
[290, 270, 250, 230, 210, 190, 190, 190, 190, 190, 190, 190, 190] [30, 30, 30, 30, 30, 30, 50, 70, 90, 110, 130, 150, 170] [520, 450] 13 1
[310, 290, 270, 250, 230, 210, 190, 190, 190, 190, 190, 190, 190] [30, 30, 30, 30, 30, 30, 30, 50, 70, 90, 110, 130, 150] [520, 450] 13 1
[330, 310, 290, 270, 250, 230, 210, 190, 190, 190, 190, 190, 190] [30, 30, 30, 30, 30, 30, 30, 30, 50, 70, 90, 110, 130] [520, 450] 13 1
[350, 330, 310, 290, 270, 250, 230, 210, 190, 190, 190, 190, 190] [30, 30, 30, 30, 30, 30, 30, 30, 30, 50, 70, 90, 110] [520, 450] 13 1
[370, 350, 330, 310, 290, 270, 250, 230, 210, 190, 190, 190, 190] [30, 30, 30, 30, 30, 30, 30, 30, 30, 30, 50, 70, 90] [520, 450] 13 1
[390, 370, 350, 330, 310, 290, 270, 250, 230, 210, 190, 190, 190] [30, 30, 30, 30, 30, 30, 30, 30, 30, 30, 30, 50, 70] [520, 450] 13 1
[410, 390, 370, 350, 330, 310, 290, 270, 250, 230, 210, 190, 190] [30, 30, 30, 30, 30, 30, 30, 30, 30, 30, 30, 30, 50] [520, 450] 13 1
[430, 410, 390, 370, 350, 330, 310, 290, 270, 250, 230, 210, 190] [30, 30, 30, 30, 30, 30, 30, 30, 30, 30, 30, 30, 30] [520, 450] 13 1
[450, 430, 410, 390, 370, 350, 330, 310, 290, 270, 250, 230, 210] [30, 30, 30, 30, 30, 30, 30, 30, 30, 30, 30, 30, 30] [520, 450] 13 1
[470, 450, 430, 410, 390, 370, 350, 330, 310, 290, 270, 250, 230] [30, 30, 30, 30, 30, 30, 30, 30, 30, 30, 30, 30, 30] [520, 450] 13 1
[490, 470, 450, 430, 410, 390, 370, 350, 330, 310, 290, 270, 250] [30, 30, 30, 30, 30, 30, 30, 30, 30, 30, 30, 30, 30] [520, 450] 13 1
[510, 490, 470, 450, 430, 410, 390, 370, 350, 330, 310, 290, 270] [30, 30, 30, 30, 30, 30, 30, 30, 30, 30, 30, 30, 30] [520, 450] 13 1
[530, 510, 490, 470, 450, 430, 410, 390, 370, 350, 330, 310, 290] [30, 30, 30, 30, 30, 30, 30, 30, 30, 30, 30, 30, 30] [520, 450] 13 1
[550, 530, 510, 490, 470, 450, 430, 410, 390, 370, 350, 330, 310] [30, 30, 30, 30, 30, 30, 30, 30, 30, 30, 30, 30, 30] [520, 450] 13 1
[550, 550, 530, 510, 490, 470, 450, 430, 410, 390, 370, 350, 330] [50, 30, 30, 30, 30, 30, 30, 30, 30, 30, 30, 30, 30] [520, 450] 13 0
[550, 550, 550, 530, 510, 490, 470, 450, 430, 410, 390, 370, 350] [70, 50, 30, 30, 30, 30, 30, 30, 30, 30, 30, 30, 30] [520, 450] 13 0
[550, 550, 550, 550, 530, 510, 490, 470, 450, 430, 410, 390, 370] [90, 70, 50, 30, 30, 30, 30, 30, 30, 30, 30, 30, 30] [520, 450] 13 0
[550, 550, 550, 550, 550, 530, 510, 490, 470, 450, 430, 410, 390] [110, 90, 70, 50, 30, 30, 30, 30, 30, 30, 30, 30, 30] [520, 450] 13 0
[550, 550, 550, 550, 550, 550, 530, 510, 490, 470, 450, 430, 410] [130, 110, 90, 70, 50, 30, 30, 30, 30, 30, 30, 30, 30] [520, 450] 13 0
[550, 550, 550, 550, 550, 550, 550, 530, 510, 490, 470, 450, 430] [150, 130, 110, 90, 70, 50, 30, 30, 30, 30, 30, 30, 30] [520, 450] 13 0
[550, 550, 550, 550, 550, 550, 550, 550, 530, 510, 490, 470, 450] [170, 150, 130, 110, 90, 70, 50, 30, 30, 30, 30, 30, 30] [520, 450] 13 0
[550, 550, 550, 550, 550, 550, 550, 550, 550, 530, 510, 490, 470] [190, 170, 150, 130, 110, 90, 70, 50, 30, 30, 30, 30, 30] [520, 450] 13 0
[550, 550, 550, 550, 550, 550, 550, 550, 550, 550, 530, 510, 490] [210, 190, 170, 150, 130, 110, 90, 70, 50, 30, 30, 30, 30] [520, 450] 13 0
[550, 550, 550, 550, 550, 550, 550, 550, 550, 550, 550, 530, 510] [230, 210, 190, 170, 150, 130, 110, 90, 70, 50, 30, 30, 30] [520, 450] 13 0
[550, 550, 550, 550, 550, 550, 550, 550, 550, 550, 550, 550, 530] [250, 230, 210, 190, 170, 150, 130, 110, 90, 70, 50, 30, 30] [520, 450] 13 0
[550, 550, 550, 550, 550, 550, 550, 550, 550, 550, 550, 550, 550] [270, 250, 230, 210, 190, 170, 150, 130, 110, 90, 70, 50, 30] [520, 450] 13 0
[550, 550, 550, 550, 550, 550, 550, 550, 550, 550, 550, 550, 550] [290, 270, 250, 230, 210, 190, 170, 150, 130, 110, 90, 70, 50] [520, 450] 13 0
[550, 550, 550, 550, 550, 550, 550, 550, 550, 550, 550, 550, 550] [310, 290, 270, 250, 230, 210, 190, 170, 150, 130, 110, 90, 70] [520, 450] 13 0
[550, 550, 550, 550, 550, 550, 550, 550, 550, 550, 550, 550, 550] [330, 310, 290, 270, 250, 230, 210, 190, 170, 150, 130, 110, 90] [520, 450] 13 0
[550, 550, 550, 550, 550, 550, 550, 550, 550, 550, 550, 550, 550] [350, 330, 310, 290, 270, 250, 230, 210, 190, 170, 150, 130, 110] [520, 450] 13 0
[550, 550, 550, 550, 550, 550, 550, 550, 550, 550, 550, 550, 550] [370, 350, 330, 310, 290, 270, 250, 230, 210, 190, 170, 150, 130] [520, 450] 13 0
[550, 550, 550, 550, 550, 550, 550, 550, 550, 550, 550, 550, 550] [390, 370, 350, 330, 310, 290, 270, 250, 230, 210, 190, 170, 150] [520, 450] 13 0
[550, 550, 550, 550, 550, 550, 550, 550, 550, 550, 550, 550, 550] [410, 390, 370, 350, 330, 310, 290, 270, 250, 230, 210, 190, 170] [520, 450] 13 0
[550, 550, 550, 550, 550, 550, 550, 550, 550, 550, 550, 550, 550] [430, 410, 390, 370, 350, 330, 310, 290, 270, 250, 230, 210, 190] [520, 450] 13 0
[530, 550, 550, 550, 550, 550, 550, 550, 550, 550, 550, 550, 550] [430, 430, 410, 390, 370, 350, 330, 310, 290, 270, 250, 230, 210] [520, 450] 13 3
[510, 530, 550, 550, 550, 550, 550, 550, 550, 550, 550, 550, 550] [430, 430, 430, 410, 390, 370, 350, 330, 310, 290, 270, 250, 230] [520, 450] 13 3
[490, 510, 530, 550, 550, 550, 550, 550, 550, 550, 550, 550, 550] [430, 430, 430, 430, 410, 390, 370, 350, 330, 310, 290, 270, 250] [520, 450] 13 3
[490, 490, 510, 530, 550, 550, 550, 550, 550, 550, 550, 550, 550] [450, 430, 430, 430, 430, 410, 390, 370, 350, 330, 310, 290, 270] [520, 450] 13 0
[510, 490, 490, 510, 530, 550, 550, 550, 550, 550, 550, 550, 550] [450, 450, 430, 430, 430, 430, 410, 390, 370, 350, 330, 310, 290] [520, 450] 13 1
[530, 510, 490, 490, 510, 530, 550, 550, 550, 550, 550, 550, 550, 550] [450, 450, 450, 430, 430, 430, 430, 410, 390, 370, 350, 330, 310, 290] [448, 432] 14 1
[530, 530, 510, 490, 490, 510, 530, 550, 550, 550, 550, 550, 550, 550] [470, 450, 450, 450, 430, 430, 430, 430, 410, 390, 370, 350, 330, 310] [448, 432] 14 0
[510, 530, 530, 510, 490, 490, 510, 530, 550, 550, 550, 550, 550, 550] [470, 470, 450, 450, 450, 430, 430, 430, 430, 410, 390, 370, 350, 330] [448, 432] 14 3
[490, 510, 530, 530, 510, 490, 490, 510, 530, 550, 550, 550, 550, 550] [470, 470, 470, 450, 450, 450, 430, 430, 430, 430, 410, 390, 370, 350] [448, 432] 14 3
[470, 490, 510, 530, 530, 510, 490, 490, 510, 530, 550, 550, 550, 550] [470, 470, 470, 470, 450, 450, 450, 430, 430, 430, 430, 410, 390, 370] [448, 432] 14 3
[450, 470, 490, 510, 530, 530, 510, 490, 490, 510, 530, 550, 550, 550] [470, 470, 470, 470, 470, 450, 450, 450, 430, 430, 430, 430, 410, 390] [448, 432] 14 3
[450, 450, 470, 490, 510, 530, 530, 510, 490, 490, 510, 530, 550, 550] [450, 470, 470, 470, 470, 470, 450, 450, 450, 430, 430, 430, 430, 410] [448, 432] 14 2
[450, 450, 450, 470, 490, 510, 530, 530, 510, 490, 490, 510, 530, 550] [430, 450, 470, 470, 470, 470, 470, 450, 450, 450, 430, 430, 430, 430] [448, 432] 14 2
[450, 450, 450, 450, 470, 490, 510, 530, 530, 510, 490, 490, 510, 530, 550] [410, 430, 450, 470, 470, 470, 470, 470, 450, 450, 450, 430, 430, 430, 430] [325, 267] 15 2
[450, 450, 450, 450, 450, 470, 490, 510, 530, 530, 510, 490, 490, 510, 530] [390, 410, 430, 450, 470, 470, 470, 470, 470, 450, 450, 450, 430, 430, 430] [325, 267] 15 2
[450, 450, 450, 450, 450, 450, 470, 490, 510, 530, 530, 510, 490, 490, 510] [370, 390, 410, 430, 450, 470, 470, 470, 470, 470, 450, 450, 450, 430, 430] [325, 267] 15 2
[450, 450, 450, 450, 450, 450, 450, 470, 490, 510, 530, 530, 510, 490, 490] [350, 370, 390, 410, 430, 450, 470, 470, 470, 470, 470, 450, 450, 450, 430] [325, 267] 15 2
[450, 450, 450, 450, 450, 450, 450, 450, 470, 490, 510, 530, 530, 510, 490] [330, 350, 370, 390, 410, 430, 450, 470, 470, 470, 470, 470, 450, 450, 450] [325, 267] 15 2
[450, 450, 450, 450, 450, 450, 450, 450, 450, 470, 490, 510, 530, 530, 510] [310, 330, 350, 370, 390, 410, 430, 450, 470, 470, 470, 470, 470, 450, 450] [325, 267] 15 2
[450, 450, 450, 450, 450, 450, 450, 450, 450, 450, 470, 490, 510, 530, 530] [290, 310, 330, 350, 370, 390, 410, 430, 450, 470, 470, 470, 470, 470, 450] [325, 267] 15 2
[450, 450, 450, 450, 450, 450, 450, 450, 450, 450, 450, 470, 490, 510, 530] [270, 290, 310, 330, 350, 370, 390, 410, 430, 450, 470, 470, 470, 470, 470] [325, 267] 15 2
[430, 450, 450, 450, 450, 450, 450, 450, 450, 450, 450, 450, 470, 490, 510] [270, 270, 290, 310, 330, 350, 370, 390, 410, 430, 450, 470, 470, 470, 470] [325, 267] 15 3
[410, 430, 450, 450, 450, 450, 450, 450, 450, 450, 450, 450, 450, 470, 490] [270, 270, 270, 290, 310, 330, 350, 370, 390, 410, 430, 450, 470, 470, 470] [325, 267] 15 3
[390, 410, 430, 450, 450, 450, 450, 450, 450, 450, 450, 450, 450, 450, 470] [270, 270, 270, 270, 290, 310, 330, 350, 370, 390, 410, 430, 450, 470, 470] [325, 267] 15 3
[370, 390, 410, 430, 450, 450, 450, 450, 450, 450, 450, 450, 450, 450, 450] [270, 270, 270, 270, 270, 290, 310, 330, 350, 370, 390, 410, 430, 450, 470] [325, 267] 15 3
[350, 370, 390, 410, 430, 450, 450, 450, 450, 450, 450, 450, 450, 450, 450] [270, 270, 270, 270, 270, 270, 290, 310, 330, 350, 370, 390, 410, 430, 450] [325, 267] 15 3
[330, 350, 370, 390, 410, 430, 450, 450, 450, 450, 450, 450, 450, 450, 450] [270, 270, 270, 270, 270, 270, 270, 290, 310, 330, 350, 370, 390, 410, 430] [325, 267] 15 3
