[290, 290, 290, 290, 290] [290, 270, 250, 230, 210] [290, 8] 5 0
[310, 290, 290, 290, 290] [290, 290, 270, 250, 230] [290, 8] 5 1
[310, 310, 290, 290, 290] [270, 290, 290, 270, 250] [290, 8] 5 2
[310, 310, 310, 290, 290] [250, 270, 290, 290, 270] [290, 8] 5 2
[310, 310, 310, 310, 290] [230, 250, 270, 290, 290] [290, 8] 5 2
[310, 310, 310, 310, 310] [210, 230, 250, 270, 290] [290, 8] 5 2
[310, 310, 310, 310, 310] [190, 210, 230, 250, 270] [290, 8] 5 2
[310, 310, 310, 310, 310] [170, 190, 210, 230, 250] [290, 8] 5 2
[310, 310, 310, 310, 310] [150, 170, 190, 210, 230] [290, 8] 5 2
[310, 310, 310, 310, 310] [130, 150, 170, 190, 210] [290, 8] 5 2
[310, 310, 310, 310, 310] [110, 130, 150, 170, 190] [290, 8] 5 2
[310, 310, 310, 310, 310] [90, 110, 130, 150, 170] [290, 8] 5 2
[310, 310, 310, 310, 310] [70, 90, 110, 130, 150] [290, 8] 5 2
[310, 310, 310, 310, 310] [50, 70, 90, 110, 130] [290, 8] 5 2
[310, 310, 310, 310, 310] [30, 50, 70, 90, 110] [290, 8] 5 2
[310, 310, 310, 310, 310] [10, 30, 50, 70, 90] [290, 8] 5 2
[290, 310, 310, 310, 310] [10, 10, 30, 50, 70] [290, 8] 5 3
[270, 290, 310, 310, 310, 310] [10, 10, 10, 30, 50, 70] [508, 282] 6 3
[270, 270, 290, 310, 310, 310] [30, 10, 10, 10, 30, 50] [508, 282] 6 0
[270, 270, 270, 290, 310, 310] [50, 30, 10, 10, 10, 30] [508, 282] 6 0
[270, 270, 270, 270, 290, 310] [70, 50, 30, 10, 10, 10] [508, 282] 6 0
[270, 270, 270, 270, 270, 290] [90, 70, 50, 30, 10, 10] [508, 282] 6 0
[270, 270, 270, 270, 270, 270] [110, 90, 70, 50, 30, 10] [508, 282] 6 0
[270, 270, 270, 270, 270, 270] [130, 110, 90, 70, 50, 30] [508, 282] 6 0
[270, 270, 270, 270, 270, 270] [150, 130, 110, 90, 70, 50] [508, 282] 6 0
[270, 270, 270, 270, 270, 270] [170, 150, 130, 110, 90, 70] [508, 282] 6 0
[270, 270, 270, 270, 270, 270] [190, 170, 150, 130, 110, 90] [508, 282] 6 0
[270, 270, 270, 270, 270, 270] [210, 190, 170, 150, 130, 110] [508, 282] 6 0
[270, 270, 270, 270, 270, 270] [230, 210, 190, 170, 150, 130] [508, 282] 6 0
[270, 270, 270, 270, 270, 270] [250, 230, 210, 190, 170, 150] [508, 282] 6 0
[270, 270, 270, 270, 270, 270] [270, 250, 230, 210, 190, 170] [508, 282] 6 0
[290, 270, 270, 270, 270, 270] [270, 270, 250, 230, 210, 190] [508, 282] 6 1
[310, 290, 270, 270, 270, 270] [270, 270, 270, 250, 230, 210] [508, 282] 6 1
[330, 310, 290, 270, 270, 270] [270, 270, 270, 270, 250, 230] [508, 282] 6 1
[350, 330, 310, 290, 270, 270] [270, 270, 270, 270, 270, 250] [508, 282] 6 1
[370, 350, 330, 310, 290, 270] [270, 270, 270, 270, 270, 270] [508, 282] 6 1
[390, 370, 350, 330, 310, 290] [270, 270, 270, 270, 270, 270] [508, 282] 6 1
[410, 390, 370, 350, 330, 310] [270, 270, 270, 270, 270, 270] [508, 282] 6 1
[430, 410, 390, 370, 350, 330] [270, 270, 270, 270, 270, 270] [508, 282] 6 1
[450, 430, 410, 390, 370, 350] [270, 270, 270, 270, 270, 270] [508, 282] 6 1
[470, 450, 430, 410, 390, 370] [270, 270, 270, 270, 270, 270] [508, 282] 6 1
[490, 470, 450, 430, 410, 390] [270, 270, 270, 270, 270, 270] [508, 282] 6 1
[510, 490, 470, 450, 430, 410, 390] [270, 270, 270, 270, 270, 270, 270] [97, 313] 7 1
[530, 510, 490, 470, 450, 430, 410] [270, 270, 270, 270, 270, 270, 270] [97, 313] 7 1
[530, 530, 510, 490, 470, 450, 430] [290, 270, 270, 270, 270, 270, 270] [97, 313] 7 0
[510, 530, 530, 510, 490, 470, 450] [290, 290, 270, 270, 270, 270, 270] [97, 313] 7 3
[510, 510, 530, 530, 510, 490, 470] [310, 290, 290, 270, 270, 270, 270] [97, 313] 7 0
[490, 510, 510, 530, 530, 510, 490] [310, 310, 290, 290, 270, 270, 270] [97, 313] 7 3
[470, 490, 510, 510, 530, 530, 510] [310, 310, 310, 290, 290, 270, 270] [97, 313] 7 3
[450, 470, 490, 510, 510, 530, 530] [310, 310, 310, 310, 290, 290, 270] [97, 313] 7 3
[430, 450, 470, 490, 510, 510, 530] [310, 310, 310, 310, 310, 290, 290] [97, 313] 7 3
[410, 430, 450, 470, 490, 510, 510] [310, 310, 310, 310, 310, 310, 290] [97, 313] 7 3
[390, 410, 430, 450, 470, 490, 510] [310, 310, 310, 310, 310, 310, 310] [97, 313] 7 3
[370, 390, 410, 430, 450, 470, 490] [310, 310, 310, 310, 310, 310, 310] [97, 313] 7 3
[350, 370, 390, 410, 430, 450, 470] [310, 310, 310, 310, 310, 310, 310] [97, 313] 7 3
[330, 350, 370, 390, 410, 430, 450] [310, 310, 310, 310, 310, 310, 310] [97, 313] 7 3
[310, 330, 350, 370, 390, 410, 430] [310, 310, 310, 310, 310, 310, 310] [97, 313] 7 3
[290, 310, 330, 350, 370, 390, 410] [310, 310, 310, 310, 310, 310, 310] [97, 313] 7 3
[270, 290, 310, 330, 350, 370, 390] [310, 310, 310, 310, 310, 310, 310] [97, 313] 7 3
[250, 270, 290, 310, 330, 350, 370] [310, 310, 310, 310, 310, 310, 310] [97, 313] 7 3
[230, 250, 270, 290, 310, 330, 350] [310, 310, 310, 310, 310, 310, 310] [97, 313] 7 3
[210, 230, 250, 270, 290, 310, 330] [310, 310, 310, 310, 310, 310, 310] [97, 313] 7 3
[190, 210, 230, 250, 270, 290, 310] [310, 310, 310, 310, 310, 310, 310] [97, 313] 7 3
[170, 190, 210, 230, 250, 270, 290] [310, 310, 310, 310, 310, 310, 310] [97, 313] 7 3
[150, 170, 190, 210, 230, 250, 270] [310, 310, 310, 310, 310, 310, 310] [97, 313] 7 3
[130, 150, 170, 190, 210, 230, 250] [310, 310, 310, 310, 310, 310, 310] [97, 313] 7 3
[110, 130, 150, 170, 190, 210, 230] [310, 310, 310, 310, 310, 310, 310] [97, 313] 7 3
[90, 110, 130, 150, 170, 190, 210] [310, 310, 310, 310, 310, 310, 310] [97, 313] 7 3
[70, 90, 110, 130, 150, 170, 190, 210] [310, 310, 310, 310, 310, 310, 310, 310] [558, 306] 8 3
[70, 70, 90, 110, 130, 150, 170, 190] [290, 310, 310, 310, 310, 310, 310, 310] [558, 306] 8 2
[90, 70, 70, 90, 110, 130, 150, 170] [290, 290, 310, 310, 310, 310, 310, 310] [558, 306] 8 1
[110, 90, 70, 70, 90, 110, 130, 150] [290, 290, 290, 310, 310, 310, 310, 310] [558, 306] 8 1
[130, 110, 90, 70, 70, 90, 110, 130] [290, 290, 290, 290, 310, 310, 310, 310] [558, 306] 8 1
[150, 130, 110, 90, 70, 70, 90, 110] [290, 290, 290, 290, 290, 310, 310, 310] [558, 306] 8 1
[170, 150, 130, 110, 90, 70, 70, 90] [290, 290, 290, 290, 290, 290, 310, 310] [558, 306] 8 1
[190, 170, 150, 130, 110, 90, 70, 70] [290, 290, 290, 290, 290, 290, 290, 310] [558, 306] 8 1
[210, 190, 170, 150, 130, 110, 90, 70] [290, 290, 290, 290, 290, 290, 290, 290] [558, 306] 8 1
[230, 210, 190, 170, 150, 130, 110, 90] [290, 290, 290, 290, 290, 290, 290, 290] [558, 306] 8 1
[250, 230, 210, 190, 170, 150, 130, 110] [290, 290, 290, 290, 290, 290, 290, 290] [558, 306] 8 1
[270, 250, 230, 210, 190, 170, 150, 130] [290, 290, 290, 290, 290, 290, 290, 290] [558, 306] 8 1
[290, 270, 250, 230, 210, 190, 170, 150] [290, 290, 290, 290, 290, 290, 290, 290] [558, 306] 8 1
[310, 290, 270, 250, 230, 210, 190, 170] [290, 290, 290, 290, 290, 290, 290, 290] [558, 306] 8 1
[330, 310, 290, 270, 250, 230, 210, 190] [290, 290, 290, 290, 290, 290, 290, 290] [558, 306] 8 1
[350, 330, 310, 290, 270, 250, 230, 210] [290, 290, 290, 290, 290, 290, 290, 290] [558, 306] 8 1
[370, 350, 330, 310, 290, 270, 250, 230] [290, 290, 290, 290, 290, 290, 290, 290] [558, 306] 8 1
[390, 370, 350, 330, 310, 290, 270, 250] [290, 290, 290, 290, 290, 290, 290, 290] [558, 306] 8 1
[410, 390, 370, 350, 330, 310, 290, 270] [290, 290, 290, 290, 290, 290, 290, 290] [558, 306] 8 1
[430, 410, 390, 370, 350, 330, 310, 290] [290, 290, 290, 290, 290, 290, 290, 290] [558, 306] 8 1
[450, 430, 410, 390, 370, 350, 330, 310] [290, 290, 290, 290, 290, 290, 290, 290] [558, 306] 8 1
[470, 450, 430, 410, 390, 370, 350, 330] [290, 290, 290, 290, 290, 290, 290, 290] [558, 306] 8 1
[490, 470, 450, 430, 410, 390, 370, 350] [290, 290, 290, 290, 290, 290, 290, 290] [558, 306] 8 1
[510, 490, 470, 450, 430, 410, 390, 370] [290, 290, 290, 290, 290, 290, 290, 290] [558, 306] 8 1
[530, 510, 490, 470, 450, 430, 410, 390] [290, 290, 290, 290, 290, 290, 290, 290] [558, 306] 8 1
[550, 530, 510, 490, 470, 450, 430, 410] [290, 290, 290, 290, 290, 290, 290, 290] [558, 306] 8 1
[550, 550, 530, 510, 490, 470, 450, 430, 410] [310, 290, 290, 290, 290, 290, 290, 290, 290] [173, 164] 9 0
[530, 550, 550, 530, 510, 490, 470, 450, 430] [310, 310, 290, 290, 290, 290, 290, 290, 290] [173, 164] 9 3
[510, 530, 550, 550, 530, 510, 490, 470, 450] [310, 310, 310, 290, 290, 290, 290, 290, 290] [173, 164] 9 3
[490, 510, 530, 550, 550, 530, 510, 490, 470] [310, 310, 310, 310, 290, 290, 290, 290, 290] [173, 164] 9 3
[470, 490, 510, 530, 550, 550, 530, 510, 490] [310, 310, 310, 310, 310, 290, 290, 290, 290] [173, 164] 9 3
[450, 470, 490, 510, 530, 550, 550, 530, 510] [310, 310, 310, 310, 310, 310, 290, 290, 290] [173, 164] 9 3
[430, 450, 470, 490, 510, 530, 550, 550, 530] [310, 310, 310, 310, 310, 310, 310, 290, 290] [173, 164] 9 3
[410, 430, 450, 470, 490, 510, 530, 550, 550] [310, 310, 310, 310, 310, 310, 310, 310, 290] [173, 164] 9 3
[390, 410, 430, 450, 470, 490, 510, 530, 550] [310, 310, 310, 310, 310, 310, 310, 310, 310] [173, 164] 9 3
[370, 390, 410, 430, 450, 470, 490, 510, 530] [310, 310, 310, 310, 310, 310, 310, 310, 310] [173, 164] 9 3
[350, 370, 390, 410, 430, 450, 470, 490, 510] [310, 310, 310, 310, 310, 310, 310, 310, 310] [173, 164] 9 3
[330, 350, 370, 390, 410, 430, 450, 470, 490] [310, 310, 310, 310, 310, 310, 310, 310, 310] [173, 164] 9 3
[310, 330, 350, 370, 390, 410, 430, 450, 470] [310, 310, 310, 310, 310, 310, 310, 310, 310] [173, 164] 9 3
[290, 310, 330, 350, 370, 390, 410, 430, 450] [310, 310, 310, 310, 310, 310, 310, 310, 310] [173, 164] 9 3
[270, 290, 310, 330, 350, 370, 390, 410, 430] [310, 310, 310, 310, 310, 310, 310, 310, 310] [173, 164] 9 3
[250, 270, 290, 310, 330, 350, 370, 390, 410] [310, 310, 310, 310, 310, 310, 310, 310, 310] [173, 164] 9 3
[230, 250, 270, 290, 310, 330, 350, 370, 390] [310, 310, 310, 310, 310, 310, 310, 310, 310] [173, 164] 9 3
[210, 230, 250, 270, 290, 310, 330, 350, 370] [310, 310, 310, 310, 310, 310, 310, 310, 310] [173, 164] 9 3
[190, 210, 230, 250, 270, 290, 310, 330, 350] [310, 310, 310, 310, 310, 310, 310, 310, 310] [173, 164] 9 3
[170, 190, 210, 230, 250, 270, 290, 310, 330] [310, 310, 310, 310, 310, 310, 310, 310, 310] [173, 164] 9 3
[150, 170, 190, 210, 230, 250, 270, 290, 310] [310, 310, 310, 310, 310, 310, 310, 310, 310] [173, 164] 9 3
[150, 150, 170, 190, 210, 230, 250, 270, 290] [290, 310, 310, 310, 310, 310, 310, 310, 310] [173, 164] 9 2
[150, 150, 150, 170, 190, 210, 230, 250, 270] [270, 290, 310, 310, 310, 310, 310, 310, 310] [173, 164] 9 2
[150, 150, 150, 150, 170, 190, 210, 230, 250] [250, 270, 290, 310, 310, 310, 310, 310, 310] [173, 164] 9 2
[150, 150, 150, 150, 150, 170, 190, 210, 230] [230, 250, 270, 290, 310, 310, 310, 310, 310] [173, 164] 9 2
[150, 150, 150, 150, 150, 150, 170, 190, 210] [210, 230, 250, 270, 290, 310, 310, 310, 310] [173, 164] 9 2
[150, 150, 150, 150, 150, 150, 150, 170, 190] [190, 210, 230, 250, 270, 290, 310, 310, 310] [173, 164] 9 2
[150, 150, 150, 150, 150, 150, 150, 150, 170] [170, 190, 210, 230, 250, 270, 290, 310, 310] [173, 164] 9 2
[150, 150, 150, 150, 150, 150, 150, 150, 150] [150, 170, 190, 210, 230, 250, 270, 290, 310] [173, 164] 9 2
[170, 150, 150, 150, 150, 150, 150, 150, 150] [150, 150, 170, 190, 210, 230, 250, 270, 290] [173, 164] 9 1
[190, 170, 150, 150, 150, 150, 150, 150, 150, 150] [150, 150, 150, 170, 190, 210, 230, 250, 270, 290] [156, 161] 10 1
[210, 190, 170, 150, 150, 150, 150, 150, 150, 150] [150, 150, 150, 150, 170, 190, 210, 230, 250, 270] [156, 161] 10 1
[230, 210, 190, 170, 150, 150, 150, 150, 150, 150] [150, 150, 150, 150, 150, 170, 190, 210, 230, 250] [156, 161] 10 1
[250, 230, 210, 190, 170, 150, 150, 150, 150, 150] [150, 150, 150, 150, 150, 150, 170, 190, 210, 230] [156, 161] 10 1
[270, 250, 230, 210, 190, 170, 150, 150, 150, 150] [150, 150, 150, 150, 150, 150, 150, 170, 190, 210] [156, 161] 10 1
[290, 270, 250, 230, 210, 190, 170, 150, 150, 150] [150, 150, 150, 150, 150, 150, 150, 150, 170, 190] [156, 161] 10 1
[310, 290, 270, 250, 230, 210, 190, 170, 150, 150] [150, 150, 150, 150, 150, 150, 150, 150, 150, 170] [156, 161] 10 1
[330, 310, 290, 270, 250, 230, 210, 190, 170, 150] [150, 150, 150, 150, 150, 150, 150, 150, 150, 150] [156, 161] 10 1
[330, 330, 310, 290, 270, 250, 230, 210, 190, 170] [170, 150, 150, 150, 150, 150, 150, 150, 150, 150] [156, 161] 10 0
[310, 330, 330, 310, 290, 270, 250, 230, 210, 190] [170, 170, 150, 150, 150, 150, 150, 150, 150, 150] [156, 161] 10 3
[290, 310, 330, 330, 310, 290, 270, 250, 230, 210] [170, 170, 170, 150, 150, 150, 150, 150, 150, 150] [156, 161] 10 3
[270, 290, 310, 330, 330, 310, 290, 270, 250, 230] [170, 170, 170, 170, 150, 150, 150, 150, 150, 150] [156, 161] 10 3
[250, 270, 290, 310, 330, 330, 310, 290, 270, 250] [170, 170, 170, 170, 170, 150, 150, 150, 150, 150] [156, 161] 10 3
[230, 250, 270, 290, 310, 330, 330, 310, 290, 270] [170, 170, 170, 170, 170, 170, 150, 150, 150, 150] [156, 161] 10 3
[210, 230, 250, 270, 290, 310, 330, 330, 310, 290] [170, 170, 170, 170, 170, 170, 170, 150, 150, 150] [156, 161] 10 3
[190, 210, 230, 250, 270, 290, 310, 330, 330, 310] [170, 170, 170, 170, 170, 170, 170, 170, 150, 150] [156, 161] 10 3
[170, 190, 210, 230, 250, 270, 290, 310, 330, 330] [170, 170, 170, 170, 170, 170, 170, 170, 170, 150] [156, 161] 10 3
[150, 170, 190, 210, 230, 250, 270, 290, 310, 330] [170, 170, 170, 170, 170, 170, 170, 170, 170, 170] [156, 161] 10 3
[130, 150, 170, 190, 210, 230, 250, 270, 290, 310, 330] [170, 170, 170, 170, 170, 170, 170, 170, 170, 170, 170] [476, 91] 11 3
[130, 130, 150, 170, 190, 210, 230, 250, 270, 290, 310] [150, 170, 170, 170, 170, 170, 170, 170, 170, 170, 170] [476, 91] 11 2
[130, 130, 130, 150, 170, 190, 210, 230, 250, 270, 290] [130, 150, 170, 170, 170, 170, 170, 170, 170, 170, 170] [476, 91] 11 2
[130, 130, 130, 130, 150, 170, 190, 210, 230, 250, 270] [110, 130, 150, 170, 170, 170, 170, 170, 170, 170, 170] [476, 91] 11 2
[130, 130, 130, 130, 130, 150, 170, 190, 210, 230, 250] [90, 110, 130, 150, 170, 170, 170, 170, 170, 170, 170] [476, 91] 11 2
[150, 130, 130, 130, 130, 130, 150, 170, 190, 210, 230] [90, 90, 110, 130, 150, 170, 170, 170, 170, 170, 170] [476, 91] 11 1
[170, 150, 130, 130, 130, 130, 130, 150, 170, 190, 210] [90, 90, 90, 110, 130, 150, 170, 170, 170, 170, 170] [476, 91] 11 1
[190, 170, 150, 130, 130, 130, 130, 130, 150, 170, 190] [90, 90, 90, 90, 110, 130, 150, 170, 170, 170, 170] [476, 91] 11 1
[210, 190, 170, 150, 130, 130, 130, 130, 130, 150, 170] [90, 90, 90, 90, 90, 110, 130, 150, 170, 170, 170] [476, 91] 11 1
[230, 210, 190, 170, 150, 130, 130, 130, 130, 130, 150] [90, 90, 90, 90, 90, 90, 110, 130, 150, 170, 170] [476, 91] 11 1
[250, 230, 210, 190, 170, 150, 130, 130, 130, 130, 130] [90, 90, 90, 90, 90, 90, 90, 110, 130, 150, 170] [476, 91] 11 1
[270, 250, 230, 210, 190, 170, 150, 130, 130, 130, 130] [90, 90, 90, 90, 90, 90, 90, 90, 110, 130, 150] [476, 91] 11 1
[290, 270, 250, 230, 210, 190, 170, 150, 130, 130, 130] [90, 90, 90, 90, 90, 90, 90, 90, 90, 110, 130] [476, 91] 11 1
[310, 290, 270, 250, 230, 210, 190, 170, 150, 130, 130] [90, 90, 90, 90, 90, 90, 90, 90, 90, 90, 110] [476, 91] 11 1
[330, 310, 290, 270, 250, 230, 210, 190, 170, 150, 130] [90, 90, 90, 90, 90, 90, 90, 90, 90, 90, 90] [476, 91] 11 1
[350, 330, 310, 290, 270, 250, 230, 210, 190, 170, 150] [90, 90, 90, 90, 90, 90, 90, 90, 90, 90, 90] [476, 91] 11 1
[370, 350, 330, 310, 290, 270, 250, 230, 210, 190, 170] [90, 90, 90, 90, 90, 90, 90, 90, 90, 90, 90] [476, 91] 11 1
[390, 370, 350, 330, 310, 290, 270, 250, 230, 210, 190] [90, 90, 90, 90, 90, 90, 90, 90, 90, 90, 90] [476, 91] 11 1
[410, 390, 370, 350, 330, 310, 290, 270, 250, 230, 210] [90, 90, 90, 90, 90, 90, 90, 90, 90, 90, 90] [476, 91] 11 1
[430, 410, 390, 370, 350, 330, 310, 290, 270, 250, 230] [90, 90, 90, 90, 90, 90, 90, 90, 90, 90, 90] [476, 91] 11 1
[450, 430, 410, 390, 370, 350, 330, 310, 290, 270, 250] [90, 90, 90, 90, 90, 90, 90, 90, 90, 90, 90] [476, 91] 11 1
[470, 450, 430, 410, 390, 370, 350, 330, 310, 290, 270] [90, 90, 90, 90, 90, 90, 90, 90, 90, 90, 90] [476, 91] 11 1
[490, 470, 450, 430, 410, 390, 370, 350, 330, 310, 290, 270] [90, 90, 90, 90, 90, 90, 90, 90, 90, 90, 90, 90] [513, 481] 12 1
[490, 490, 470, 450, 430, 410, 390, 370, 350, 330, 310, 290] [110, 90, 90, 90, 90, 90, 90, 90, 90, 90, 90, 90] [513, 481] 12 0
[510, 490, 490, 470, 450, 430, 410, 390, 370, 350, 330, 310] [110, 110, 90, 90, 90, 90, 90, 90, 90, 90, 90, 90] [513, 481] 12 1
[530, 510, 490, 490, 470, 450, 430, 410, 390, 370, 350, 330] [110, 110, 110, 90, 90, 90, 90, 90, 90, 90, 90, 90] [513, 481] 12 1
[530, 530, 510, 490, 490, 470, 450, 430, 410, 390, 370, 350] [130, 110, 110, 110, 90, 90, 90, 90, 90, 90, 90, 90] [513, 481] 12 0
[530, 530, 530, 510, 490, 490, 470, 450, 430, 410, 390, 370] [150, 130, 110, 110, 110, 90, 90, 90, 90, 90, 90, 90] [513, 481] 12 0
[530, 530, 530, 530, 510, 490, 490, 470, 450, 430, 410, 390] [170, 150, 130, 110, 110, 110, 90, 90, 90, 90, 90, 90] [513, 481] 12 0
[530, 530, 530, 530, 530, 510, 490, 490, 470, 450, 430, 410] [190, 170, 150, 130, 110, 110, 110, 90, 90, 90, 90, 90] [513, 481] 12 0
[530, 530, 530, 530, 530, 530, 510, 490, 490, 470, 450, 430] [210, 190, 170, 150, 130, 110, 110, 110, 90, 90, 90, 90] [513, 481] 12 0
[530, 530, 530, 530, 530, 530, 530, 510, 490, 490, 470, 450] [230, 210, 190, 170, 150, 130, 110, 110, 110, 90, 90, 90] [513, 481] 12 0
[530, 530, 530, 530, 530, 530, 530, 530, 510, 490, 490, 470] [250, 230, 210, 190, 170, 150, 130, 110, 110, 110, 90, 90] [513, 481] 12 0
[530, 530, 530, 530, 530, 530, 530, 530, 530, 510, 490, 490] [270, 250, 230, 210, 190, 170, 150, 130, 110, 110, 110, 90] [513, 481] 12 0
[530, 530, 530, 530, 530, 530, 530, 530, 530, 530, 510, 490] [290, 270, 250, 230, 210, 190, 170, 150, 130, 110, 110, 110] [513, 481] 12 0
[530, 530, 530, 530, 530, 530, 530, 530, 530, 530, 530, 510] [310, 290, 270, 250, 230, 210, 190, 170, 150, 130, 110, 110] [513, 481] 12 0
[530, 530, 530, 530, 530, 530, 530, 530, 530, 530, 530, 530] [330, 310, 290, 270, 250, 230, 210, 190, 170, 150, 130, 110] [513, 481] 12 0
[530, 530, 530, 530, 530, 530, 530, 530, 530, 530, 530, 530] [350, 330, 310, 290, 270, 250, 230, 210, 190, 170, 150, 130] [513, 481] 12 0
[530, 530, 530, 530, 530, 530, 530, 530, 530, 530, 530, 530] [370, 350, 330, 310, 290, 270, 250, 230, 210, 190, 170, 150] [513, 481] 12 0
[530, 530, 530, 530, 530, 530, 530, 530, 530, 530, 530, 530] [390, 370, 350, 330, 310, 290, 270, 250, 230, 210, 190, 170] [513, 481] 12 0
[530, 530, 530, 530, 530, 530, 530, 530, 530, 530, 530, 530] [410, 390, 370, 350, 330, 310, 290, 270, 250, 230, 210, 190] [513, 481] 12 0
[530, 530, 530, 530, 530, 530, 530, 530, 530, 530, 530, 530] [430, 410, 390, 370, 350, 330, 310, 290, 270, 250, 230, 210] [513, 481] 12 0
[530, 530, 530, 530, 530, 530, 530, 530, 530, 530, 530, 530] [450, 430, 410, 390, 370, 350, 330, 310, 290, 270, 250, 230] [513, 481] 12 0
[530, 530, 530, 530, 530, 530, 530, 530, 530, 530, 530, 530] [470, 450, 430, 410, 390, 370, 350, 330, 310, 290, 270, 250] [513, 481] 12 0
[510, 530, 530, 530, 530, 530, 530, 530, 530, 530, 530, 530] [470, 470, 450, 430, 410, 390, 370, 350, 330, 310, 290, 270] [513, 481] 12 3
[490, 510, 530, 530, 530, 530, 530, 530, 530, 530, 530, 530, 530] [470, 470, 470, 450, 430, 410, 390, 370, 350, 330, 310, 290, 270] [181, 512] 13 3
[470, 490, 510, 530, 530, 530, 530, 530, 530, 530, 530, 530, 530] [470, 470, 470, 470, 450, 430, 410, 390, 370, 350, 330, 310, 290] [181, 512] 13 3
[450, 470, 490, 510, 530, 530, 530, 530, 530, 530, 530, 530, 530] [470, 470, 470, 470, 470, 450, 430, 410, 390, 370, 350, 330, 310] [181, 512] 13 3
[430, 450, 470, 490, 510, 530, 530, 530, 530, 530, 530, 530, 530] [470, 470, 470, 470, 470, 470, 450, 430, 410, 390, 370, 350, 330] [181, 512] 13 3
[410, 430, 450, 470, 490, 510, 530, 530, 530, 530, 530, 530, 530] [470, 470, 470, 470, 470, 470, 470, 450, 430, 410, 390, 370, 350] [181, 512] 13 3
[390, 410, 430, 450, 470, 490, 510, 530, 530, 530, 530, 530, 530] [470, 470, 470, 470, 470, 470, 470, 470, 450, 430, 410, 390, 370] [181, 512] 13 3
[370, 390, 410, 430, 450, 470, 490, 510, 530, 530, 530, 530, 530] [470, 470, 470, 470, 470, 470, 470, 470, 470, 450, 430, 410, 390] [181, 512] 13 3
[350, 370, 390, 410, 430, 450, 470, 490, 510, 530, 530, 530, 530] [470, 470, 470, 470, 470, 470, 470, 470, 470, 470, 450, 430, 410] [181, 512] 13 3
[330, 350, 370, 390, 410, 430, 450, 470, 490, 510, 530, 530, 530] [470, 470, 470, 470, 470, 470, 470, 470, 470, 470, 470, 450, 430] [181, 512] 13 3
[310, 330, 350, 370, 390, 410, 430, 450, 470, 490, 510, 530, 530] [470, 470, 470, 470, 470, 470, 470, 470, 470, 470, 470, 470, 450] [181, 512] 13 3
[290, 310, 330, 350, 370, 390, 410, 430, 450, 470, 490, 510, 530] [470, 470, 470, 470, 470, 470, 470, 470, 470, 470, 470, 470, 470] [181, 512] 13 3
[270, 290, 310, 330, 350, 370, 390, 410, 430, 450, 470, 490, 510] [470, 470, 470, 470, 470, 470, 470, 470, 470, 470, 470, 470, 470] [181, 512] 13 3
[250, 270, 290, 310, 330, 350, 370, 390, 410, 430, 450, 470, 490] [470, 470, 470, 470, 470, 470, 470, 470, 470, 470, 470, 470, 470] [181, 512] 13 3
[230, 250, 270, 290, 310, 330, 350, 370, 390, 410, 430, 450, 470] [470, 470, 470, 470, 470, 470, 470, 470, 470, 470, 470, 470, 470] [181, 512] 13 3
[210, 230, 250, 270, 290, 310, 330, 350, 370, 390, 410, 430, 450] [470, 470, 470, 470, 470, 470, 470, 470, 470, 470, 470, 470, 470] [181, 512] 13 3
[190, 210, 230, 250, 270, 290, 310, 330, 350, 370, 390, 410, 430] [470, 470, 470, 470, 470, 470, 470, 470, 470, 470, 470, 470, 470] [181, 512] 13 3
[170, 190, 210, 230, 250, 270, 290, 310, 330, 350, 370, 390, 410] [470, 470, 470, 470, 470, 470, 470, 470, 470, 470, 470, 470, 470] [181, 512] 13 3
[170, 170, 190, 210, 230, 250, 270, 290, 310, 330, 350, 370, 390] [490, 470, 470, 470, 470, 470, 470, 470, 470, 470, 470, 470, 470] [181, 512] 13 0
[170, 170, 170, 190, 210, 230, 250, 270, 290, 310, 330, 350, 370] [510, 490, 470, 470, 470, 470, 470, 470, 470, 470, 470, 470, 470] [181, 512] 13 0
[170, 170, 170, 170, 190, 210, 230, 250, 270, 290, 310, 330, 350, 370] [530, 510, 490, 470, 470, 470, 470, 470, 470, 470, 470, 470, 470, 470] [347, 475] 14 0
[190, 170, 170, 170, 170, 190, 210, 230, 250, 270, 290, 310, 330, 350] [530, 530, 510, 490, 470, 470, 470, 470, 470, 470, 470, 470, 470, 470] [347, 475] 14 1
[210, 190, 170, 170, 170, 170, 190, 210, 230, 250, 270, 290, 310, 330] [530, 530, 530, 510, 490, 470, 470, 470, 470, 470, 470, 470, 470, 470] [347, 475] 14 1
[230, 210, 190, 170, 170, 170, 170, 190, 210, 230, 250, 270, 290, 310] [530, 530, 530, 530, 510, 490, 470, 470, 470, 470, 470, 470, 470, 470] [347, 475] 14 1
[250, 230, 210, 190, 170, 170, 170, 170, 190, 210, 230, 250, 270, 290] [530, 530, 530, 530, 530, 510, 490, 470, 470, 470, 470, 470, 470, 470] [347, 475] 14 1
[270, 250, 230, 210, 190, 170, 170, 170, 170, 190, 210, 230, 250, 270] [530, 530, 530, 530, 530, 530, 510, 490, 470, 470, 470, 470, 470, 470] [347, 475] 14 1
[290, 270, 250, 230, 210, 190, 170, 170, 170, 170, 190, 210, 230, 250] [530, 530, 530, 530, 530, 530, 530, 510, 490, 470, 470, 470, 470, 470] [347, 475] 14 1
[310, 290, 270, 250, 230, 210, 190, 170, 170, 170, 170, 190, 210, 230] [530, 530, 530, 530, 530, 530, 530, 530, 510, 490, 470, 470, 470, 470] [347, 475] 14 1
[330, 310, 290, 270, 250, 230, 210, 190, 170, 170, 170, 170, 190, 210] [530, 530, 530, 530, 530, 530, 530, 530, 530, 510, 490, 470, 470, 470] [347, 475] 14 1
[330, 330, 310, 290, 270, 250, 230, 210, 190, 170, 170, 170, 170, 190] [510, 530, 530, 530, 530, 530, 530, 530, 530, 530, 510, 490, 470, 470] [347, 475] 14 2
[330, 330, 330, 310, 290, 270, 250, 230, 210, 190, 170, 170, 170, 170] [490, 510, 530, 530, 530, 530, 530, 530, 530, 530, 530, 510, 490, 470] [347, 475] 14 2
[330, 330, 330, 330, 310, 290, 270, 250, 230, 210, 190, 170, 170, 170] [470, 490, 510, 530, 530, 530, 530, 530, 530, 530, 530, 530, 510, 490] [347, 475] 14 2
[330, 330, 330, 330, 330, 310, 290, 270, 250, 230, 210, 190, 170, 170, 170] [450, 470, 490, 510, 530, 530, 530, 530, 530, 530, 530, 530, 530, 510, 490] [333, 347] 15 2
[330, 330, 330, 330, 330, 330, 310, 290, 270, 250, 230, 210, 190, 170, 170] [430, 450, 470, 490, 510, 530, 530, 530, 530, 530, 530, 530, 530, 530, 510] [333, 347] 15 2
[330, 330, 330, 330, 330, 330, 330, 310, 290, 270, 250, 230, 210, 190, 170] [410, 430, 450, 470, 490, 510, 530, 530, 530, 530, 530, 530, 530, 530, 530] [333, 347] 15 2
[330, 330, 330, 330, 330, 330, 330, 330, 310, 290, 270, 250, 230, 210, 190] [390, 410, 430, 450, 470, 490, 510, 530, 530, 530, 530, 530, 530, 530, 530] [333, 347] 15 2
[330, 330, 330, 330, 330, 330, 330, 330, 330, 310, 290, 270, 250, 230, 210] [370, 390, 410, 430, 450, 470, 490, 510, 530, 530, 530, 530, 530, 530, 530] [333, 347] 15 2
[330, 330, 330, 330, 330, 330, 330, 330, 330, 330, 310, 290, 270, 250, 230] [350, 370, 390, 410, 430, 450, 470, 490, 510, 530, 530, 530, 530, 530, 530] [333, 347] 15 2
