[290, 290, 290, 290, 290] [290, 270, 250, 230, 210] [71, 544] 5 0
[290, 290, 290, 290, 290] [310, 290, 270, 250, 230] [71, 544] 5 0
[290, 290, 290, 290, 290] [330, 310, 290, 270, 250] [71, 544] 5 0
[290, 290, 290, 290, 290] [350, 330, 310, 290, 270] [71, 544] 5 0
[290, 290, 290, 290, 290] [370, 350, 330, 310, 290] [71, 544] 5 0
[290, 290, 290, 290, 290] [390, 370, 350, 330, 310] [71, 544] 5 0
[290, 290, 290, 290, 290] [410, 390, 370, 350, 330] [71, 544] 5 0
[290, 290, 290, 290, 290] [430, 410, 390, 370, 350] [71, 544] 5 0
[290, 290, 290, 290, 290] [450, 430, 410, 390, 370] [71, 544] 5 0
[290, 290, 290, 290, 290] [470, 450, 430, 410, 390] [71, 544] 5 0
[290, 290, 290, 290, 290] [490, 470, 450, 430, 410] [71, 544] 5 0
[290, 290, 290, 290, 290] [510, 490, 470, 450, 430] [71, 544] 5 0
[290, 290, 290, 290, 290] [530, 510, 490, 470, 450] [71, 544] 5 0
[270, 290, 290, 290, 290] [530, 530, 510, 490, 470] [71, 544] 5 3
[250, 270, 290, 290, 290] [530, 530, 530, 510, 490] [71, 544] 5 3
[230, 250, 270, 290, 290] [530, 530, 530, 530, 510] [71, 544] 5 3
[210, 230, 250, 270, 290] [530, 530, 530, 530, 530] [71, 544] 5 3
[190, 210, 230, 250, 270] [530, 530, 530, 530, 530] [71, 544] 5 3
[170, 190, 210, 230, 250] [530, 530, 530, 530, 530] [71, 544] 5 3
[150, 170, 190, 210, 230] [530, 530, 530, 530, 530] [71, 544] 5 3
[130, 150, 170, 190, 210] [530, 530, 530, 530, 530] [71, 544] 5 3
[110, 130, 150, 170, 190] [530, 530, 530, 530, 530] [71, 544] 5 3
[90, 110, 130, 150, 170] [530, 530, 530, 530, 530] [71, 544] 5 3
[70, 90, 110, 130, 150] [530, 530, 530, 530, 530] [71, 544] 5 3
[70, 70, 90, 110, 130, 150] [510, 530, 530, 530, 530, 530] [63, 324] 6 2
[70, 70, 70, 90, 110, 130] [490, 510, 530, 530, 530, 530] [63, 324] 6 2
[70, 70, 70, 70, 90, 110] [470, 490, 510, 530, 530, 530] [63, 324] 6 2
[70, 70, 70, 70, 70, 90] [450, 470, 490, 510, 530, 530] [63, 324] 6 2
[70, 70, 70, 70, 70, 70] [430, 450, 470, 490, 510, 530] [63, 324] 6 2
[70, 70, 70, 70, 70, 70] [410, 430, 450, 470, 490, 510] [63, 324] 6 2
[70, 70, 70, 70, 70, 70] [390, 410, 430, 450, 470, 490] [63, 324] 6 2
[70, 70, 70, 70, 70, 70] [370, 390, 410, 430, 450, 470] [63, 324] 6 2
[70, 70, 70, 70, 70, 70] [350, 370, 390, 410, 430, 450] [63, 324] 6 2
[70, 70, 70, 70, 70, 70] [330, 350, 370, 390, 410, 430] [63, 324] 6 2
[70, 70, 70, 70, 70, 70, 70] [310, 330, 350, 370, 390, 410, 430] [369, 95] 7 2
[70, 70, 70, 70, 70, 70, 70] [290, 310, 330, 350, 370, 390, 410] [369, 95] 7 2
[70, 70, 70, 70, 70, 70, 70] [270, 290, 310, 330, 350, 370, 390] [369, 95] 7 2
[70, 70, 70, 70, 70, 70, 70] [250, 270, 290, 310, 330, 350, 370] [369, 95] 7 2
[70, 70, 70, 70, 70, 70, 70] [230, 250, 270, 290, 310, 330, 350] [369, 95] 7 2
[70, 70, 70, 70, 70, 70, 70] [210, 230, 250, 270, 290, 310, 330] [369, 95] 7 2
[70, 70, 70, 70, 70, 70, 70] [190, 210, 230, 250, 270, 290, 310] [369, 95] 7 2
[70, 70, 70, 70, 70, 70, 70] [170, 190, 210, 230, 250, 270, 290] [369, 95] 7 2
[70, 70, 70, 70, 70, 70, 70] [150, 170, 190, 210, 230, 250, 270] [369, 95] 7 2
[70, 70, 70, 70, 70, 70, 70] [130, 150, 170, 190, 210, 230, 250] [369, 95] 7 2
[70, 70, 70, 70, 70, 70, 70] [110, 130, 150, 170, 190, 210, 230] [369, 95] 7 2
[70, 70, 70, 70, 70, 70, 70] [90, 110, 130, 150, 170, 190, 210] [369, 95] 7 2
[90, 70, 70, 70, 70, 70, 70] [90, 90, 110, 130, 150, 170, 190] [369, 95] 7 1
[110, 90, 70, 70, 70, 70, 70] [90, 90, 90, 110, 130, 150, 170] [369, 95] 7 1
[130, 110, 90, 70, 70, 70, 70] [90, 90, 90, 90, 110, 130, 150] [369, 95] 7 1
[150, 130, 110, 90, 70, 70, 70] [90, 90, 90, 90, 90, 110, 130] [369, 95] 7 1
[170, 150, 130, 110, 90, 70, 70] [90, 90, 90, 90, 90, 90, 110] [369, 95] 7 1
[190, 170, 150, 130, 110, 90, 70] [90, 90, 90, 90, 90, 90, 90] [369, 95] 7 1
[210, 190, 170, 150, 130, 110, 90] [90, 90, 90, 90, 90, 90, 90] [369, 95] 7 1
[230, 210, 190, 170, 150, 130, 110] [90, 90, 90, 90, 90, 90, 90] [369, 95] 7 1
[250, 230, 210, 190, 170, 150, 130] [90, 90, 90, 90, 90, 90, 90] [369, 95] 7 1
[270, 250, 230, 210, 190, 170, 150] [90, 90, 90, 90, 90, 90, 90] [369, 95] 7 1
[290, 270, 250, 230, 210, 190, 170] [90, 90, 90, 90, 90, 90, 90] [369, 95] 7 1
[310, 290, 270, 250, 230, 210, 190] [90, 90, 90, 90, 90, 90, 90] [369, 95] 7 1
[330, 310, 290, 270, 250, 230, 210] [90, 90, 90, 90, 90, 90, 90] [369, 95] 7 1
[350, 330, 310, 290, 270, 250, 230] [90, 90, 90, 90, 90, 90, 90] [369, 95] 7 1
[370, 350, 330, 310, 290, 270, 250, 230] [90, 90, 90, 90, 90, 90, 90, 90] [435, 384] 8 1
[390, 370, 350, 330, 310, 290, 270, 250] [90, 90, 90, 90, 90, 90, 90, 90] [435, 384] 8 1
[410, 390, 370, 350, 330, 310, 290, 270] [90, 90, 90, 90, 90, 90, 90, 90] [435, 384] 8 1
[430, 410, 390, 370, 350, 330, 310, 290] [90, 90, 90, 90, 90, 90, 90, 90] [435, 384] 8 1
[430, 430, 410, 390, 370, 350, 330, 310] [110, 90, 90, 90, 90, 90, 90, 90] [435, 384] 8 0
[430, 430, 430, 410, 390, 370, 350, 330] [130, 110, 90, 90, 90, 90, 90, 90] [435, 384] 8 0
[430, 430, 430, 430, 410, 390, 370, 350] [150, 130, 110, 90, 90, 90, 90, 90] [435, 384] 8 0
[430, 430, 430, 430, 430, 410, 390, 370] [170, 150, 130, 110, 90, 90, 90, 90] [435, 384] 8 0
[430, 430, 430, 430, 430, 430, 410, 390] [190, 170, 150, 130, 110, 90, 90, 90] [435, 384] 8 0
[430, 430, 430, 430, 430, 430, 430, 410] [210, 190, 170, 150, 130, 110, 90, 90] [435, 384] 8 0
[430, 430, 430, 430, 430, 430, 430, 430] [230, 210, 190, 170, 150, 130, 110, 90] [435, 384] 8 0
[430, 430, 430, 430, 430, 430, 430, 430] [250, 230, 210, 190, 170, 150, 130, 110] [435, 384] 8 0
[430, 430, 430, 430, 430, 430, 430, 430] [270, 250, 230, 210, 190, 170, 150, 130] [435, 384] 8 0
[430, 430, 430, 430, 430, 430, 430, 430] [290, 270, 250, 230, 210, 190, 170, 150] [435, 384] 8 0
[430, 430, 430, 430, 430, 430, 430, 430] [310, 290, 270, 250, 230, 210, 190, 170] [435, 384] 8 0
[430, 430, 430, 430, 430, 430, 430, 430] [330, 310, 290, 270, 250, 230, 210, 190] [435, 384] 8 0
[430, 430, 430, 430, 430, 430, 430, 430] [350, 330, 310, 290, 270, 250, 230, 210] [435, 384] 8 0
[430, 430, 430, 430, 430, 430, 430, 430] [370, 350, 330, 310, 290, 270, 250, 230] [435, 384] 8 0
[430, 430, 430, 430, 430, 430, 430, 430, 430] [390, 370, 350, 330, 310, 290, 270, 250, 230] [518, 563] 9 0
[430, 430, 430, 430, 430, 430, 430, 430, 430] [410, 390, 370, 350, 330, 310, 290, 270, 250] [518, 563] 9 0
[430, 430, 430, 430, 430, 430, 430, 430, 430] [430, 410, 390, 370, 350, 330, 310, 290, 270] [518, 563] 9 0
[430, 430, 430, 430, 430, 430, 430, 430, 430] [450, 430, 410, 390, 370, 350, 330, 310, 290] [518, 563] 9 0
[430, 430, 430, 430, 430, 430, 430, 430, 430] [470, 450, 430, 410, 390, 370, 350, 330, 310] [518, 563] 9 0
[430, 430, 430, 430, 430, 430, 430, 430, 430] [490, 470, 450, 430, 410, 390, 370, 350, 330] [518, 563] 9 0
[430, 430, 430, 430, 430, 430, 430, 430, 430] [510, 490, 470, 450, 430, 410, 390, 370, 350] [518, 563] 9 0
[430, 430, 430, 430, 430, 430, 430, 430, 430] [530, 510, 490, 470, 450, 430, 410, 390, 370] [518, 563] 9 0
[430, 430, 430, 430, 430, 430, 430, 430, 430] [550, 530, 510, 490, 470, 450, 430, 410, 390] [518, 563] 9 0
[430, 430, 430, 430, 430, 430, 430, 430, 430] [570, 550, 530, 510, 490, 470, 450, 430, 410] [518, 563] 9 0
[450, 430, 430, 430, 430, 430, 430, 430, 430] [570, 570, 550, 530, 510, 490, 470, 450, 430] [518, 563] 9 1
[470, 450, 430, 430, 430, 430, 430, 430, 430] [570, 570, 570, 550, 530, 510, 490, 470, 450] [518, 563] 9 1
[490, 470, 450, 430, 430, 430, 430, 430, 430] [570, 570, 570, 570, 550, 530, 510, 490, 470] [518, 563] 9 1
[510, 490, 470, 450, 430, 430, 430, 430, 430] [570, 570, 570, 570, 570, 550, 530, 510, 490] [518, 563] 9 1
[510, 510, 490, 470, 450, 430, 430, 430, 430, 430] [550, 570, 570, 570, 570, 570, 550, 530, 510, 490] [120, 326] 10 2
[510, 510, 510, 490, 470, 450, 430, 430, 430, 430] [530, 550, 570, 570, 570, 570, 570, 550, 530, 510] [120, 326] 10 2
[510, 510, 510, 510, 490, 470, 450, 430, 430, 430] [510, 530, 550, 570, 570, 570, 570, 570, 550, 530] [120, 326] 10 2
[510, 510, 510, 510, 510, 490, 470, 450, 430, 430] [490, 510, 530, 550, 570, 570, 570, 570, 570, 550] [120, 326] 10 2
[510, 510, 510, 510, 510, 510, 490, 470, 450, 430] [470, 490, 510, 530, 550, 570, 570, 570, 570, 570] [120, 326] 10 2
[510, 510, 510, 510, 510, 510, 510, 490, 470, 450] [450, 470, 490, 510, 530, 550, 570, 570, 570, 570] [120, 326] 10 2
[510, 510, 510, 510, 510, 510, 510, 510, 490, 470] [430, 450, 470, 490, 510, 530, 550, 570, 570, 570] [120, 326] 10 2
[510, 510, 510, 510, 510, 510, 510, 510, 510, 490] [410, 430, 450, 470, 490, 510, 530, 550, 570, 570] [120, 326] 10 2
[510, 510, 510, 510, 510, 510, 510, 510, 510, 510] [390, 410, 430, 450, 470, 490, 510, 530, 550, 570] [120, 326] 10 2
[510, 510, 510, 510, 510, 510, 510, 510, 510, 510] [370, 390, 410, 430, 450, 470, 490, 510, 530, 550] [120, 326] 10 2
[510, 510, 510, 510, 510, 510, 510, 510, 510, 510] [350, 370, 390, 410, 430, 450, 470, 490, 510, 530] [120, 326] 10 2
[510, 510, 510, 510, 510, 510, 510, 510, 510, 510] [330, 350, 370, 390, 410, 430, 450, 470, 490, 510] [120, 326] 10 2
[510, 510, 510, 510, 510, 510, 510, 510, 510, 510] [310, 330, 350, 370, 390, 410, 430, 450, 470, 490] [120, 326] 10 2
[490, 510, 510, 510, 510, 510, 510, 510, 510, 510] [310, 310, 330, 350, 370, 390, 410, 430, 450, 470] [120, 326] 10 3
[470, 490, 510, 510, 510, 510, 510, 510, 510, 510] [310, 310, 310, 330, 350, 370, 390, 410, 430, 450] [120, 326] 10 3
[450, 470, 490, 510, 510, 510, 510, 510, 510, 510] [310, 310, 310, 310, 330, 350, 370, 390, 410, 430] [120, 326] 10 3
[430, 450, 470, 490, 510, 510, 510, 510, 510, 510] [310, 310, 310, 310, 310, 330, 350, 370, 390, 410] [120, 326] 10 3
[410, 430, 450, 470, 490, 510, 510, 510, 510, 510] [310, 310, 310, 310, 310, 310, 330, 350, 370, 390] [120, 326] 10 3
[390, 410, 430, 450, 470, 490, 510, 510, 510, 510] [310, 310, 310, 310, 310, 310, 310, 330, 350, 370] [120, 326] 10 3
[370, 390, 410, 430, 450, 470, 490, 510, 510, 510] [310, 310, 310, 310, 310, 310, 310, 310, 330, 350] [120, 326] 10 3
[350, 370, 390, 410, 430, 450, 470, 490, 510, 510] [310, 310, 310, 310, 310, 310, 310, 310, 310, 330] [120, 326] 10 3
[330, 350, 370, 390, 410, 430, 450, 470, 490, 510] [310, 310, 310, 310, 310, 310, 310, 310, 310, 310] [120, 326] 10 3
[310, 330, 350, 370, 390, 410, 430, 450, 470, 490] [310, 310, 310, 310, 310, 310, 310, 310, 310, 310] [120, 326] 10 3
[290, 310, 330, 350, 370, 390, 410, 430, 450, 470] [310, 310, 310, 310, 310, 310, 310, 310, 310, 310] [120, 326] 10 3
[270, 290, 310, 330, 350, 370, 390, 410, 430, 450] [310, 310, 310, 310, 310, 310, 310, 310, 310, 310] [120, 326] 10 3
[250, 270, 290, 310, 330, 350, 370, 390, 410, 430] [310, 310, 310, 310, 310, 310, 310, 310, 310, 310] [120, 326] 10 3
[230, 250, 270, 290, 310, 330, 350, 370, 390, 410] [310, 310, 310, 310, 310, 310, 310, 310, 310, 310] [120, 326] 10 3
[210, 230, 250, 270, 290, 310, 330, 350, 370, 390] [310, 310, 310, 310, 310, 310, 310, 310, 310, 310] [120, 326] 10 3
[190, 210, 230, 250, 270, 290, 310, 330, 350, 370] [310, 310, 310, 310, 310, 310, 310, 310, 310, 310] [120, 326] 10 3
[170, 190, 210, 230, 250, 270, 290, 310, 330, 350] [310, 310, 310, 310, 310, 310, 310, 310, 310, 310] [120, 326] 10 3
[150, 170, 190, 210, 230, 250, 270, 290, 310, 330] [310, 310, 310, 310, 310, 310, 310, 310, 310, 310] [120, 326] 10 3
[130, 150, 170, 190, 210, 230, 250, 270, 290, 310] [310, 310, 310, 310, 310, 310, 310, 310, 310, 310] [120, 326] 10 3
[110, 130, 150, 170, 190, 210, 230, 250, 270, 290] [310, 310, 310, 310, 310, 310, 310, 310, 310, 310] [120, 326] 10 3
[90, 110, 130, 150, 170, 190, 210, 230, 250, 270, 290] [310, 310, 310, 310, 310, 310, 310, 310, 310, 310, 310] [193, 166] 11 3
[70, 90, 110, 130, 150, 170, 190, 210, 230, 250, 270] [310, 310, 310, 310, 310, 310, 310, 310, 310, 310, 310] [193, 166] 11 3
[70, 70, 90, 110, 130, 150, 170, 190, 210, 230, 250] [290, 310, 310, 310, 310, 310, 310, 310, 310, 310, 310] [193, 166] 11 2
[70, 70, 70, 90, 110, 130, 150, 170, 190, 210, 230] [270, 290, 310, 310, 310, 310, 310, 310, 310, 310, 310] [193, 166] 11 2
[70, 70, 70, 70, 90, 110, 130, 150, 170, 190, 210] [250, 270, 290, 310, 310, 310, 310, 310, 310, 310, 310] [193, 166] 11 2
[70, 70, 70, 70, 70, 90, 110, 130, 150, 170, 190] [230, 250, 270, 290, 310, 310, 310, 310, 310, 310, 310] [193, 166] 11 2
[70, 70, 70, 70, 70, 70, 90, 110, 130, 150, 170] [210, 230, 250, 270, 290, 310, 310, 310, 310, 310, 310] [193, 166] 11 2
[70, 70, 70, 70, 70, 70, 70, 90, 110, 130, 150] [190, 210, 230, 250, 270, 290, 310, 310, 310, 310, 310] [193, 166] 11 2
[70, 70, 70, 70, 70, 70, 70, 70, 90, 110, 130] [170, 190, 210, 230, 250, 270, 290, 310, 310, 310, 310] [193, 166] 11 2
[90, 70, 70, 70, 70, 70, 70, 70, 70, 90, 110] [170, 170, 190, 210, 230, 250, 270, 290, 310, 310, 310] [193, 166] 11 1
[110, 90, 70, 70, 70, 70, 70, 70, 70, 70, 90] [170, 170, 170, 190, 210, 230, 250, 270, 290, 310, 310] [193, 166] 11 1
[130, 110, 90, 70, 70, 70, 70, 70, 70, 70, 70] [170, 170, 170, 170, 190, 210, 230, 250, 270, 290, 310] [193, 166] 11 1
[150, 130, 110, 90, 70, 70, 70, 70, 70, 70, 70] [170, 170, 170, 170, 170, 190, 210, 230, 250, 270, 290] [193, 166] 11 1
[170, 150, 130, 110, 90, 70, 70, 70, 70, 70, 70] [170, 170, 170, 170, 170, 170, 190, 210, 230, 250, 270] [193, 166] 11 1
[190, 170, 150, 130, 110, 90, 70, 70, 70, 70, 70] [170, 170, 170, 170, 170, 170, 170, 190, 210, 230, 250] [193, 166] 11 1
[210, 190, 170, 150, 130, 110, 90, 70, 70, 70, 70, 70] [170, 170, 170, 170, 170, 170, 170, 170, 190, 210, 230, 250] [523, 443] 12 1
[230, 210, 190, 170, 150, 130, 110, 90, 70, 70, 70, 70] [170, 170, 170, 170, 170, 170, 170, 170, 170, 190, 210, 230] [523, 443] 12 1
[250, 230, 210, 190, 170, 150, 130, 110, 90, 70, 70, 70] [170, 170, 170, 170, 170, 170, 170, 170, 170, 170, 190, 210] [523, 443] 12 1
[270, 250, 230, 210, 190, 170, 150, 130, 110, 90, 70, 70] [170, 170, 170, 170, 170, 170, 170, 170, 170, 170, 170, 190] [523, 443] 12 1
[290, 270, 250, 230, 210, 190, 170, 150, 130, 110, 90, 70] [170, 170, 170, 170, 170, 170, 170, 170, 170, 170, 170, 170] [523, 443] 12 1
[310, 290, 270, 250, 230, 210, 190, 170, 150, 130, 110, 90] [170, 170, 170, 170, 170, 170, 170, 170, 170, 170, 170, 170] [523, 443] 12 1
[330, 310, 290, 270, 250, 230, 210, 190, 170, 150, 130, 110] [170, 170, 170, 170, 170, 170, 170, 170, 170, 170, 170, 170] [523, 443] 12 1
[350, 330, 310, 290, 270, 250, 230, 210, 190, 170, 150, 130] [170, 170, 170, 170, 170, 170, 170, 170, 170, 170, 170, 170] [523, 443] 12 1
[370, 350, 330, 310, 290, 270, 250, 230, 210, 190, 170, 150] [170, 170, 170, 170, 170, 170, 170, 170, 170, 170, 170, 170] [523, 443] 12 1
[390, 370, 350, 330, 310, 290, 270, 250, 230, 210, 190, 170] [170, 170, 170, 170, 170, 170, 170, 170, 170, 170, 170, 170] [523, 443] 12 1
[410, 390, 370, 350, 330, 310, 290, 270, 250, 230, 210, 190] [170, 170, 170, 170, 170, 170, 170, 170, 170, 170, 170, 170] [523, 443] 12 1
[430, 410, 390, 370, 350, 330, 310, 290, 270, 250, 230, 210] [170, 170, 170, 170, 170, 170, 170, 170, 170, 170, 170, 170] [523, 443] 12 1
[450, 430, 410, 390, 370, 350, 330, 310, 290, 270, 250, 230] [170, 170, 170, 170, 170, 170, 170, 170, 170, 170, 170, 170] [523, 443] 12 1
[470, 450, 430, 410, 390, 370, 350, 330, 310, 290, 270, 250] [170, 170, 170, 170, 170, 170, 170, 170, 170, 170, 170, 170] [523, 443] 12 1
[490, 470, 450, 430, 410, 390, 370, 350, 330, 310, 290, 270] [170, 170, 170, 170, 170, 170, 170, 170, 170, 170, 170, 170] [523, 443] 12 1
[510, 490, 470, 450, 430, 410, 390, 370, 350, 330, 310, 290] [170, 170, 170, 170, 170, 170, 170, 170, 170, 170, 170, 170] [523, 443] 12 1
[530, 510, 490, 470, 450, 430, 410, 390, 370, 350, 330, 310] [170, 170, 170, 170, 170, 170, 170, 170, 170, 170, 170, 170] [523, 443] 12 1
[530, 530, 510, 490, 470, 450, 430, 410, 390, 370, 350, 330] [190, 170, 170, 170, 170, 170, 170, 170, 170, 170, 170, 170] [523, 443] 12 0
[530, 530, 530, 510, 490, 470, 450, 430, 410, 390, 370, 350] [210, 190, 170, 170, 170, 170, 170, 170, 170, 170, 170, 170] [523, 443] 12 0
[530, 530, 530, 530, 510, 490, 470, 450, 430, 410, 390, 370] [230, 210, 190, 170, 170, 170, 170, 170, 170, 170, 170, 170] [523, 443] 12 0
[530, 530, 530, 530, 530, 510, 490, 470, 450, 430, 410, 390] [250, 230, 210, 190, 170, 170, 170, 170, 170, 170, 170, 170] [523, 443] 12 0
[530, 530, 530, 530, 530, 530, 510, 490, 470, 450, 430, 410] [270, 250, 230, 210, 190, 170, 170, 170, 170, 170, 170, 170] [523, 443] 12 0
[530, 530, 530, 530, 530, 530, 530, 510, 490, 470, 450, 430] [290, 270, 250, 230, 210, 190, 170, 170, 170, 170, 170, 170] [523, 443] 12 0
[530, 530, 530, 530, 530, 530, 530, 530, 510, 490, 470, 450] [310, 290, 270, 250, 230, 210, 190, 170, 170, 170, 170, 170] [523, 443] 12 0
[530, 530, 530, 530, 530, 530, 530, 530, 530, 510, 490, 470] [330, 310, 290, 270, 250, 230, 210, 190, 170, 170, 170, 170] [523, 443] 12 0
[530, 530, 530, 530, 530, 530, 530, 530, 530, 530, 510, 490] [350, 330, 310, 290, 270, 250, 230, 210, 190, 170, 170, 170] [523, 443] 12 0
[530, 530, 530, 530, 530, 530, 530, 530, 530, 530, 530, 510] [370, 350, 330, 310, 290, 270, 250, 230, 210, 190, 170, 170] [523, 443] 12 0
[530, 530, 530, 530, 530, 530, 530, 530, 530, 530, 530, 530] [390, 370, 350, 330, 310, 290, 270, 250, 230, 210, 190, 170] [523, 443] 12 0
[530, 530, 530, 530, 530, 530, 530, 530, 530, 530, 530, 530] [410, 390, 370, 350, 330, 310, 290, 270, 250, 230, 210, 190] [523, 443] 12 0
[530, 530, 530, 530, 530, 530, 530, 530, 530, 530, 530, 530] [430, 410, 390, 370, 350, 330, 310, 290, 270, 250, 230, 210] [523, 443] 12 0
[530, 530, 530, 530, 530, 530, 530, 530, 530, 530, 530, 530, 530] [450, 430, 410, 390, 370, 350, 330, 310, 290, 270, 250, 230, 210] [421, 77] 13 0
[510, 530, 530, 530, 530, 530, 530, 530, 530, 530, 530, 530, 530] [450, 450, 430, 410, 390, 370, 350, 330, 310, 290, 270, 250, 230] [421, 77] 13 3
[490, 510, 530, 530, 530, 530, 530, 530, 530, 530, 530, 530, 530] [450, 450, 450, 430, 410, 390, 370, 350, 330, 310, 290, 270, 250] [421, 77] 13 3
[470, 490, 510, 530, 530, 530, 530, 530, 530, 530, 530, 530, 530] [450, 450, 450, 450, 430, 410, 390, 370, 350, 330, 310, 290, 270] [421, 77] 13 3
[450, 470, 490, 510, 530, 530, 530, 530, 530, 530, 530, 530, 530] [450, 450, 450, 450, 450, 430, 410, 390, 370, 350, 330, 310, 290] [421, 77] 13 3
[430, 450, 470, 490, 510, 530, 530, 530, 530, 530, 530, 530, 530] [450, 450, 450, 450, 450, 450, 430, 410, 390, 370, 350, 330, 310] [421, 77] 13 3
[410, 430, 450, 470, 490, 510, 530, 530, 530, 530, 530, 530, 530] [450, 450, 450, 450, 450, 450, 450, 430, 410, 390, 370, 350, 330] [421, 77] 13 3
[410, 410, 430, 450, 470, 490, 510, 530, 530, 530, 530, 530, 530] [430, 450, 450, 450, 450, 450, 450, 450, 430, 410, 390, 370, 350] [421, 77] 13 2
[410, 410, 410, 430, 450, 470, 490, 510, 530, 530, 530, 530, 530] [410, 430, 450, 450, 450, 450, 450, 450, 450, 430, 410, 390, 370] [421, 77] 13 2
[410, 410, 410, 410, 430, 450, 470, 490, 510, 530, 530, 530, 530] [390, 410, 430, 450, 450, 450, 450, 450, 450, 450, 430, 410, 390] [421, 77] 13 2
[410, 410, 410, 410, 410, 430, 450, 470, 490, 510, 530, 530, 530] [370, 390, 410, 430, 450, 450, 450, 450, 450, 450, 450, 430, 410] [421, 77] 13 2
[410, 410, 410, 410, 410, 410, 430, 450, 470, 490, 510, 530, 530] [350, 370, 390, 410, 430, 450, 450, 450, 450, 450, 450, 450, 430] [421, 77] 13 2
[410, 410, 410, 410, 410, 410, 410, 430, 450, 470, 490, 510, 530] [330, 350, 370, 390, 410, 430, 450, 450, 450, 450, 450, 450, 450] [421, 77] 13 2
[410, 410, 410, 410, 410, 410, 410, 410, 430, 450, 470, 490, 510] [310, 330, 350, 370, 390, 410, 430, 450, 450, 450, 450, 450, 450] [421, 77] 13 2
[410, 410, 410, 410, 410, 410, 410, 410, 410, 430, 450, 470, 490] [290, 310, 330, 350, 370, 390, 410, 430, 450, 450, 450, 450, 450] [421, 77] 13 2
[410, 410, 410, 410, 410, 410, 410, 410, 410, 410, 430, 450, 470] [270, 290, 310, 330, 350, 370, 390, 410, 430, 450, 450, 450, 450] [421, 77] 13 2
[410, 410, 410, 410, 410, 410, 410, 410, 410, 410, 410, 430, 450] [250, 270, 290, 310, 330, 350, 370, 390, 410, 430, 450, 450, 450] [421, 77] 13 2
[410, 410, 410, 410, 410, 410, 410, 410, 410, 410, 410, 410, 430] [230, 250, 270, 290, 310, 330, 350, 370, 390, 410, 430, 450, 450] [421, 77] 13 2
[410, 410, 410, 410, 410, 410, 410, 410, 410, 410, 410, 410, 410] [210, 230, 250, 270, 290, 310, 330, 350, 370, 390, 410, 430, 450] [421, 77] 13 2
[410, 410, 410, 410, 410, 410, 410, 410, 410, 410, 410, 410, 410] [190, 210, 230, 250, 270, 290, 310, 330, 350, 370, 390, 410, 430] [421, 77] 13 2
[410, 410, 410, 410, 410, 410, 410, 410, 410, 410, 410, 410, 410] [170, 190, 210, 230, 250, 270, 290, 310, 330, 350, 370, 390, 410] [421, 77] 13 2
[410, 410, 410, 410, 410, 410, 410, 410, 410, 410, 410, 410, 410] [150, 170, 190, 210, 230, 250, 270, 290, 310, 330, 350, 370, 390] [421, 77] 13 2
[410, 410, 410, 410, 410, 410, 410, 410, 410, 410, 410, 410, 410] [130, 150, 170, 190, 210, 230, 250, 270, 290, 310, 330, 350, 370] [421, 77] 13 2
[410, 410, 410, 410, 410, 410, 410, 410, 410, 410, 410, 410, 410] [110, 130, 150, 170, 190, 210, 230, 250, 270, 290, 310, 330, 350] [421, 77] 13 2
[410, 410, 410, 410, 410, 410, 410, 410, 410, 410, 410, 410, 410] [90, 110, 130, 150, 170, 190, 210, 230, 250, 270, 290, 310, 330] [421, 77] 13 2
[410, 410, 410, 410, 410, 410, 410, 410, 410, 410, 410, 410, 410] [70, 90, 110, 130, 150, 170, 190, 210, 230, 250, 270, 290, 310] [421, 77] 13 2
[410, 410, 410, 410, 410, 410, 410, 410, 410, 410, 410, 410, 410, 410] [50, 70, 90, 110, 130, 150, 170, 190, 210, 230, 250, 270, 290, 310] [446, 194] 14 2
[430, 410, 410, 410, 410, 410, 410, 410, 410, 410, 410, 410, 410, 410] [50, 50, 70, 90, 110, 130, 150, 170, 190, 210, 230, 250, 270, 290] [446, 194] 14 1
[450, 430, 410, 410, 410, 410, 410, 410, 410, 410, 410, 410, 410, 410] [50, 50, 50, 70, 90, 110, 130, 150, 170, 190, 210, 230, 250, 270] [446, 194] 14 1
[450, 450, 430, 410, 410, 410, 410, 410, 410, 410, 410, 410, 410, 410] [70, 50, 50, 50, 70, 90, 110, 130, 150, 170, 190, 210, 230, 250] [446, 194] 14 0
[450, 450, 450, 430, 410, 410, 410, 410, 410, 410, 410, 410, 410, 410] [90, 70, 50, 50, 50, 70, 90, 110, 130, 150, 170, 190, 210, 230] [446, 194] 14 0
[450, 450, 450, 450, 430, 410, 410, 410, 410, 410, 410, 410, 410, 410] [110, 90, 70, 50, 50, 50, 70, 90, 110, 130, 150, 170, 190, 210] [446, 194] 14 0
[450, 450, 450, 450, 450, 430, 410, 410, 410, 410, 410, 410, 410, 410] [130, 110, 90, 70, 50, 50, 50, 70, 90, 110, 130, 150, 170, 190] [446, 194] 14 0
[450, 450, 450, 450, 450, 450, 430, 410, 410, 410, 410, 410, 410, 410] [150, 130, 110, 90, 70, 50, 50, 50, 70, 90, 110, 130, 150, 170] [446, 194] 14 0
[450, 450, 450, 450, 450, 450, 450, 430, 410, 410, 410, 410, 410, 410] [170, 150, 130, 110, 90, 70, 50, 50, 50, 70, 90, 110, 130, 150] [446, 194] 14 0
[450, 450, 450, 450, 450, 450, 450, 450, 430, 410, 410, 410, 410, 410] [190, 170, 150, 130, 110, 90, 70, 50, 50, 50, 70, 90, 110, 130] [446, 194] 14 0
[450, 450, 450, 450, 450, 450, 450, 450, 450, 430, 410, 410, 410, 410, 410] [210, 190, 170, 150, 130, 110, 90, 70, 50, 50, 50, 70, 90, 110, 130] [257, 461] 15 0
[450, 450, 450, 450, 450, 450, 450, 450, 450, 450, 430, 410, 410, 410, 410] [230, 210, 190, 170, 150, 130, 110, 90, 70, 50, 50, 50, 70, 90, 110] [257, 461] 15 0
[450, 450, 450, 450, 450, 450, 450, 450, 450, 450, 450, 430, 410, 410, 410] [250, 230, 210, 190, 170, 150, 130, 110, 90, 70, 50, 50, 50, 70, 90] [257, 461] 15 0
[450, 450, 450, 450, 450, 450, 450, 450, 450, 450, 450, 450, 430, 410, 410] [270, 250, 230, 210, 190, 170, 150, 130, 110, 90, 70, 50, 50, 50, 70] [257, 461] 15 0
[450, 450, 450, 450, 450, 450, 450, 450, 450, 450, 450, 450, 450, 430, 410] [290, 270, 250, 230, 210, 190, 170, 150, 130, 110, 90, 70, 50, 50, 50] [257, 461] 15 0
[450, 450, 450, 450, 450, 450, 450, 450, 450, 450, 450, 450, 450, 450, 430] [310, 290, 270, 250, 230, 210, 190, 170, 150, 130, 110, 90, 70, 50, 50] [257, 461] 15 0
[450, 450, 450, 450, 450, 450, 450, 450, 450, 450, 450, 450, 450, 450, 450] [330, 310, 290, 270, 250, 230, 210, 190, 170, 150, 130, 110, 90, 70, 50] [257, 461] 15 0
[450, 450, 450, 450, 450, 450, 450, 450, 450, 450, 450, 450, 450, 450, 450] [350, 330, 310, 290, 270, 250, 230, 210, 190, 170, 150, 130, 110, 90, 70] [257, 461] 15 0
[450, 450, 450, 450, 450, 450, 450, 450, 450, 450, 450, 450, 450, 450, 450] [370, 350, 330, 310, 290, 270, 250, 230, 210, 190, 170, 150, 130, 110, 90] [257, 461] 15 0
[450, 450, 450, 450, 450, 450, 450, 450, 450, 450, 450, 450, 450, 450, 450] [390, 370, 350, 330, 310, 290, 270, 250, 230, 210, 190, 170, 150, 130, 110] [257, 461] 15 0
[450, 450, 450, 450, 450, 450, 450, 450, 450, 450, 450, 450, 450, 450, 450] [410, 390, 370, 350, 330, 310, 290, 270, 250, 230, 210, 190, 170, 150, 130] [257, 461] 15 0
[450, 450, 450, 450, 450, 450, 450, 450, 450, 450, 450, 450, 450, 450, 450] [430, 410, 390, 370, 350, 330, 310, 290, 270, 250, 230, 210, 190, 170, 150] [257, 461] 15 0
[450, 450, 450, 450, 450, 450, 450, 450, 450, 450, 450, 450, 450, 450, 450] [450, 430, 410, 390, 370, 350, 330, 310, 290, 270, 250, 230, 210, 190, 170] [257, 461] 15 0
[430, 450, 450, 450, 450, 450, 450, 450, 450, 450, 450, 450, 450, 450, 450] [450, 450, 430, 410, 390, 370, 350, 330, 310, 290, 270, 250, 230, 210, 190] [257, 461] 15 3
[410, 430, 450, 450, 450, 450, 450, 450, 450, 450, 450, 450, 450, 450, 450] [450, 450, 450, 430, 410, 390, 370, 350, 330, 310, 290, 270, 250, 230, 210] [257, 461] 15 3
[390, 410, 430, 450, 450, 450, 450, 450, 450, 450, 450, 450, 450, 450, 450] [450, 450, 450, 450, 430, 410, 390, 370, 350, 330, 310, 290, 270, 250, 230] [257, 461] 15 3
[370, 390, 410, 430, 450, 450, 450, 450, 450, 450, 450, 450, 450, 450, 450] [450, 450, 450, 450, 450, 430, 410, 390, 370, 350, 330, 310, 290, 270, 250] [257, 461] 15 3
[350, 370, 390, 410, 430, 450, 450, 450, 450, 450, 450, 450, 450, 450, 450] [450, 450, 450, 450, 450, 450, 430, 410, 390, 370, 350, 330, 310, 290, 270] [257, 461] 15 3
[330, 350, 370, 390, 410, 430, 450, 450, 450, 450, 450, 450, 450, 450, 450] [450, 450, 450, 450, 450, 450, 450, 430, 410, 390, 370, 350, 330, 310, 290] [257, 461] 15 3
[310, 330, 350, 370, 390, 410, 430, 450, 450, 450, 450, 450, 450, 450, 450] [450, 450, 450, 450, 450, 450, 450, 450, 430, 410, 390, 370, 350, 330, 310] [257, 461] 15 3
[290, 310, 330, 350, 370, 390, 410, 430, 450, 450, 450, 450, 450, 450, 450] [450, 450, 450, 450, 450, 450, 450, 450, 450, 430, 410, 390, 370, 350, 330] [257, 461] 15 3
[270, 290, 310, 330, 350, 370, 390, 410, 430, 450, 450, 450, 450, 450, 450] [450, 450, 450, 450, 450, 450, 450, 450, 450, 450, 430, 410, 390, 370, 350] [257, 461] 15 3
[250, 270, 290, 310, 330, 350, 370, 390, 410, 430, 450, 450, 450, 450, 450] [450, 450, 450, 450, 450, 450, 450, 450, 450, 450, 450, 430, 410, 390, 370] [257, 461] 15 3
