[290, 290, 290, 290, 290] [290, 270, 250, 230, 210] [171, 198] 5 0
[270, 290, 290, 290, 290] [290, 290, 270, 250, 230] [171, 198] 5 3
[250, 270, 290, 290, 290] [290, 290, 290, 270, 250] [171, 198] 5 3
[230, 250, 270, 290, 290] [290, 290, 290, 290, 270] [171, 198] 5 3
[210, 230, 250, 270, 290] [290, 290, 290, 290, 290] [171, 198] 5 3
[190, 210, 230, 250, 270] [290, 290, 290, 290, 290] [171, 198] 5 3
[170, 190, 210, 230, 250] [290, 290, 290, 290, 290] [171, 198] 5 3
[170, 170, 190, 210, 230] [270, 290, 290, 290, 290] [171, 198] 5 2
[170, 170, 170, 190, 210] [250, 270, 290, 290, 290] [171, 198] 5 2
[170, 170, 170, 170, 190] [230, 250, 270, 290, 290] [171, 198] 5 2
[170, 170, 170, 170, 170] [210, 230, 250, 270, 290] [171, 198] 5 2
[170, 170, 170, 170, 170] [190, 210, 230, 250, 270] [171, 198] 5 2
[170, 170, 170, 170, 170, 170] [170, 190, 210, 230, 250, 270] [28, 542] 6 2
[150, 170, 170, 170, 170, 170] [170, 170, 190, 210, 230, 250] [28, 542] 6 3
[130, 150, 170, 170, 170, 170] [170, 170, 170, 190, 210, 230] [28, 542] 6 3
[110, 130, 150, 170, 170, 170] [170, 170, 170, 170, 190, 210] [28, 542] 6 3
[90, 110, 130, 150, 170, 170] [170, 170, 170, 170, 170, 190] [28, 542] 6 3
[70, 90, 110, 130, 150, 170] [170, 170, 170, 170, 170, 170] [28, 542] 6 3
[50, 70, 90, 110, 130, 150] [170, 170, 170, 170, 170, 170] [28, 542] 6 3
[30, 50, 70, 90, 110, 130] [170, 170, 170, 170, 170, 170] [28, 542] 6 3
[10, 30, 50, 70, 90, 110] [170, 170, 170, 170, 170, 170] [28, 542] 6 3
[10, 10, 30, 50, 70, 90] [190, 170, 170, 170, 170, 170] [28, 542] 6 0
[10, 10, 10, 30, 50, 70] [210, 190, 170, 170, 170, 170] [28, 542] 6 0
[10, 10, 10, 10, 30, 50] [230, 210, 190, 170, 170, 170] [28, 542] 6 0
[10, 10, 10, 10, 10, 30] [250, 230, 210, 190, 170, 170] [28, 542] 6 0
[10, 10, 10, 10, 10, 10] [270, 250, 230, 210, 190, 170] [28, 542] 6 0
[10, 10, 10, 10, 10, 10] [290, 270, 250, 230, 210, 190] [28, 542] 6 0
[10, 10, 10, 10, 10, 10] [310, 290, 270, 250, 230, 210] [28, 542] 6 0
[10, 10, 10, 10, 10, 10] [330, 310, 290, 270, 250, 230] [28, 542] 6 0
[10, 10, 10, 10, 10, 10] [350, 330, 310, 290, 270, 250] [28, 542] 6 0
[10, 10, 10, 10, 10, 10] [370, 350, 330, 310, 290, 270] [28, 542] 6 0
[10, 10, 10, 10, 10, 10] [390, 370, 350, 330, 310, 290] [28, 542] 6 0
[10, 10, 10, 10, 10, 10] [410, 390, 370, 350, 330, 310] [28, 542] 6 0
[10, 10, 10, 10, 10, 10] [430, 410, 390, 370, 350, 330] [28, 542] 6 0
[10, 10, 10, 10, 10, 10] [450, 430, 410, 390, 370, 350] [28, 542] 6 0
[10, 10, 10, 10, 10, 10] [470, 450, 430, 410, 390, 370] [28, 542] 6 0
[10, 10, 10, 10, 10, 10] [490, 470, 450, 430, 410, 390] [28, 542] 6 0
[10, 10, 10, 10, 10, 10] [510, 490, 470, 450, 430, 410] [28, 542] 6 0
[10, 10, 10, 10, 10, 10] [530, 510, 490, 470, 450, 430] [28, 542] 6 0
[30, 10, 10, 10, 10, 10, 10] [530, 530, 510, 490, 470, 450, 430] [177, 384] 7 1
[50, 30, 10, 10, 10, 10, 10] [530, 530, 530, 510, 490, 470, 450] [177, 384] 7 1
[70, 50, 30, 10, 10, 10, 10] [530, 530, 530, 530, 510, 490, 470] [177, 384] 7 1
[90, 70, 50, 30, 10, 10, 10] [530, 530, 530, 530, 530, 510, 490] [177, 384] 7 1
[110, 90, 70, 50, 30, 10, 10] [530, 530, 530, 530, 530, 530, 510] [177, 384] 7 1
[130, 110, 90, 70, 50, 30, 10] [530, 530, 530, 530, 530, 530, 530] [177, 384] 7 1
[150, 130, 110, 90, 70, 50, 30] [530, 530, 530, 530, 530, 530, 530] [177, 384] 7 1
[170, 150, 130, 110, 90, 70, 50] [530, 530, 530, 530, 530, 530, 530] [177, 384] 7 1
[170, 170, 150, 130, 110, 90, 70] [510, 530, 530, 530, 530, 530, 530] [177, 384] 7 2
[170, 170, 170, 150, 130, 110, 90] [490, 510, 530, 530, 530, 530, 530] [177, 384] 7 2
[170, 170, 170, 170, 150, 130, 110] [470, 490, 510, 530, 530, 530, 530] [177, 384] 7 2
[170, 170, 170, 170, 170, 150, 130] [450, 470, 490, 510, 530, 530, 530] [177, 384] 7 2
[170, 170, 170, 170, 170, 170, 150] [430, 450, 470, 490, 510, 530, 530] [177, 384] 7 2
[170, 170, 170, 170, 170, 170, 170] [410, 430, 450, 470, 490, 510, 530] [177, 384] 7 2
[170, 170, 170, 170, 170, 170, 170] [390, 410, 430, 450, 470, 490, 510] [177, 384] 7 2
[170, 170, 170, 170, 170, 170, 170, 170] [370, 390, 410, 430, 450, 470, 490, 510] [409, 520] 8 2
[190, 170, 170, 170, 170, 170, 170, 170] [370, 370, 390, 410, 430, 450, 470, 490] [409, 520] 8 1
[210, 190, 170, 170, 170, 170, 170, 170] [370, 370, 370, 390, 410, 430, 450, 470] [409, 520] 8 1
[230, 210, 190, 170, 170, 170, 170, 170] [370, 370, 370, 370, 390, 410, 430, 450] [409, 520] 8 1
[250, 230, 210, 190, 170, 170, 170, 170] [370, 370, 370, 370, 370, 390, 410, 430] [409, 520] 8 1
[270, 250, 230, 210, 190, 170, 170, 170] [370, 370, 370, 370, 370, 370, 390, 410] [409, 520] 8 1
[290, 270, 250, 230, 210, 190, 170, 170] [370, 370, 370, 370, 370, 370, 370, 390] [409, 520] 8 1
[310, 290, 270, 250, 230, 210, 190, 170] [370, 370, 370, 370, 370, 370, 370, 370] [409, 520] 8 1
[330, 310, 290, 270, 250, 230, 210, 190] [370, 370, 370, 370, 370, 370, 370, 370] [409, 520] 8 1
[350, 330, 310, 290, 270, 250, 230, 210] [370, 370, 370, 370, 370, 370, 370, 370] [409, 520] 8 1
[370, 350, 330, 310, 290, 270, 250, 230] [370, 370, 370, 370, 370, 370, 370, 370] [409, 520] 8 1
[390, 370, 350, 330, 310, 290, 270, 250] [370, 370, 370, 370, 370, 370, 370, 370] [409, 520] 8 1
[410, 390, 370, 350, 330, 310, 290, 270] [370, 370, 370, 370, 370, 370, 370, 370] [409, 520] 8 1
[410, 410, 390, 370, 350, 330, 310, 290] [390, 370, 370, 370, 370, 370, 370, 370] [409, 520] 8 0
[410, 410, 410, 390, 370, 350, 330, 310] [410, 390, 370, 370, 370, 370, 370, 370] [409, 520] 8 0
[410, 410, 410, 410, 390, 370, 350, 330] [430, 410, 390, 370, 370, 370, 370, 370] [409, 520] 8 0
[410, 410, 410, 410, 410, 390, 370, 350] [450, 430, 410, 390, 370, 370, 370, 370] [409, 520] 8 0
[410, 410, 410, 410, 410, 410, 390, 370] [470, 450, 430, 410, 390, 370, 370, 370] [409, 520] 8 0
[410, 410, 410, 410, 410, 410, 410, 390] [490, 470, 450, 430, 410, 390, 370, 370] [409, 520] 8 0
[410, 410, 410, 410, 410, 410, 410, 410] [510, 490, 470, 450, 430, 410, 390, 370] [409, 520] 8 0
[410, 410, 410, 410, 410, 410, 410, 410, 410] [530, 510, 490, 470, 450, 430, 410, 390, 370] [456, 274] 9 0
[430, 410, 410, 410, 410, 410, 410, 410, 410] [530, 530, 510, 490, 470, 450, 430, 410, 390] [456, 274] 9 1
[450, 430, 410, 410, 410, 410, 410, 410, 410] [530, 530, 530, 510, 490, 470, 450, 430, 410] [456, 274] 9 1
[470, 450, 430, 410, 410, 410, 410, 410, 410] [530, 530, 530, 530, 510, 490, 470, 450, 430] [456, 274] 9 1
[470, 470, 450, 430, 410, 410, 410, 410, 410] [510, 530, 530, 530, 530, 510, 490, 470, 450] [456, 274] 9 2
[470, 470, 470, 450, 430, 410, 410, 410, 410] [490, 510, 530, 530, 530, 530, 510, 490, 470] [456, 274] 9 2
[470, 470, 470, 470, 450, 430, 410, 410, 410] [470, 490, 510, 530, 530, 530, 530, 510, 490] [456, 274] 9 2
[470, 470, 470, 470, 470, 450, 430, 410, 410] [450, 470, 490, 510, 530, 530, 530, 530, 510] [456, 274] 9 2
[470, 470, 470, 470, 470, 470, 450, 430, 410] [430, 450, 470, 490, 510, 530, 530, 530, 530] [456, 274] 9 2
[470, 470, 470, 470, 470, 470, 470, 450, 430] [410, 430, 450, 470, 490, 510, 530, 530, 530] [456, 274] 9 2
[470, 470, 470, 470, 470, 470, 470, 470, 450] [390, 410, 430, 450, 470, 490, 510, 530, 530] [456, 274] 9 2
[470, 470, 470, 470, 470, 470, 470, 470, 470] [370, 390, 410, 430, 450, 470, 490, 510, 530] [456, 274] 9 2
[470, 470, 470, 470, 470, 470, 470, 470, 470] [350, 370, 390, 410, 430, 450, 470, 490, 510] [456, 274] 9 2
[470, 470, 470, 470, 470, 470, 470, 470, 470] [330, 350, 370, 390, 410, 430, 450, 470, 490] [456, 274] 9 2
[470, 470, 470, 470, 470, 470, 470, 470, 470] [310, 330, 350, 370, 390, 410, 430, 450, 470] [456, 274] 9 2
[470, 470, 470, 470, 470, 470, 470, 470, 470] [290, 310, 330, 350, 370, 390, 410, 430, 450] [456, 274] 9 2
[470, 470, 470, 470, 470, 470, 470, 470, 470] [270, 290, 310, 330, 350, 370, 390, 410, 430] [456, 274] 9 2
[450, 470, 470, 470, 470, 470, 470, 470, 470] [270, 270, 290, 310, 330, 350, 370, 390, 410] [456, 274] 9 3
[430, 450, 470, 470, 470, 470, 470, 470, 470, 470] [270, 270, 270, 290, 310, 330, 350, 370, 390, 410] [137, 154] 10 3
[410, 430, 450, 470, 470, 470, 470, 470, 470, 470] [270, 270, 270, 270, 290, 310, 330, 350, 370, 390] [137, 154] 10 3
[390, 410, 430, 450, 470, 470, 470, 470, 470, 470] [270, 270, 270, 270, 270, 290, 310, 330, 350, 370] [137, 154] 10 3
[370, 390, 410, 430, 450, 470, 470, 470, 470, 470] [270, 270, 270, 270, 270, 270, 290, 310, 330, 350] [137, 154] 10 3
[350, 370, 390, 410, 430, 450, 470, 470, 470, 470] [270, 270, 270, 270, 270, 270, 270, 290, 310, 330] [137, 154] 10 3
[330, 350, 370, 390, 410, 430, 450, 470, 470, 470] [270, 270, 270, 270, 270, 270, 270, 270, 290, 310] [137, 154] 10 3
[310, 330, 350, 370, 390, 410, 430, 450, 470, 470] [270, 270, 270, 270, 270, 270, 270, 270, 270, 290] [137, 154] 10 3
[290, 310, 330, 350, 370, 390, 410, 430, 450, 470] [270, 270, 270, 270, 270, 270, 270, 270, 270, 270] [137, 154] 10 3
[270, 290, 310, 330, 350, 370, 390, 410, 430, 450] [270, 270, 270, 270, 270, 270, 270, 270, 270, 270] [137, 154] 10 3
[250, 270, 290, 310, 330, 350, 370, 390, 410, 430] [270, 270, 270, 270, 270, 270, 270, 270, 270, 270] [137, 154] 10 3
[230, 250, 270, 290, 310, 330, 350, 370, 390, 410] [270, 270, 270, 270, 270, 270, 270, 270, 270, 270] [137, 154] 10 3
[210, 230, 250, 270, 290, 310, 330, 350, 370, 390] [270, 270, 270, 270, 270, 270, 270, 270, 270, 270] [137, 154] 10 3
[190, 210, 230, 250, 270, 290, 310, 330, 350, 370] [270, 270, 270, 270, 270, 270, 270, 270, 270, 270] [137, 154] 10 3
[170, 190, 210, 230, 250, 270, 290, 310, 330, 350] [270, 270, 270, 270, 270, 270, 270, 270, 270, 270] [137, 154] 10 3
[150, 170, 190, 210, 230, 250, 270, 290, 310, 330] [270, 270, 270, 270, 270, 270, 270, 270, 270, 270] [137, 154] 10 3
[130, 150, 170, 190, 210, 230, 250, 270, 290, 310] [270, 270, 270, 270, 270, 270, 270, 270, 270, 270] [137, 154] 10 3
[130, 130, 150, 170, 190, 210, 230, 250, 270, 290] [250, 270, 270, 270, 270, 270, 270, 270, 270, 270] [137, 154] 10 2
[130, 130, 130, 150, 170, 190, 210, 230, 250, 270] [230, 250, 270, 270, 270, 270, 270, 270, 270, 270] [137, 154] 10 2
[130, 130, 130, 130, 150, 170, 190, 210, 230, 250] [210, 230, 250, 270, 270, 270, 270, 270, 270, 270] [137, 154] 10 2
[130, 130, 130, 130, 130, 150, 170, 190, 210, 230] [190, 210, 230, 250, 270, 270, 270, 270, 270, 270] [137, 154] 10 2
[130, 130, 130, 130, 130, 130, 150, 170, 190, 210] [170, 190, 210, 230, 250, 270, 270, 270, 270, 270] [137, 154] 10 2
[130, 130, 130, 130, 130, 130, 130, 150, 170, 190] [150, 170, 190, 210, 230, 250, 270, 270, 270, 270] [137, 154] 10 2
[130, 130, 130, 130, 130, 130, 130, 130, 150, 170, 190] [130, 150, 170, 190, 210, 230, 250, 270, 270, 270, 270] [501, 538] 11 2
[150, 130, 130, 130, 130, 130, 130, 130, 130, 150, 170] [130, 130, 150, 170, 190, 210, 230, 250, 270, 270, 270] [501, 538] 11 1
[170, 150, 130, 130, 130, 130, 130, 130, 130, 130, 150] [130, 130, 130, 150, 170, 190, 210, 230, 250, 270, 270] [501, 538] 11 1
[190, 170, 150, 130, 130, 130, 130, 130, 130, 130, 130] [130, 130, 130, 130, 150, 170, 190, 210, 230, 250, 270] [501, 538] 11 1
[210, 190, 170, 150, 130, 130, 130, 130, 130, 130, 130] [130, 130, 130, 130, 130, 150, 170, 190, 210, 230, 250] [501, 538] 11 1
[230, 210, 190, 170, 150, 130, 130, 130, 130, 130, 130] [130, 130, 130, 130, 130, 130, 150, 170, 190, 210, 230] [501, 538] 11 1
[250, 230, 210, 190, 170, 150, 130, 130, 130, 130, 130] [130, 130, 130, 130, 130, 130, 130, 150, 170, 190, 210] [501, 538] 11 1
[270, 250, 230, 210, 190, 170, 150, 130, 130, 130, 130] [130, 130, 130, 130, 130, 130, 130, 130, 150, 170, 190] [501, 538] 11 1
[290, 270, 250, 230, 210, 190, 170, 150, 130, 130, 130] [130, 130, 130, 130, 130, 130, 130, 130, 130, 150, 170] [501, 538] 11 1
[310, 290, 270, 250, 230, 210, 190, 170, 150, 130, 130] [130, 130, 130, 130, 130, 130, 130, 130, 130, 130, 150] [501, 538] 11 1
[330, 310, 290, 270, 250, 230, 210, 190, 170, 150, 130] [130, 130, 130, 130, 130, 130, 130, 130, 130, 130, 130] [501, 538] 11 1
[350, 330, 310, 290, 270, 250, 230, 210, 190, 170, 150] [130, 130, 130, 130, 130, 130, 130, 130, 130, 130, 130] [501, 538] 11 1
[370, 350, 330, 310, 290, 270, 250, 230, 210, 190, 170] [130, 130, 130, 130, 130, 130, 130, 130, 130, 130, 130] [501, 538] 11 1
[390, 370, 350, 330, 310, 290, 270, 250, 230, 210, 190] [130, 130, 130, 130, 130, 130, 130, 130, 130, 130, 130] [501, 538] 11 1
[410, 390, 370, 350, 330, 310, 290, 270, 250, 230, 210] [130, 130, 130, 130, 130, 130, 130, 130, 130, 130, 130] [501, 538] 11 1
[430, 410, 390, 370, 350, 330, 310, 290, 270, 250, 230] [130, 130, 130, 130, 130, 130, 130, 130, 130, 130, 130] [501, 538] 11 1
[450, 430, 410, 390, 370, 350, 330, 310, 290, 270, 250] [130, 130, 130, 130, 130, 130, 130, 130, 130, 130, 130] [501, 538] 11 1
[470, 450, 430, 410, 390, 370, 350, 330, 310, 290, 270] [130, 130, 130, 130, 130, 130, 130, 130, 130, 130, 130] [501, 538] 11 1
[490, 470, 450, 430, 410, 390, 370, 350, 330, 310, 290] [130, 130, 130, 130, 130, 130, 130, 130, 130, 130, 130] [501, 538] 11 1
[510, 490, 470, 450, 430, 410, 390, 370, 350, 330, 310] [130, 130, 130, 130, 130, 130, 130, 130, 130, 130, 130] [501, 538] 11 1
[510, 510, 490, 470, 450, 430, 410, 390, 370, 350, 330] [150, 130, 130, 130, 130, 130, 130, 130, 130, 130, 130] [501, 538] 11 0
[510, 510, 510, 490, 470, 450, 430, 410, 390, 370, 350] [170, 150, 130, 130, 130, 130, 130, 130, 130, 130, 130] [501, 538] 11 0
[510, 510, 510, 510, 490, 470, 450, 430, 410, 390, 370] [190, 170, 150, 130, 130, 130, 130, 130, 130, 130, 130] [501, 538] 11 0
[510, 510, 510, 510, 510, 490, 470, 450, 430, 410, 390] [210, 190, 170, 150, 130, 130, 130, 130, 130, 130, 130] [501, 538] 11 0
[510, 510, 510, 510, 510, 510, 490, 470, 450, 430, 410] [230, 210, 190, 170, 150, 130, 130, 130, 130, 130, 130] [501, 538] 11 0
[510, 510, 510, 510, 510, 510, 510, 490, 470, 450, 430] [250, 230, 210, 190, 170, 150, 130, 130, 130, 130, 130] [501, 538] 11 0
[510, 510, 510, 510, 510, 510, 510, 510, 490, 470, 450] [270, 250, 230, 210, 190, 170, 150, 130, 130, 130, 130] [501, 538] 11 0
[510, 510, 510, 510, 510, 510, 510, 510, 510, 490, 470] [290, 270, 250, 230, 210, 190, 170, 150, 130, 130, 130] [501, 538] 11 0
[510, 510, 510, 510, 510, 510, 510, 510, 510, 510, 490] [310, 290, 270, 250, 230, 210, 190, 170, 150, 130, 130] [501, 538] 11 0
[510, 510, 510, 510, 510, 510, 510, 510, 510, 510, 510] [330, 310, 290, 270, 250, 230, 210, 190, 170, 150, 130] [501, 538] 11 0
[510, 510, 510, 510, 510, 510, 510, 510, 510, 510, 510] [350, 330, 310, 290, 270, 250, 230, 210, 190, 170, 150] [501, 538] 11 0
[510, 510, 510, 510, 510, 510, 510, 510, 510, 510, 510] [370, 350, 330, 310, 290, 270, 250, 230, 210, 190, 170] [501, 538] 11 0
[510, 510, 510, 510, 510, 510, 510, 510, 510, 510, 510] [390, 370, 350, 330, 310, 290, 270, 250, 230, 210, 190] [501, 538] 11 0
[510, 510, 510, 510, 510, 510, 510, 510, 510, 510, 510] [410, 390, 370, 350, 330, 310, 290, 270, 250, 230, 210] [501, 538] 11 0
[510, 510, 510, 510, 510, 510, 510, 510, 510, 510, 510] [430, 410, 390, 370, 350, 330, 310, 290, 270, 250, 230] [501, 538] 11 0
[510, 510, 510, 510, 510, 510, 510, 510, 510, 510, 510] [450, 430, 410, 390, 370, 350, 330, 310, 290, 270, 250] [501, 538] 11 0
[510, 510, 510, 510, 510, 510, 510, 510, 510, 510, 510] [470, 450, 430, 410, 390, 370, 350, 330, 310, 290, 270] [501, 538] 11 0
[510, 510, 510, 510, 510, 510, 510, 510, 510, 510, 510] [490, 470, 450, 430, 410, 390, 370, 350, 330, 310, 290] [501, 538] 11 0
[510, 510, 510, 510, 510, 510, 510, 510, 510, 510, 510] [510, 490, 470, 450, 430, 410, 390, 370, 350, 330, 310] [501, 538] 11 0
[510, 510, 510, 510, 510, 510, 510, 510, 510, 510, 510] [530, 510, 490, 470, 450, 430, 410, 390, 370, 350, 330] [501, 538] 11 0
[490, 510, 510, 510, 510, 510, 510, 510, 510, 510, 510, 510] [530, 530, 510, 490, 470, 450, 430, 410, 390, 370, 350, 330] [37, 94] 12 3
[470, 490, 510, 510, 510, 510, 510, 510, 510, 510, 510, 510] [530, 530, 530, 510, 490, 470, 450, 430, 410, 390, 370, 350] [37, 94] 12 3
[450, 470, 490, 510, 510, 510, 510, 510, 510, 510, 510, 510] [530, 530, 530, 530, 510, 490, 470, 450, 430, 410, 390, 370] [37, 94] 12 3
[430, 450, 470, 490, 510, 510, 510, 510, 510, 510, 510, 510] [530, 530, 530, 530, 530, 510, 490, 470, 450, 430, 410, 390] [37, 94] 12 3
[410, 430, 450, 470, 490, 510, 510, 510, 510, 510, 510, 510] [530, 530, 530, 530, 530, 530, 510, 490, 470, 450, 430, 410] [37, 94] 12 3
[390, 410, 430, 450, 470, 490, 510, 510, 510, 510, 510, 510] [530, 530, 530, 530, 530, 530, 530, 510, 490, 470, 450, 430] [37, 94] 12 3
[370, 390, 410, 430, 450, 470, 490, 510, 510, 510, 510, 510] [530, 530, 530, 530, 530, 530, 530, 530, 510, 490, 470, 450] [37, 94] 12 3
[350, 370, 390, 410, 430, 450, 470, 490, 510, 510, 510, 510] [530, 530, 530, 530, 530, 530, 530, 530, 530, 510, 490, 470] [37, 94] 12 3
[330, 350, 370, 390, 410, 430, 450, 470, 490, 510, 510, 510] [530, 530, 530, 530, 530, 530, 530, 530, 530, 530, 510, 490] [37, 94] 12 3
[310, 330, 350, 370, 390, 410, 430, 450, 470, 490, 510, 510] [530, 530, 530, 530, 530, 530, 530, 530, 530, 530, 530, 510] [37, 94] 12 3
[290, 310, 330, 350, 370, 390, 410, 430, 450, 470, 490, 510] [530, 530, 530, 530, 530, 530, 530, 530, 530, 530, 530, 530] [37, 94] 12 3
[270, 290, 310, 330, 350, 370, 390, 410, 430, 450, 470, 490] [530, 530, 530, 530, 530, 530, 530, 530, 530, 530, 530, 530] [37, 94] 12 3
[250, 270, 290, 310, 330, 350, 370, 390, 410, 430, 450, 470] [530, 530, 530, 530, 530, 530, 530, 530, 530, 530, 530, 530] [37, 94] 12 3
[230, 250, 270, 290, 310, 330, 350, 370, 390, 410, 430, 450] [530, 530, 530, 530, 530, 530, 530, 530, 530, 530, 530, 530] [37, 94] 12 3
[210, 230, 250, 270, 290, 310, 330, 350, 370, 390, 410, 430] [530, 530, 530, 530, 530, 530, 530, 530, 530, 530, 530, 530] [37, 94] 12 3
[190, 210, 230, 250, 270, 290, 310, 330, 350, 370, 390, 410] [530, 530, 530, 530, 530, 530, 530, 530, 530, 530, 530, 530] [37, 94] 12 3
[170, 190, 210, 230, 250, 270, 290, 310, 330, 350, 370, 390] [530, 530, 530, 530, 530, 530, 530, 530, 530, 530, 530, 530] [37, 94] 12 3
[150, 170, 190, 210, 230, 250, 270, 290, 310, 330, 350, 370] [530, 530, 530, 530, 530, 530, 530, 530, 530, 530, 530, 530] [37, 94] 12 3
[130, 150, 170, 190, 210, 230, 250, 270, 290, 310, 330, 350] [530, 530, 530, 530, 530, 530, 530, 530, 530, 530, 530, 530] [37, 94] 12 3
[110, 130, 150, 170, 190, 210, 230, 250, 270, 290, 310, 330] [530, 530, 530, 530, 530, 530, 530, 530, 530, 530, 530, 530] [37, 94] 12 3
[90, 110, 130, 150, 170, 190, 210, 230, 250, 270, 290, 310] [530, 530, 530, 530, 530, 530, 530, 530, 530, 530, 530, 530] [37, 94] 12 3
[70, 90, 110, 130, 150, 170, 190, 210, 230, 250, 270, 290] [530, 530, 530, 530, 530, 530, 530, 530, 530, 530, 530, 530] [37, 94] 12 3
[50, 70, 90, 110, 130, 150, 170, 190, 210, 230, 250, 270] [530, 530, 530, 530, 530, 530, 530, 530, 530, 530, 530, 530] [37, 94] 12 3
[50, 50, 70, 90, 110, 130, 150, 170, 190, 210, 230, 250] [510, 530, 530, 530, 530, 530, 530, 530, 530, 530, 530, 530] [37, 94] 12 2
[50, 50, 50, 70, 90, 110, 130, 150, 170, 190, 210, 230] [490, 510, 530, 530, 530, 530, 530, 530, 530, 530, 530, 530] [37, 94] 12 2
[50, 50, 50, 50, 70, 90, 110, 130, 150, 170, 190, 210] [470, 490, 510, 530, 530, 530, 530, 530, 530, 530, 530, 530] [37, 94] 12 2
[30, 50, 50, 50, 50, 70, 90, 110, 130, 150, 170, 190] [470, 470, 490, 510, 530, 530, 530, 530, 530, 530, 530, 530] [37, 94] 12 3
[30, 30, 50, 50, 50, 50, 70, 90, 110, 130, 150, 170] [450, 470, 470, 490, 510, 530, 530, 530, 530, 530, 530, 530] [37, 94] 12 2
[30, 30, 30, 50, 50, 50, 50, 70, 90, 110, 130, 150] [430, 450, 470, 470, 490, 510, 530, 530, 530, 530, 530, 530] [37, 94] 12 2
[30, 30, 30, 30, 50, 50, 50, 50, 70, 90, 110, 130] [410, 430, 450, 470, 470, 490, 510, 530, 530, 530, 530, 530] [37, 94] 12 2
[30, 30, 30, 30, 30, 50, 50, 50, 50, 70, 90, 110] [390, 410, 430, 450, 470, 470, 490, 510, 530, 530, 530, 530] [37, 94] 12 2
[30, 30, 30, 30, 30, 30, 50, 50, 50, 50, 70, 90] [370, 390, 410, 430, 450, 470, 470, 490, 510, 530, 530, 530] [37, 94] 12 2
[30, 30, 30, 30, 30, 30, 30, 50, 50, 50, 50, 70] [350, 370, 390, 410, 430, 450, 470, 470, 490, 510, 530, 530] [37, 94] 12 2
[30, 30, 30, 30, 30, 30, 30, 30, 50, 50, 50, 50] [330, 350, 370, 390, 410, 430, 450, 470, 470, 490, 510, 530] [37, 94] 12 2
[30, 30, 30, 30, 30, 30, 30, 30, 30, 50, 50, 50] [310, 330, 350, 370, 390, 410, 430, 450, 470, 470, 490, 510] [37, 94] 12 2
[30, 30, 30, 30, 30, 30, 30, 30, 30, 30, 50, 50] [290, 310, 330, 350, 370, 390, 410, 430, 450, 470, 470, 490] [37, 94] 12 2
[30, 30, 30, 30, 30, 30, 30, 30, 30, 30, 30, 50] [270, 290, 310, 330, 350, 370, 390, 410, 430, 450, 470, 470] [37, 94] 12 2
[30, 30, 30, 30, 30, 30, 30, 30, 30, 30, 30, 30] [250, 270, 290, 310, 330, 350, 370, 390, 410, 430, 450, 470] [37, 94] 12 2
[30, 30, 30, 30, 30, 30, 30, 30, 30, 30, 30, 30] [230, 250, 270, 290, 310, 330, 350, 370, 390, 410, 430, 450] [37, 94] 12 2
[30, 30, 30, 30, 30, 30, 30, 30, 30, 30, 30, 30] [210, 230, 250, 270, 290, 310, 330, 350, 370, 390, 410, 430] [37, 94] 12 2
[30, 30, 30, 30, 30, 30, 30, 30, 30, 30, 30, 30] [190, 210, 230, 250, 270, 290, 310, 330, 350, 370, 390, 410] [37, 94] 12 2
[30, 30, 30, 30, 30, 30, 30, 30, 30, 30, 30, 30] [170, 190, 210, 230, 250, 270, 290, 310, 330, 350, 370, 390] [37, 94] 12 2
[30, 30, 30, 30, 30, 30, 30, 30, 30, 30, 30, 30] [150, 170, 190, 210, 230, 250, 270, 290, 310, 330, 350, 370] [37, 94] 12 2
[30, 30, 30, 30, 30, 30, 30, 30, 30, 30, 30, 30] [130, 150, 170, 190, 210, 230, 250, 270, 290, 310, 330, 350] [37, 94] 12 2
[30, 30, 30, 30, 30, 30, 30, 30, 30, 30, 30, 30] [110, 130, 150, 170, 190, 210, 230, 250, 270, 290, 310, 330] [37, 94] 12 2
[30, 30, 30, 30, 30, 30, 30, 30, 30, 30, 30, 30] [90, 110, 130, 150, 170, 190, 210, 230, 250, 270, 290, 310] [37, 94] 12 2
[30, 30, 30, 30, 30, 30, 30, 30, 30, 30, 30, 30, 30] [70, 90, 110, 130, 150, 170, 190, 210, 230, 250, 270, 290, 310] [80, 115] 13 2
[50, 30, 30, 30, 30, 30, 30, 30, 30, 30, 30, 30, 30] [70, 70, 90, 110, 130, 150, 170, 190, 210, 230, 250, 270, 290] [80, 115] 13 1
[70, 50, 30, 30, 30, 30, 30, 30, 30, 30, 30, 30, 30] [70, 70, 70, 90, 110, 130, 150, 170, 190, 210, 230, 250, 270] [80, 115] 13 1
[90, 70, 50, 30, 30, 30, 30, 30, 30, 30, 30, 30, 30] [70, 70, 70, 70, 90, 110, 130, 150, 170, 190, 210, 230, 250] [80, 115] 13 1
[90, 90, 70, 50, 30, 30, 30, 30, 30, 30, 30, 30, 30] [90, 70, 70, 70, 70, 90, 110, 130, 150, 170, 190, 210, 230] [80, 115] 13 0
[90, 90, 90, 70, 50, 30, 30, 30, 30, 30, 30, 30, 30] [110, 90, 70, 70, 70, 70, 90, 110, 130, 150, 170, 190, 210] [80, 115] 13 0
[70, 90, 90, 90, 70, 50, 30, 30, 30, 30, 30, 30, 30] [110, 110, 90, 70, 70, 70, 70, 90, 110, 130, 150, 170, 190] [80, 115] 13 3
[70, 70, 90, 90, 90, 70, 50, 30, 30, 30, 30, 30, 30, 30] [130, 110, 110, 90, 70, 70, 70, 70, 90, 110, 130, 150, 170, 190] [227, 458] 14 0
[70, 70, 70, 90, 90, 90, 70, 50, 30, 30, 30, 30, 30, 30] [150, 130, 110, 110, 90, 70, 70, 70, 70, 90, 110, 130, 150, 170] [227, 458] 14 0
[70, 70, 70, 70, 90, 90, 90, 70, 50, 30, 30, 30, 30, 30] [170, 150, 130, 110, 110, 90, 70, 70, 70, 70, 90, 110, 130, 150] [227, 458] 14 0
[70, 70, 70, 70, 70, 90, 90, 90, 70, 50, 30, 30, 30, 30] [190, 170, 150, 130, 110, 110, 90, 70, 70, 70, 70, 90, 110, 130] [227, 458] 14 0
[70, 70, 70, 70, 70, 70, 90, 90, 90, 70, 50, 30, 30, 30] [210, 190, 170, 150, 130, 110, 110, 90, 70, 70, 70, 70, 90, 110] [227, 458] 14 0
[70, 70, 70, 70, 70, 70, 70, 90, 90, 90, 70, 50, 30, 30] [230, 210, 190, 170, 150, 130, 110, 110, 90, 70, 70, 70, 70, 90] [227, 458] 14 0
[70, 70, 70, 70, 70, 70, 70, 70, 90, 90, 90, 70, 50, 30] [250, 230, 210, 190, 170, 150, 130, 110, 110, 90, 70, 70, 70, 70] [227, 458] 14 0
[70, 70, 70, 70, 70, 70, 70, 70, 70, 90, 90, 90, 70, 50] [270, 250, 230, 210, 190, 170, 150, 130, 110, 110, 90, 70, 70, 70] [227, 458] 14 0
[70, 70, 70, 70, 70, 70, 70, 70, 70, 70, 90, 90, 90, 70] [290, 270, 250, 230, 210, 190, 170, 150, 130, 110, 110, 90, 70, 70] [227, 458] 14 0
[70, 70, 70, 70, 70, 70, 70, 70, 70, 70, 70, 90, 90, 90] [310, 290, 270, 250, 230, 210, 190, 170, 150, 130, 110, 110, 90, 70] [227, 458] 14 0
[70, 70, 70, 70, 70, 70, 70, 70, 70, 70, 70, 70, 90, 90] [330, 310, 290, 270, 250, 230, 210, 190, 170, 150, 130, 110, 110, 90] [227, 458] 14 0
[70, 70, 70, 70, 70, 70, 70, 70, 70, 70, 70, 70, 70, 90] [350, 330, 310, 290, 270, 250, 230, 210, 190, 170, 150, 130, 110, 110] [227, 458] 14 0
[70, 70, 70, 70, 70, 70, 70, 70, 70, 70, 70, 70, 70, 70] [370, 350, 330, 310, 290, 270, 250, 230, 210, 190, 170, 150, 130, 110] [227, 458] 14 0
[70, 70, 70, 70, 70, 70, 70, 70, 70, 70, 70, 70, 70, 70] [390, 370, 350, 330, 310, 290, 270, 250, 230, 210, 190, 170, 150, 130] [227, 458] 14 0
[70, 70, 70, 70, 70, 70, 70, 70, 70, 70, 70, 70, 70, 70] [410, 390, 370, 350, 330, 310, 290, 270, 250, 230, 210, 190, 170, 150] [227, 458] 14 0
[70, 70, 70, 70, 70, 70, 70, 70, 70, 70, 70, 70, 70, 70] [430, 410, 390, 370, 350, 330, 310, 290, 270, 250, 230, 210, 190, 170] [227, 458] 14 0
[70, 70, 70, 70, 70, 70, 70, 70, 70, 70, 70, 70, 70, 70] [450, 430, 410, 390, 370, 350, 330, 310, 290, 270, 250, 230, 210, 190] [227, 458] 14 0
[90, 70, 70, 70, 70, 70, 70, 70, 70, 70, 70, 70, 70, 70] [450, 450, 430, 410, 390, 370, 350, 330, 310, 290, 270, 250, 230, 210] [227, 458] 14 1
[110, 90, 70, 70, 70, 70, 70, 70, 70, 70, 70, 70, 70, 70] [450, 450, 450, 430, 410, 390, 370, 350, 330, 310, 290, 270, 250, 230] [227, 458] 14 1
[130, 110, 90, 70, 70, 70, 70, 70, 70, 70, 70, 70, 70, 70] [450, 450, 450, 450, 430, 410, 390, 370, 350, 330, 310, 290, 270, 250] [227, 458] 14 1
[150, 130, 110, 90, 70, 70, 70, 70, 70, 70, 70, 70, 70, 70] [450, 450, 450, 450, 450, 430, 410, 390, 370, 350, 330, 310, 290, 270] [227, 458] 14 1
[170, 150, 130, 110, 90, 70, 70, 70, 70, 70, 70, 70, 70, 70] [450, 450, 450, 450, 450, 450, 430, 410, 390, 370, 350, 330, 310, 290] [227, 458] 14 1
[190, 170, 150, 130, 110, 90, 70, 70, 70, 70, 70, 70, 70, 70] [450, 450, 450, 450, 450, 450, 450, 430, 410, 390, 370, 350, 330, 310] [227, 458] 14 1
[210, 190, 170, 150, 130, 110, 90, 70, 70, 70, 70, 70, 70, 70] [450, 450, 450, 450, 450, 450, 450, 450, 430, 410, 390, 370, 350, 330] [227, 458] 14 1
