[290, 290, 290, 290, 290] [290, 270, 250, 230, 210] [564, 118] 5 0
[310, 290, 290, 290, 290] [290, 290, 270, 250, 230] [564, 118] 5 1
[330, 310, 290, 290, 290] [290, 290, 290, 270, 250] [564, 118] 5 1
[350, 330, 310, 290, 290] [290, 290, 290, 290, 270] [564, 118] 5 1
[370, 350, 330, 310, 290] [290, 290, 290, 290, 290] [564, 118] 5 1
[390, 370, 350, 330, 310] [290, 290, 290, 290, 290] [564, 118] 5 1
[410, 390, 370, 350, 330] [290, 290, 290, 290, 290] [564, 118] 5 1
[430, 410, 390, 370, 350] [290, 290, 290, 290, 290] [564, 118] 5 1
[450, 430, 410, 390, 370] [290, 290, 290, 290, 290] [564, 118] 5 1
[470, 450, 430, 410, 390] [290, 290, 290, 290, 290] [564, 118] 5 1
[490, 470, 450, 430, 410] [290, 290, 290, 290, 290] [564, 118] 5 1
[510, 490, 470, 450, 430] [290, 290, 290, 290, 290] [564, 118] 5 1
[530, 510, 490, 470, 450] [290, 290, 290, 290, 290] [564, 118] 5 1
[550, 530, 510, 490, 470] [290, 290, 290, 290, 290] [564, 118] 5 1
[570, 550, 530, 510, 490] [290, 290, 290, 290, 290] [564, 118] 5 1
[570, 570, 550, 530, 510] [270, 290, 290, 290, 290] [564, 118] 5 2
[570, 570, 570, 550, 530] [250, 270, 290, 290, 290] [564, 118] 5 2
[570, 570, 570, 570, 550] [230, 250, 270, 290, 290] [564, 118] 5 2
[570, 570, 570, 570, 570] [210, 230, 250, 270, 290] [564, 118] 5 2
[570, 570, 570, 570, 570] [190, 210, 230, 250, 270] [564, 118] 5 2
[570, 570, 570, 570, 570] [170, 190, 210, 230, 250] [564, 118] 5 2
[570, 570, 570, 570, 570] [150, 170, 190, 210, 230] [564, 118] 5 2
[570, 570, 570, 570, 570] [130, 150, 170, 190, 210] [564, 118] 5 2
[570, 570, 570, 570, 570] [110, 130, 150, 170, 190] [564, 118] 5 2
[570, 570, 570, 570, 570, 570] [90, 110, 130, 150, 170, 190] [211, 315] 6 2
[550, 570, 570, 570, 570, 570] [90, 90, 110, 130, 150, 170] [211, 315] 6 3
[530, 550, 570, 570, 570, 570] [90, 90, 90, 110, 130, 150] [211, 315] 6 3
[510, 530, 550, 570, 570, 570] [90, 90, 90, 90, 110, 130] [211, 315] 6 3
[490, 510, 530, 550, 570, 570] [90, 90, 90, 90, 90, 110] [211, 315] 6 3
[470, 490, 510, 530, 550, 570] [90, 90, 90, 90, 90, 90] [211, 315] 6 3
[450, 470, 490, 510, 530, 550] [90, 90, 90, 90, 90, 90] [211, 315] 6 3
[430, 450, 470, 490, 510, 530] [90, 90, 90, 90, 90, 90] [211, 315] 6 3
[410, 430, 450, 470, 490, 510] [90, 90, 90, 90, 90, 90] [211, 315] 6 3
[390, 410, 430, 450, 470, 490] [90, 90, 90, 90, 90, 90] [211, 315] 6 3
[370, 390, 410, 430, 450, 470] [90, 90, 90, 90, 90, 90] [211, 315] 6 3
[350, 370, 390, 410, 430, 450] [90, 90, 90, 90, 90, 90] [211, 315] 6 3
[330, 350, 370, 390, 410, 430] [90, 90, 90, 90, 90, 90] [211, 315] 6 3
[310, 330, 350, 370, 390, 410] [90, 90, 90, 90, 90, 90] [211, 315] 6 3
[290, 310, 330, 350, 370, 390] [90, 90, 90, 90, 90, 90] [211, 315] 6 3
[270, 290, 310, 330, 350, 370] [90, 90, 90, 90, 90, 90] [211, 315] 6 3
[250, 270, 290, 310, 330, 350] [90, 90, 90, 90, 90, 90] [211, 315] 6 3
[230, 250, 270, 290, 310, 330] [90, 90, 90, 90, 90, 90] [211, 315] 6 3
[210, 230, 250, 270, 290, 310] [90, 90, 90, 90, 90, 90] [211, 315] 6 3
[210, 210, 230, 250, 270, 290] [110, 90, 90, 90, 90, 90] [211, 315] 6 0
[210, 210, 210, 230, 250, 270] [130, 110, 90, 90, 90, 90] [211, 315] 6 0
[210, 210, 210, 210, 230, 250] [150, 130, 110, 90, 90, 90] [211, 315] 6 0
[210, 210, 210, 210, 210, 230] [170, 150, 130, 110, 90, 90] [211, 315] 6 0
[210, 210, 210, 210, 210, 210] [190, 170, 150, 130, 110, 90] [211, 315] 6 0
[210, 210, 210, 210, 210, 210] [210, 190, 170, 150, 130, 110] [211, 315] 6 0
[210, 210, 210, 210, 210, 210] [230, 210, 190, 170, 150, 130] [211, 315] 6 0
[210, 210, 210, 210, 210, 210] [250, 230, 210, 190, 170, 150] [211, 315] 6 0
[210, 210, 210, 210, 210, 210] [270, 250, 230, 210, 190, 170] [211, 315] 6 0
[210, 210, 210, 210, 210, 210] [290, 270, 250, 230, 210, 190] [211, 315] 6 0
[210, 210, 210, 210, 210, 210] [310, 290, 270, 250, 230, 210] [211, 315] 6 0
[210, 210, 210, 210, 210, 210, 210] [330, 310, 290, 270, 250, 230, 210] [217, 306] 7 0
[210, 210, 210, 210, 210, 210, 210] [350, 330, 310, 290, 270, 250, 230] [217, 306] 7 0
[210, 210, 210, 210, 210, 210, 210] [370, 350, 330, 310, 290, 270, 250] [217, 306] 7 0
[210, 210, 210, 210, 210, 210, 210] [390, 370, 350, 330, 310, 290, 270] [217, 306] 7 0
[210, 210, 210, 210, 210, 210, 210] [410, 390, 370, 350, 330, 310, 290] [217, 306] 7 0
[210, 210, 210, 210, 210, 210, 210] [430, 410, 390, 370, 350, 330, 310] [217, 306] 7 0
[210, 210, 210, 210, 210, 210, 210] [450, 430, 410, 390, 370, 350, 330] [217, 306] 7 0
[230, 210, 210, 210, 210, 210, 210] [450, 450, 430, 410, 390, 370, 350] [217, 306] 7 1
[230, 230, 210, 210, 210, 210, 210] [430, 450, 450, 430, 410, 390, 370] [217, 306] 7 2
[230, 230, 230, 210, 210, 210, 210] [410, 430, 450, 450, 430, 410, 390] [217, 306] 7 2
[230, 230, 230, 230, 210, 210, 210] [390, 410, 430, 450, 450, 430, 410] [217, 306] 7 2
[230, 230, 230, 230, 230, 210, 210] [370, 390, 410, 430, 450, 450, 430] [217, 306] 7 2
[230, 230, 230, 230, 230, 230, 210] [350, 370, 390, 410, 430, 450, 450] [217, 306] 7 2
[230, 230, 230, 230, 230, 230, 230] [330, 350, 370, 390, 410, 430, 450] [217, 306] 7 2
[230, 230, 230, 230, 230, 230, 230] [310, 330, 350, 370, 390, 410, 430] [217, 306] 7 2
[230, 230, 230, 230, 230, 230, 230] [290, 310, 330, 350, 370, 390, 410] [217, 306] 7 2
[210, 230, 230, 230, 230, 230, 230] [290, 290, 310, 330, 350, 370, 390] [217, 306] 7 3
[190, 210, 230, 230, 230, 230, 230, 230] [290, 290, 290, 310, 330, 350, 370, 390] [563, 579] 8 3
[190, 190, 210, 230, 230, 230, 230, 230] [310, 290, 290, 290, 310, 330, 350, 370] [563, 579] 8 0
[190, 190, 190, 210, 230, 230, 230, 230] [330, 310, 290, 290, 290, 310, 330, 350] [563, 579] 8 0
[190, 190, 190, 190, 210, 230, 230, 230] [350, 330, 310, 290, 290, 290, 310, 330] [563, 579] 8 0
[190, 190, 190, 190, 190, 210, 230, 230] [370, 350, 330, 310, 290, 290, 290, 310] [563, 579] 8 0
[190, 190, 190, 190, 190, 190, 210, 230] [390, 370, 350, 330, 310, 290, 290, 290] [563, 579] 8 0
[190, 190, 190, 190, 190, 190, 190, 210] [410, 390, 370, 350, 330, 310, 290, 290] [563, 579] 8 0
[190, 190, 190, 190, 190, 190, 190, 190] [430, 410, 390, 370, 350, 330, 310, 290] [563, 579] 8 0
[190, 190, 190, 190, 190, 190, 190, 190] [450, 430, 410, 390, 370, 350, 330, 310] [563, 579] 8 0
[190, 190, 190, 190, 190, 190, 190, 190] [470, 450, 430, 410, 390, 370, 350, 330] [563, 579] 8 0
[190, 190, 190, 190, 190, 190, 190, 190] [490, 470, 450, 430, 410, 390, 370, 350] [563, 579] 8 0
[190, 190, 190, 190, 190, 190, 190, 190] [510, 490, 470, 450, 430, 410, 390, 370] [563, 579] 8 0
[190, 190, 190, 190, 190, 190, 190, 190] [530, 510, 490, 470, 450, 430, 410, 390] [563, 579] 8 0
[190, 190, 190, 190, 190, 190, 190, 190] [550, 530, 510, 490, 470, 450, 430, 410] [563, 579] 8 0
[190, 190, 190, 190, 190, 190, 190, 190] [570, 550, 530, 510, 490, 470, 450, 430] [563, 579] 8 0
[210, 190, 190, 190, 190, 190, 190, 190] [570, 570, 550, 530, 510, 490, 470, 450] [563, 579] 8 1
[230, 210, 190, 190, 190, 190, 190, 190] [570, 570, 570, 550, 530, 510, 490, 470] [563, 579] 8 1
[250, 230, 210, 190, 190, 190, 190, 190] [570, 570, 570, 570, 550, 530, 510, 490] [563, 579] 8 1
[270, 250, 230, 210, 190, 190, 190, 190] [570, 570, 570, 570, 570, 550, 530, 510] [563, 579] 8 1
[290, 270, 250, 230, 210, 190, 190, 190] [570, 570, 570, 570, 570, 570, 550, 530] [563, 579] 8 1
[310, 290, 270, 250, 230, 210, 190, 190] [570, 570, 570, 570, 570, 570, 570, 550] [563, 579] 8 1
[330, 310, 290, 270, 250, 230, 210, 190] [570, 570, 570, 570, 570, 570, 570, 570] [563, 579] 8 1
[350, 330, 310, 290, 270, 250, 230, 210] [570, 570, 570, 570, 570, 570, 570, 570] [563, 579] 8 1
[370, 350, 330, 310, 290, 270, 250, 230] [570, 570, 570, 570, 570, 570, 570, 570] [563, 579] 8 1
[390, 370, 350, 330, 310, 290, 270, 250] [570, 570, 570, 570, 570, 570, 570, 570] [563, 579] 8 1
[410, 390, 370, 350, 330, 310, 290, 270] [570, 570, 570, 570, 570, 570, 570, 570] [563, 579] 8 1
[430, 410, 390, 370, 350, 330, 310, 290] [570, 570, 570, 570, 570, 570, 570, 570] [563, 579] 8 1
[450, 430, 410, 390, 370, 350, 330, 310] [570, 570, 570, 570, 570, 570, 570, 570] [563, 579] 8 1
[470, 450, 430, 410, 390, 370, 350, 330] [570, 570, 570, 570, 570, 570, 570, 570] [563, 579] 8 1
[490, 470, 450, 430, 410, 390, 370, 350] [570, 570, 570, 570, 570, 570, 570, 570] [563, 579] 8 1
[510, 490, 470, 450, 430, 410, 390, 370] [570, 570, 570, 570, 570, 570, 570, 570] [563, 579] 8 1
[530, 510, 490, 470, 450, 430, 410, 390] [570, 570, 570, 570, 570, 570, 570, 570] [563, 579] 8 1
[550, 530, 510, 490, 470, 450, 430, 410] [570, 570, 570, 570, 570, 570, 570, 570] [563, 579] 8 1
[550, 550, 530, 510, 490, 470, 450, 430, 410] [550, 570, 570, 570, 570, 570, 570, 570, 570] [254, 375] 9 2
[550, 550, 550, 530, 510, 490, 470, 450, 430] [530, 550, 570, 570, 570, 570, 570, 570, 570] [254, 375] 9 2
[550, 550, 550, 550, 530, 510, 490, 470, 450] [510, 530, 550, 570, 570, 570, 570, 570, 570] [254, 375] 9 2
[550, 550, 550, 550, 550, 530, 510, 490, 470] [490, 510, 530, 550, 570, 570, 570, 570, 570] [254, 375] 9 2
[550, 550, 550, 550, 550, 550, 530, 510, 490] [470, 490, 510, 530, 550, 570, 570, 570, 570] [254, 375] 9 2
[550, 550, 550, 550, 550, 550, 550, 530, 510] [450, 470, 490, 510, 530, 550, 570, 570, 570] [254, 375] 9 2
[550, 550, 550, 550, 550, 550, 550, 550, 530] [430, 450, 470, 490, 510, 530, 550, 570, 570] [254, 375] 9 2
[550, 550, 550, 550, 550, 550, 550, 550, 550] [410, 430, 450, 470, 490, 510, 530, 550, 570] [254, 375] 9 2
[550, 550, 550, 550, 550, 550, 550, 550, 550] [390, 410, 430, 450, 470, 490, 510, 530, 550] [254, 375] 9 2
[550, 550, 550, 550, 550, 550, 550, 550, 550] [370, 390, 410, 430, 450, 470, 490, 510, 530] [254, 375] 9 2
[530, 550, 550, 550, 550, 550, 550, 550, 550] [370, 370, 390, 410, 430, 450, 470, 490, 510] [254, 375] 9 3
[510, 530, 550, 550, 550, 550, 550, 550, 550] [370, 370, 370, 390, 410, 430, 450, 470, 490] [254, 375] 9 3
[490, 510, 530, 550, 550, 550, 550, 550, 550] [370, 370, 370, 370, 390, 410, 430, 450, 470] [254, 375] 9 3
[470, 490, 510, 530, 550, 550, 550, 550, 550] [370, 370, 370, 370, 370, 390, 410, 430, 450] [254, 375] 9 3
[450, 470, 490, 510, 530, 550, 550, 550, 550] [370, 370, 370, 370, 370, 370, 390, 410, 430] [254, 375] 9 3
[430, 450, 470, 490, 510, 530, 550, 550, 550] [370, 370, 370, 370, 370, 370, 370, 390, 410] [254, 375] 9 3
[410, 430, 450, 470, 490, 510, 530, 550, 550] [370, 370, 370, 370, 370, 370, 370, 370, 390] [254, 375] 9 3
[390, 410, 430, 450, 470, 490, 510, 530, 550] [370, 370, 370, 370, 370, 370, 370, 370, 370] [254, 375] 9 3
[370, 390, 410, 430, 450, 470, 490, 510, 530] [370, 370, 370, 370, 370, 370, 370, 370, 370] [254, 375] 9 3
[350, 370, 390, 410, 430, 450, 470, 490, 510] [370, 370, 370, 370, 370, 370, 370, 370, 370] [254, 375] 9 3
[330, 350, 370, 390, 410, 430, 450, 470, 490] [370, 370, 370, 370, 370, 370, 370, 370, 370] [254, 375] 9 3
[310, 330, 350, 370, 390, 410, 430, 450, 470] [370, 370, 370, 370, 370, 370, 370, 370, 370] [254, 375] 9 3
[290, 310, 330, 350, 370, 390, 410, 430, 450] [370, 370, 370, 370, 370, 370, 370, 370, 370] [254, 375] 9 3
[270, 290, 310, 330, 350, 370, 390, 410, 430] [370, 370, 370, 370, 370, 370, 370, 370, 370] [254, 375] 9 3
[250, 270, 290, 310, 330, 350, 370, 390, 410] [370, 370, 370, 370, 370, 370, 370, 370, 370] [254, 375] 9 3
[230, 250, 270, 290, 310, 330, 350, 370, 390, 410] [370, 370, 370, 370, 370, 370, 370, 370, 370, 370] [187, 131] 10 3
[210, 230, 250, 270, 290, 310, 330, 350, 370, 390] [370, 370, 370, 370, 370, 370, 370, 370, 370, 370] [187, 131] 10 3
[190, 210, 230, 250, 270, 290, 310, 330, 350, 370] [370, 370, 370, 370, 370, 370, 370, 370, 370, 370] [187, 131] 10 3
[170, 190, 210, 230, 250, 270, 290, 310, 330, 350] [370, 370, 370, 370, 370, 370, 370, 370, 370, 370] [187, 131] 10 3
[170, 170, 190, 210, 230, 250, 270, 290, 310, 330] [350, 370, 370, 370, 370, 370, 370, 370, 370, 370] [187, 131] 10 2
[170, 170, 170, 190, 210, 230, 250, 270, 290, 310] [330, 350, 370, 370, 370, 370, 370, 370, 370, 370] [187, 131] 10 2
[170, 170, 170, 170, 190, 210, 230, 250, 270, 290] [310, 330, 350, 370, 370, 370, 370, 370, 370, 370] [187, 131] 10 2
[170, 170, 170, 170, 170, 190, 210, 230, 250, 270] [290, 310, 330, 350, 370, 370, 370, 370, 370, 370] [187, 131] 10 2
[170, 170, 170, 170, 170, 170, 190, 210, 230, 250] [270, 290, 310, 330, 350, 370, 370, 370, 370, 370] [187, 131] 10 2
[170, 170, 170, 170, 170, 170, 170, 190, 210, 230] [250, 270, 290, 310, 330, 350, 370, 370, 370, 370] [187, 131] 10 2
[170, 170, 170, 170, 170, 170, 170, 170, 190, 210] [230, 250, 270, 290, 310, 330, 350, 370, 370, 370] [187, 131] 10 2
[170, 170, 170, 170, 170, 170, 170, 170, 170, 190] [210, 230, 250, 270, 290, 310, 330, 350, 370, 370] [187, 131] 10 2
[170, 170, 170, 170, 170, 170, 170, 170, 170, 170] [190, 210, 230, 250, 270, 290, 310, 330, 350, 370] [187, 131] 10 2
[170, 170, 170, 170, 170, 170, 170, 170, 170, 170] [170, 190, 210, 230, 250, 270, 290, 310, 330, 350] [187, 131] 10 2
[170, 170, 170, 170, 170, 170, 170, 170, 170, 170] [150, 170, 190, 210, 230, 250, 270, 290, 310, 330] [187, 131] 10 2
[170, 170, 170, 170, 170, 170, 170, 170, 170, 170] [130, 150, 170, 190, 210, 230, 250, 270, 290, 310] [187, 131] 10 2
[170, 170, 170, 170, 170, 170, 170, 170, 170, 170, 170] [110, 130, 150, 170, 190, 210, 230, 250, 270, 290, 310] [461, 59] 11 2
[170, 170, 170, 170, 170, 170, 170, 170, 170, 170, 170] [90, 110, 130, 150, 170, 190, 210, 230, 250, 270, 290] [461, 59] 11 2
[170, 170, 170, 170, 170, 170, 170, 170, 170, 170, 170] [70, 90, 110, 130, 150, 170, 190, 210, 230, 250, 270] [461, 59] 11 2
[190, 170, 170, 170, 170, 170, 170, 170, 170, 170, 170] [70, 70, 90, 110, 130, 150, 170, 190, 210, 230, 250] [461, 59] 11 1
[190, 190, 170, 170, 170, 170, 170, 170, 170, 170, 170] [50, 70, 70, 90, 110, 130, 150, 170, 190, 210, 230] [461, 59] 11 2
[210, 190, 190, 170, 170, 170, 170, 170, 170, 170, 170] [50, 50, 70, 70, 90, 110, 130, 150, 170, 190, 210] [461, 59] 11 1
[230, 210, 190, 190, 170, 170, 170, 170, 170, 170, 170] [50, 50, 50, 70, 70, 90, 110, 130, 150, 170, 190] [461, 59] 11 1
[250, 230, 210, 190, 190, 170, 170, 170, 170, 170, 170] [50, 50, 50, 50, 70, 70, 90, 110, 130, 150, 170] [461, 59] 11 1
[270, 250, 230, 210, 190, 190, 170, 170, 170, 170, 170] [50, 50, 50, 50, 50, 70, 70, 90, 110, 130, 150] [461, 59] 11 1
[290, 270, 250, 230, 210, 190, 190, 170, 170, 170, 170] [50, 50, 50, 50, 50, 50, 70, 70, 90, 110, 130] [461, 59] 11 1
[310, 290, 270, 250, 230, 210, 190, 190, 170, 170, 170] [50, 50, 50, 50, 50, 50, 50, 70, 70, 90, 110] [461, 59] 11 1
[330, 310, 290, 270, 250, 230, 210, 190, 190, 170, 170] [50, 50, 50, 50, 50, 50, 50, 50, 70, 70, 90] [461, 59] 11 1
[350, 330, 310, 290, 270, 250, 230, 210, 190, 190, 170] [50, 50, 50, 50, 50, 50, 50, 50, 50, 70, 70] [461, 59] 11 1
[370, 350, 330, 310, 290, 270, 250, 230, 210, 190, 190] [50, 50, 50, 50, 50, 50, 50, 50, 50, 50, 70] [461, 59] 11 1
[390, 370, 350, 330, 310, 290, 270, 250, 230, 210, 190] [50, 50, 50, 50, 50, 50, 50, 50, 50, 50, 50] [461, 59] 11 1
[410, 390, 370, 350, 330, 310, 290, 270, 250, 230, 210] [50, 50, 50, 50, 50, 50, 50, 50, 50, 50, 50] [461, 59] 11 1
[430, 410, 390, 370, 350, 330, 310, 290, 270, 250, 230] [50, 50, 50, 50, 50, 50, 50, 50, 50, 50, 50] [461, 59] 11 1
[450, 430, 410, 390, 370, 350, 330, 310, 290, 270, 250] [50, 50, 50, 50, 50, 50, 50, 50, 50, 50, 50] [461, 59] 11 1
[470, 450, 430, 410, 390, 370, 350, 330, 310, 290, 270, 250] [50, 50, 50, 50, 50, 50, 50, 50, 50, 50, 50, 50] [167, 164] 12 1
[470, 470, 450, 430, 410, 390, 370, 350, 330, 310, 290, 270] [70, 50, 50, 50, 50, 50, 50, 50, 50, 50, 50, 50] [167, 164] 12 0
[470, 470, 470, 450, 430, 410, 390, 370, 350, 330, 310, 290] [90, 70, 50, 50, 50, 50, 50, 50, 50, 50, 50, 50] [167, 164] 12 0
[470, 470, 470, 470, 450, 430, 410, 390, 370, 350, 330, 310] [110, 90, 70, 50, 50, 50, 50, 50, 50, 50, 50, 50] [167, 164] 12 0
[470, 470, 470, 470, 470, 450, 430, 410, 390, 370, 350, 330] [130, 110, 90, 70, 50, 50, 50, 50, 50, 50, 50, 50] [167, 164] 12 0
[470, 470, 470, 470, 470, 470, 450, 430, 410, 390, 370, 350] [150, 130, 110, 90, 70, 50, 50, 50, 50, 50, 50, 50] [167, 164] 12 0
[470, 470, 470, 470, 470, 470, 470, 450, 430, 410, 390, 370] [170, 150, 130, 110, 90, 70, 50, 50, 50, 50, 50, 50] [167, 164] 12 0
[450, 470, 470, 470, 470, 470, 470, 470, 450, 430, 410, 390] [170, 170, 150, 130, 110, 90, 70, 50, 50, 50, 50, 50] [167, 164] 12 3
[430, 450, 470, 470, 470, 470, 470, 470, 470, 450, 430, 410] [170, 170, 170, 150, 130, 110, 90, 70, 50, 50, 50, 50] [167, 164] 12 3
[410, 430, 450, 470, 470, 470, 470, 470, 470, 470, 450, 430] [170, 170, 170, 170, 150, 130, 110, 90, 70, 50, 50, 50] [167, 164] 12 3
[390, 410, 430, 450, 470, 470, 470, 470, 470, 470, 470, 450] [170, 170, 170, 170, 170, 150, 130, 110, 90, 70, 50, 50] [167, 164] 12 3
[370, 390, 410, 430, 450, 470, 470, 470, 470, 470, 470, 470] [170, 170, 170, 170, 170, 170, 150, 130, 110, 90, 70, 50] [167, 164] 12 3
[350, 370, 390, 410, 430, 450, 470, 470, 470, 470, 470, 470] [170, 170, 170, 170, 170, 170, 170, 150, 130, 110, 90, 70] [167, 164] 12 3
[330, 350, 370, 390, 410, 430, 450, 470, 470, 470, 470, 470] [170, 170, 170, 170, 170, 170, 170, 170, 150, 130, 110, 90] [167, 164] 12 3
[310, 330, 350, 370, 390, 410, 430, 450, 470, 470, 470, 470] [170, 170, 170, 170, 170, 170, 170, 170, 170, 150, 130, 110] [167, 164] 12 3
[290, 310, 330, 350, 370, 390, 410, 430, 450, 470, 470, 470] [170, 170, 170, 170, 170, 170, 170, 170, 170, 170, 150, 130] [167, 164] 12 3
[270, 290, 310, 330, 350, 370, 390, 410, 430, 450, 470, 470] [170, 170, 170, 170, 170, 170, 170, 170, 170, 170, 170, 150] [167, 164] 12 3
[250, 270, 290, 310, 330, 350, 370, 390, 410, 430, 450, 470] [170, 170, 170, 170, 170, 170, 170, 170, 170, 170, 170, 170] [167, 164] 12 3
[230, 250, 270, 290, 310, 330, 350, 370, 390, 410, 430, 450] [170, 170, 170, 170, 170, 170, 170, 170, 170, 170, 170, 170] [167, 164] 12 3
[210, 230, 250, 270, 290, 310, 330, 350, 370, 390, 410, 430] [170, 170, 170, 170, 170, 170, 170, 170, 170, 170, 170, 170] [167, 164] 12 3
[190, 210, 230, 250, 270, 290, 310, 330, 350, 370, 390, 410] [170, 170, 170, 170, 170, 170, 170, 170, 170, 170, 170, 170] [167, 164] 12 3
[170, 190, 210, 230, 250, 270, 290, 310, 330, 350, 370, 390] [170, 170, 170, 170, 170, 170, 170, 170, 170, 170, 170, 170] [167, 164] 12 3
[150, 170, 190, 210, 230, 250, 270, 290, 310, 330, 350, 370, 390] [170, 170, 170, 170, 170, 170, 170, 170, 170, 170, 170, 170, 170] [575, 424] 13 3
[150, 150, 170, 190, 210, 230, 250, 270, 290, 310, 330, 350, 370] [190, 170, 170, 170, 170, 170, 170, 170, 170, 170, 170, 170, 170] [575, 424] 13 0
[150, 150, 150, 170, 190, 210, 230, 250, 270, 290, 310, 330, 350] [210, 190, 170, 170, 170, 170, 170, 170, 170, 170, 170, 170, 170] [575, 424] 13 0
[150, 150, 150, 150, 170, 190, 210, 230, 250, 270, 290, 310, 330] [230, 210, 190, 170, 170, 170, 170, 170, 170, 170, 170, 170, 170] [575, 424] 13 0
[150, 150, 150, 150, 150, 170, 190, 210, 230, 250, 270, 290, 310] [250, 230, 210, 190, 170, 170, 170, 170, 170, 170, 170, 170, 170] [575, 424] 13 0
[150, 150, 150, 150, 150, 150, 170, 190, 210, 230, 250, 270, 290] [270, 250, 230, 210, 190, 170, 170, 170, 170, 170, 170, 170, 170] [575, 424] 13 0
[150, 150, 150, 150, 150, 150, 150, 170, 190, 210, 230, 250, 270] [290, 270, 250, 230, 210, 190, 170, 170, 170, 170, 170, 170, 170] [575, 424] 13 0
[150, 150, 150, 150, 150, 150, 150, 150, 170, 190, 210, 230, 250] [310, 290, 270, 250, 230, 210, 190, 170, 170, 170, 170, 170, 170] [575, 424] 13 0
[150, 150, 150, 150, 150, 150, 150, 150, 150, 170, 190, 210, 230] [330, 310, 290, 270, 250, 230, 210, 190, 170, 170, 170, 170, 170] [575, 424] 13 0
[150, 150, 150, 150, 150, 150, 150, 150, 150, 150, 170, 190, 210] [350, 330, 310, 290, 270, 250, 230, 210, 190, 170, 170, 170, 170] [575, 424] 13 0
[150, 150, 150, 150, 150, 150, 150, 150, 150, 150, 150, 170, 190] [370, 350, 330, 310, 290, 270, 250, 230, 210, 190, 170, 170, 170] [575, 424] 13 0
[150, 150, 150, 150, 150, 150, 150, 150, 150, 150, 150, 150, 170] [390, 370, 350, 330, 310, 290, 270, 250, 230, 210, 190, 170, 170] [575, 424] 13 0
[150, 150, 150, 150, 150, 150, 150, 150, 150, 150, 150, 150, 150] [410, 390, 370, 350, 330, 310, 290, 270, 250, 230, 210, 190, 170] [575, 424] 13 0
[170, 150, 150, 150, 150, 150, 150, 150, 150, 150, 150, 150, 150] [410, 410, 390, 370, 350, 330, 310, 290, 270, 250, 230, 210, 190] [575, 424] 13 1
[190, 170, 150, 150, 150, 150, 150, 150, 150, 150, 150, 150, 150] [410, 410, 410, 390, 370, 350, 330, 310, 290, 270, 250, 230, 210] [575, 424] 13 1
[210, 190, 170, 150, 150, 150, 150, 150, 150, 150, 150, 150, 150] [410, 410, 410, 410, 390, 370, 350, 330, 310, 290, 270, 250, 230] [575, 424] 13 1
[230, 210, 190, 170, 150, 150, 150, 150, 150, 150, 150, 150, 150] [410, 410, 410, 410, 410, 390, 370, 350, 330, 310, 290, 270, 250] [575, 424] 13 1
[250, 230, 210, 190, 170, 150, 150, 150, 150, 150, 150, 150, 150] [410, 410, 410, 410, 410, 410, 390, 370, 350, 330, 310, 290, 270] [575, 424] 13 1
[270, 250, 230, 210, 190, 170, 150, 150, 150, 150, 150, 150, 150] [410, 410, 410, 410, 410, 410, 410, 390, 370, 350, 330, 310, 290] [575, 424] 13 1
[290, 270, 250, 230, 210, 190, 170, 150, 150, 150, 150, 150, 150] [410, 410, 410, 410, 410, 410, 410, 410, 390, 370, 350, 330, 310] [575, 424] 13 1
[310, 290, 270, 250, 230, 210, 190, 170, 150, 150, 150, 150, 150] [410, 410, 410, 410, 410, 410, 410, 410, 410, 390, 370, 350, 330] [575, 424] 13 1
[330, 310, 290, 270, 250, 230, 210, 190, 170, 150, 150, 150, 150] [410, 410, 410, 410, 410, 410, 410, 410, 410, 410, 390, 370, 350] [575, 424] 13 1
[350, 330, 310, 290, 270, 250, 230, 210, 190, 170, 150, 150, 150] [410, 410, 410, 410, 410, 410, 410, 410, 410, 410, 410, 390, 370] [575, 424] 13 1
[370, 350, 330, 310, 290, 270, 250, 230, 210, 190, 170, 150, 150] [410, 410, 410, 410, 410, 410, 410, 410, 410, 410, 410, 410, 390] [575, 424] 13 1
[390, 370, 350, 330, 310, 290, 270, 250, 230, 210, 190, 170, 150] [410, 410, 410, 410, 410, 410, 410, 410, 410, 410, 410, 410, 410] [575, 424] 13 1
[410, 390, 370, 350, 330, 310, 290, 270, 250, 230, 210, 190, 170] [410, 410, 410, 410, 410, 410, 410, 410, 410, 410, 410, 410, 410] [575, 424] 13 1
[430, 410, 390, 370, 350, 330, 310, 290, 270, 250, 230, 210, 190] [410, 410, 410, 410, 410, 410, 410, 410, 410, 410, 410, 410, 410] [575, 424] 13 1
[450, 430, 410, 390, 370, 350, 330, 310, 290, 270, 250, 230, 210] [410, 410, 410, 410, 410, 410, 410, 410, 410, 410, 410, 410, 410] [575, 424] 13 1
[470, 450, 430, 410, 390, 370, 350, 330, 310, 290, 270, 250, 230] [410, 410, 410, 410, 410, 410, 410, 410, 410, 410, 410, 410, 410] [575, 424] 13 1
[490, 470, 450, 430, 410, 390, 370, 350, 330, 310, 290, 270, 250] [410, 410, 410, 410, 410, 410, 410, 410, 410, 410, 410, 410, 410] [575, 424] 13 1
[510, 490, 470, 450, 430, 410, 390, 370, 350, 330, 310, 290, 270] [410, 410, 410, 410, 410, 410, 410, 410, 410, 410, 410, 410, 410] [575, 424] 13 1
[530, 510, 490, 470, 450, 430, 410, 390, 370, 350, 330, 310, 290] [410, 410, 410, 410, 410, 410, 410, 410, 410, 410, 410, 410, 410] [575, 424] 13 1
[550, 530, 510, 490, 470, 450, 430, 410, 390, 370, 350, 330, 310] [410, 410, 410, 410, 410, 410, 410, 410, 410, 410, 410, 410, 410] [575, 424] 13 1
[550, 550, 530, 510, 490, 470, 450, 430, 410, 390, 370, 350, 330] [430, 410, 410, 410, 410, 410, 410, 410, 410, 410, 410, 410, 410] [575, 424] 13 0
[550, 550, 550, 530, 510, 490, 470, 450, 430, 410, 390, 370, 350] [450, 430, 410, 410, 410, 410, 410, 410, 410, 410, 410, 410, 410] [575, 424] 13 0
[570, 550, 550, 550, 530, 510, 490, 470, 450, 430, 410, 390, 370] [450, 450, 430, 410, 410, 410, 410, 410, 410, 410, 410, 410, 410] [575, 424] 13 1
[570, 570, 550, 550, 550, 530, 510, 490, 470, 450, 430, 410, 390] [430, 450, 450, 430, 410, 410, 410, 410, 410, 410, 410, 410, 410] [575, 424] 13 2
