[290, 290, 290, 290, 290] [290, 270, 250, 230, 210] [390, 59] 5 0
[310, 290, 290, 290, 290] [290, 290, 270, 250, 230] [390, 59] 5 1
[330, 310, 290, 290, 290] [290, 290, 290, 270, 250] [390, 59] 5 1
[350, 330, 310, 290, 290] [290, 290, 290, 290, 270] [390, 59] 5 1
[370, 350, 330, 310, 290] [290, 290, 290, 290, 290] [390, 59] 5 1
[390, 370, 350, 330, 310] [290, 290, 290, 290, 290] [390, 59] 5 1
[390, 390, 370, 350, 330] [270, 290, 290, 290, 290] [390, 59] 5 2
[390, 390, 390, 370, 350] [250, 270, 290, 290, 290] [390, 59] 5 2
[390, 390, 390, 390, 370] [230, 250, 270, 290, 290] [390, 59] 5 2
[390, 390, 390, 390, 390] [210, 230, 250, 270, 290] [390, 59] 5 2
[390, 390, 390, 390, 390] [190, 210, 230, 250, 270] [390, 59] 5 2
[390, 390, 390, 390, 390] [170, 190, 210, 230, 250] [390, 59] 5 2
[390, 390, 390, 390, 390] [150, 170, 190, 210, 230] [390, 59] 5 2
[390, 390, 390, 390, 390] [130, 150, 170, 190, 210] [390, 59] 5 2
[390, 390, 390, 390, 390] [110, 130, 150, 170, 190] [390, 59] 5 2
[390, 390, 390, 390, 390] [90, 110, 130, 150, 170] [390, 59] 5 2
[390, 390, 390, 390, 390] [70, 90, 110, 130, 150] [390, 59] 5 2
[390, 390, 390, 390, 390] [50, 70, 90, 110, 130] [390, 59] 5 2
[370, 390, 390, 390, 390, 390] [50, 50, 70, 90, 110, 130] [227, 49] 6 3
[350, 370, 390, 390, 390, 390] [50, 50, 50, 70, 90, 110] [227, 49] 6 3
[330, 350, 370, 390, 390, 390] [50, 50, 50, 50, 70, 90] [227, 49] 6 3
[310, 330, 350, 370, 390, 390] [50, 50, 50, 50, 50, 70] [227, 49] 6 3
[290, 310, 330, 350, 370, 390] [50, 50, 50, 50, 50, 50] [227, 49] 6 3
[270, 290, 310, 330, 350, 370] [50, 50, 50, 50, 50, 50] [227, 49] 6 3
[250, 270, 290, 310, 330, 350] [50, 50, 50, 50, 50, 50] [227, 49] 6 3
[230, 250, 270, 290, 310, 330] [50, 50, 50, 50, 50, 50] [227, 49] 6 3
[210, 230, 250, 270, 290, 310, 330] [50, 50, 50, 50, 50, 50, 50] [438, 571] 7 3
[210, 210, 230, 250, 270, 290, 310] [70, 50, 50, 50, 50, 50, 50] [438, 571] 7 0
[210, 210, 210, 230, 250, 270, 290] [90, 70, 50, 50, 50, 50, 50] [438, 571] 7 0
[210, 210, 210, 210, 230, 250, 270] [110, 90, 70, 50, 50, 50, 50] [438, 571] 7 0
[210, 210, 210, 210, 210, 230, 250] [130, 110, 90, 70, 50, 50, 50] [438, 571] 7 0
[210, 210, 210, 210, 210, 210, 230] [150, 130, 110, 90, 70, 50, 50] [438, 571] 7 0
[210, 210, 210, 210, 210, 210, 210] [170, 150, 130, 110, 90, 70, 50] [438, 571] 7 0
[210, 210, 210, 210, 210, 210, 210] [190, 170, 150, 130, 110, 90, 70] [438, 571] 7 0
[210, 210, 210, 210, 210, 210, 210] [210, 190, 170, 150, 130, 110, 90] [438, 571] 7 0
[210, 210, 210, 210, 210, 210, 210] [230, 210, 190, 170, 150, 130, 110] [438, 571] 7 0
[210, 210, 210, 210, 210, 210, 210] [250, 230, 210, 190, 170, 150, 130] [438, 571] 7 0
[210, 210, 210, 210, 210, 210, 210] [270, 250, 230, 210, 190, 170, 150] [438, 571] 7 0
[210, 210, 210, 210, 210, 210, 210] [290, 270, 250, 230, 210, 190, 170] [438, 571] 7 0
[210, 210, 210, 210, 210, 210, 210] [310, 290, 270, 250, 230, 210, 190] [438, 571] 7 0
[210, 210, 210, 210, 210, 210, 210] [330, 310, 290, 270, 250, 230, 210] [438, 571] 7 0
[210, 210, 210, 210, 210, 210, 210] [350, 330, 310, 290, 270, 250, 230] [438, 571] 7 0
[210, 210, 210, 210, 210, 210, 210] [370, 350, 330, 310, 290, 270, 250] [438, 571] 7 0
[210, 210, 210, 210, 210, 210, 210] [390, 370, 350, 330, 310, 290, 270] [438, 571] 7 0
[210, 210, 210, 210, 210, 210, 210] [410, 390, 370, 350, 330, 310, 290] [438, 571] 7 0
[210, 210, 210, 210, 210, 210, 210] [430, 410, 390, 370, 350, 330, 310] [438, 571] 7 0
[210, 210, 210, 210, 210, 210, 210] [450, 430, 410, 390, 370, 350, 330] [438, 571] 7 0
[210, 210, 210, 210, 210, 210, 210] [470, 450, 430, 410, 390, 370, 350] [438, 571] 7 0
[210, 210, 210, 210, 210, 210, 210] [490, 470, 450, 430, 410, 390, 370] [438, 571] 7 0
[210, 210, 210, 210, 210, 210, 210] [510, 490, 470, 450, 430, 410, 390] [438, 571] 7 0
[210, 210, 210, 210, 210, 210, 210] [530, 510, 490, 470, 450, 430, 410] [438, 571] 7 0
[210, 210, 210, 210, 210, 210, 210] [550, 530, 510, 490, 470, 450, 430] [438, 571] 7 0
[210, 210, 210, 210, 210, 210, 210] [570, 550, 530, 510, 490, 470, 450] [438, 571] 7 0
[230, 210, 210, 210, 210, 210, 210] [570, 570, 550, 530, 510, 490, 470] [438, 571] 7 1
[250, 230, 210, 210, 210, 210, 210] [570, 570, 570, 550, 530, 510, 490] [438, 571] 7 1
[270, 250, 230, 210, 210, 210, 210] [570, 570, 570, 570, 550, 530, 510] [438, 571] 7 1
[290, 270, 250, 230, 210, 210, 210] [570, 570, 570, 570, 570, 550, 530] [438, 571] 7 1
[310, 290, 270, 250, 230, 210, 210] [570, 570, 570, 570, 570, 570, 550] [438, 571] 7 1
[330, 310, 290, 270, 250, 230, 210] [570, 570, 570, 570, 570, 570, 570] [438, 571] 7 1
[350, 330, 310, 290, 270, 250, 230] [570, 570, 570, 570, 570, 570, 570] [438, 571] 7 1
[370, 350, 330, 310, 290, 270, 250] [570, 570, 570, 570, 570, 570, 570] [438, 571] 7 1
[390, 370, 350, 330, 310, 290, 270] [570, 570, 570, 570, 570, 570, 570] [438, 571] 7 1
[410, 390, 370, 350, 330, 310, 290] [570, 570, 570, 570, 570, 570, 570] [438, 571] 7 1
[430, 410, 390, 370, 350, 330, 310] [570, 570, 570, 570, 570, 570, 570] [438, 571] 7 1
[450, 430, 410, 390, 370, 350, 330, 310] [570, 570, 570, 570, 570, 570, 570, 570] [20, 120] 8 1
[450, 450, 430, 410, 390, 370, 350, 330] [550, 570, 570, 570, 570, 570, 570, 570] [20, 120] 8 2
[450, 450, 450, 430, 410, 390, 370, 350] [530, 550, 570, 570, 570, 570, 570, 570] [20, 120] 8 2
[450, 450, 450, 450, 430, 410, 390, 370] [510, 530, 550, 570, 570, 570, 570, 570] [20, 120] 8 2
[450, 450, 450, 450, 450, 430, 410, 390] [490, 510, 530, 550, 570, 570, 570, 570] [20, 120] 8 2
[450, 450, 450, 450, 450, 450, 430, 410] [470, 490, 510, 530, 550, 570, 570, 570] [20, 120] 8 2
[450, 450, 450, 450, 450, 450, 450, 430] [450, 470, 490, 510, 530, 550, 570, 570] [20, 120] 8 2
[450, 450, 450, 450, 450, 450, 450, 450] [430, 450, 470, 490, 510, 530, 550, 570] [20, 120] 8 2
[450, 450, 450, 450, 450, 450, 450, 450] [410, 430, 450, 470, 490, 510, 530, 550] [20, 120] 8 2
[450, 450, 450, 450, 450, 450, 450, 450] [390, 410, 430, 450, 470, 490, 510, 530] [20, 120] 8 2
[450, 450, 450, 450, 450, 450, 450, 450] [370, 390, 410, 430, 450, 470, 490, 510] [20, 120] 8 2
[450, 450, 450, 450, 450, 450, 450, 450] [350, 370, 390, 410, 430, 450, 470, 490] [20, 120] 8 2
[450, 450, 450, 450, 450, 450, 450, 450] [330, 350, 370, 390, 410, 430, 450, 470] [20, 120] 8 2
[450, 450, 450, 450, 450, 450, 450, 450] [310, 330, 350, 370, 390, 410, 430, 450] [20, 120] 8 2
[450, 450, 450, 450, 450, 450, 450, 450] [290, 310, 330, 350, 370, 390, 410, 430] [20, 120] 8 2
[450, 450, 450, 450, 450, 450, 450, 450] [270, 290, 310, 330, 350, 370, 390, 410] [20, 120] 8 2
[450, 450, 450, 450, 450, 450, 450, 450] [250, 270, 290, 310, 330, 350, 370, 390] [20, 120] 8 2
[450, 450, 450, 450, 450, 450, 450, 450] [230, 250, 270, 290, 310, 330, 350, 370] [20, 120] 8 2
[450, 450, 450, 450, 450, 450, 450, 450] [210, 230, 250, 270, 290, 310, 330, 350] [20, 120] 8 2
[450, 450, 450, 450, 450, 450, 450, 450] [190, 210, 230, 250, 270, 290, 310, 330] [20, 120] 8 2
[450, 450, 450, 450, 450, 450, 450, 450] [170, 190, 210, 230, 250, 270, 290, 310] [20, 120] 8 2
[450, 450, 450, 450, 450, 450, 450, 450] [150, 170, 190, 210, 230, 250, 270, 290] [20, 120] 8 2
[450, 450, 450, 450, 450, 450, 450, 450] [130, 150, 170, 190, 210, 230, 250, 270] [20, 120] 8 2
[450, 450, 450, 450, 450, 450, 450, 450] [110, 130, 150, 170, 190, 210, 230, 250] [20, 120] 8 2
[430, 450, 450, 450, 450, 450, 450, 450] [110, 110, 130, 150, 170, 190, 210, 230] [20, 120] 8 3
[410, 430, 450, 450, 450, 450, 450, 450] [110, 110, 110, 130, 150, 170, 190, 210] [20, 120] 8 3
[390, 410, 430, 450, 450, 450, 450, 450] [110, 110, 110, 110, 130, 150, 170, 190] [20, 120] 8 3
[370, 390, 410, 430, 450, 450, 450, 450] [110, 110, 110, 110, 110, 130, 150, 170] [20, 120] 8 3
[350, 370, 390, 410, 430, 450, 450, 450] [110, 110, 110, 110, 110, 110, 130, 150] [20, 120] 8 3
[330, 350, 370, 390, 410, 430, 450, 450] [110, 110, 110, 110, 110, 110, 110, 130] [20, 120] 8 3
[310, 330, 350, 370, 390, 410, 430, 450] [110, 110, 110, 110, 110, 110, 110, 110] [20, 120] 8 3
[290, 310, 330, 350, 370, 390, 410, 430] [110, 110, 110, 110, 110, 110, 110, 110] [20, 120] 8 3
[270, 290, 310, 330, 350, 370, 390, 410] [110, 110, 110, 110, 110, 110, 110, 110] [20, 120] 8 3
[250, 270, 290, 310, 330, 350, 370, 390] [110, 110, 110, 110, 110, 110, 110, 110] [20, 120] 8 3
[230, 250, 270, 290, 310, 330, 350, 370] [110, 110, 110, 110, 110, 110, 110, 110] [20, 120] 8 3
[210, 230, 250, 270, 290, 310, 330, 350] [110, 110, 110, 110, 110, 110, 110, 110] [20, 120] 8 3
[190, 210, 230, 250, 270, 290, 310, 330] [110, 110, 110, 110, 110, 110, 110, 110] [20, 120] 8 3
[170, 190, 210, 230, 250, 270, 290, 310] [110, 110, 110, 110, 110, 110, 110, 110] [20, 120] 8 3
[150, 170, 190, 210, 230, 250, 270, 290] [110, 110, 110, 110, 110, 110, 110, 110] [20, 120] 8 3
[130, 150, 170, 190, 210, 230, 250, 270] [110, 110, 110, 110, 110, 110, 110, 110] [20, 120] 8 3
[110, 130, 150, 170, 190, 210, 230, 250] [110, 110, 110, 110, 110, 110, 110, 110] [20, 120] 8 3
[90, 110, 130, 150, 170, 190, 210, 230] [110, 110, 110, 110, 110, 110, 110, 110] [20, 120] 8 3
[70, 90, 110, 130, 150, 170, 190, 210] [110, 110, 110, 110, 110, 110, 110, 110] [20, 120] 8 3
[50, 70, 90, 110, 130, 150, 170, 190] [110, 110, 110, 110, 110, 110, 110, 110] [20, 120] 8 3
[30, 50, 70, 90, 110, 130, 150, 170] [110, 110, 110, 110, 110, 110, 110, 110] [20, 120] 8 3
[30, 30, 50, 70, 90, 110, 130, 150] [130, 110, 110, 110, 110, 110, 110, 110] [20, 120] 8 0
[10, 30, 30, 50, 70, 90, 110, 130] [130, 130, 110, 110, 110, 110, 110, 110] [20, 120] 8 3
[10, 10, 30, 30, 50, 70, 90, 110] [110, 130, 130, 110, 110, 110, 110, 110] [20, 120] 8 2
[10, 10, 10, 30, 30, 50, 70, 90, 110] [90, 110, 130, 130, 110, 110, 110, 110, 110] [584, 273] 9 2
[30, 10, 10, 10, 30, 30, 50, 70, 90] [90, 90, 110, 130, 130, 110, 110, 110, 110] [584, 273] 9 1
[50, 30, 10, 10, 10, 30, 30, 50, 70] [90, 90, 90, 110, 130, 130, 110, 110, 110] [584, 273] 9 1
[70, 50, 30, 10, 10, 10, 30, 30, 50] [90, 90, 90, 90, 110, 130, 130, 110, 110] [584, 273] 9 1
[90, 70, 50, 30, 10, 10, 10, 30, 30] [90, 90, 90, 90, 90, 110, 130, 130, 110] [584, 273] 9 1
[110, 90, 70, 50, 30, 10, 10, 10, 30] [90, 90, 90, 90, 90, 90, 110, 130, 130] [584, 273] 9 1
[130, 110, 90, 70, 50, 30, 10, 10, 10] [90, 90, 90, 90, 90, 90, 90, 110, 130] [584, 273] 9 1
[150, 130, 110, 90, 70, 50, 30, 10, 10] [90, 90, 90, 90, 90, 90, 90, 90, 110] [584, 273] 9 1
[170, 150, 130, 110, 90, 70, 50, 30, 10] [90, 90, 90, 90, 90, 90, 90, 90, 90] [584, 273] 9 1
[190, 170, 150, 130, 110, 90, 70, 50, 30] [90, 90, 90, 90, 90, 90, 90, 90, 90] [584, 273] 9 1
[210, 190, 170, 150, 130, 110, 90, 70, 50] [90, 90, 90, 90, 90, 90, 90, 90, 90] [584, 273] 9 1
[230, 210, 190, 170, 150, 130, 110, 90, 70] [90, 90, 90, 90, 90, 90, 90, 90, 90] [584, 273] 9 1
[250, 230, 210, 190, 170, 150, 130, 110, 90] [90, 90, 90, 90, 90, 90, 90, 90, 90] [584, 273] 9 1
[270, 250, 230, 210, 190, 170, 150, 130, 110] [90, 90, 90, 90, 90, 90, 90, 90, 90] [584, 273] 9 1
[290, 270, 250, 230, 210, 190, 170, 150, 130] [90, 90, 90, 90, 90, 90, 90, 90, 90] [584, 273] 9 1
[310, 290, 270, 250, 230, 210, 190, 170, 150] [90, 90, 90, 90, 90, 90, 90, 90, 90] [584, 273] 9 1
[330, 310, 290, 270, 250, 230, 210, 190, 170] [90, 90, 90, 90, 90, 90, 90, 90, 90] [584, 273] 9 1
[350, 330, 310, 290, 270, 250, 230, 210, 190] [90, 90, 90, 90, 90, 90, 90, 90, 90] [584, 273] 9 1
[370, 350, 330, 310, 290, 270, 250, 230, 210] [90, 90, 90, 90, 90, 90, 90, 90, 90] [584, 273] 9 1
[390, 370, 350, 330, 310, 290, 270, 250, 230] [90, 90, 90, 90, 90, 90, 90, 90, 90] [584, 273] 9 1
[410, 390, 370, 350, 330, 310, 290, 270, 250] [90, 90, 90, 90, 90, 90, 90, 90, 90] [584, 273] 9 1
[430, 410, 390, 370, 350, 330, 310, 290, 270] [90, 90, 90, 90, 90, 90, 90, 90, 90] [584, 273] 9 1
[450, 430, 410, 390, 370, 350, 330, 310, 290] [90, 90, 90, 90, 90, 90, 90, 90, 90] [584, 273] 9 1
[470, 450, 430, 410, 390, 370, 350, 330, 310] [90, 90, 90, 90, 90, 90, 90, 90, 90] [584, 273] 9 1
[490, 470, 450, 430, 410, 390, 370, 350, 330] [90, 90, 90, 90, 90, 90, 90, 90, 90] [584, 273] 9 1
[510, 490, 470, 450, 430, 410, 390, 370, 350] [90, 90, 90, 90, 90, 90, 90, 90, 90] [584, 273] 9 1
[530, 510, 490, 470, 450, 430, 410, 390, 370] [90, 90, 90, 90, 90, 90, 90, 90, 90] [584, 273] 9 1
[550, 530, 510, 490, 470, 450, 430, 410, 390] [90, 90, 90, 90, 90, 90, 90, 90, 90] [584, 273] 9 1
[570, 550, 530, 510, 490, 470, 450, 430, 410] [90, 90, 90, 90, 90, 90, 90, 90, 90] [584, 273] 9 1
[570, 570, 550, 530, 510, 490, 470, 450, 430] [110, 90, 90, 90, 90, 90, 90, 90, 90] [584, 273] 9 0
[570, 570, 570, 550, 530, 510, 490, 470, 450] [130, 110, 90, 90, 90, 90, 90, 90, 90] [584, 273] 9 0
[570, 570, 570, 570, 550, 530, 510, 490, 470] [150, 130, 110, 90, 90, 90, 90, 90, 90] [584, 273] 9 0
[570, 570, 570, 570, 570, 550, 530, 510, 490] [170, 150, 130, 110, 90, 90, 90, 90, 90] [584, 273] 9 0
[570, 570, 570, 570, 570, 570, 550, 530, 510] [190, 170, 150, 130, 110, 90, 90, 90, 90] [584, 273] 9 0
[570, 570, 570, 570, 570, 570, 570, 550, 530] [210, 190, 170, 150, 130, 110, 90, 90, 90] [584, 273] 9 0
[570, 570, 570, 570, 570, 570, 570, 570, 550] [230, 210, 190, 170, 150, 130, 110, 90, 90] [584, 273] 9 0
[570, 570, 570, 570, 570, 570, 570, 570, 570] [250, 230, 210, 190, 170, 150, 130, 110, 90] [584, 273] 9 0
[570, 570, 570, 570, 570, 570, 570, 570, 570] [270, 250, 230, 210, 190, 170, 150, 130, 110] [584, 273] 9 0
[570, 570, 570, 570, 570, 570, 570, 570, 570, 570] [290, 270, 250, 230, 210, 190, 170, 150, 130, 110] [94, 490] 10 0
[570, 570, 570, 570, 570, 570, 570, 570, 570, 570] [310, 290, 270, 250, 230, 210, 190, 170, 150, 130] [94, 490] 10 0
[570, 570, 570, 570, 570, 570, 570, 570, 570, 570] [330, 310, 290, 270, 250, 230, 210, 190, 170, 150] [94, 490] 10 0
[570, 570, 570, 570, 570, 570, 570, 570, 570, 570] [350, 330, 310, 290, 270, 250, 230, 210, 190, 170] [94, 490] 10 0
[570, 570, 570, 570, 570, 570, 570, 570, 570, 570] [370, 350, 330, 310, 290, 270, 250, 230, 210, 190] [94, 490] 10 0
[570, 570, 570, 570, 570, 570, 570, 570, 570, 570] [390, 370, 350, 330, 310, 290, 270, 250, 230, 210] [94, 490] 10 0
[570, 570, 570, 570, 570, 570, 570, 570, 570, 570] [410, 390, 370, 350, 330, 310, 290, 270, 250, 230] [94, 490] 10 0
[570, 570, 570, 570, 570, 570, 570, 570, 570, 570] [430, 410, 390, 370, 350, 330, 310, 290, 270, 250] [94, 490] 10 0
[570, 570, 570, 570, 570, 570, 570, 570, 570, 570] [450, 430, 410, 390, 370, 350, 330, 310, 290, 270] [94, 490] 10 0
[570, 570, 570, 570, 570, 570, 570, 570, 570, 570] [470, 450, 430, 410, 390, 370, 350, 330, 310, 290] [94, 490] 10 0
[570, 570, 570, 570, 570, 570, 570, 570, 570, 570] [490, 470, 450, 430, 410, 390, 370, 350, 330, 310] [94, 490] 10 0
[550, 570, 570, 570, 570, 570, 570, 570, 570, 570] [490, 490, 470, 450, 430, 410, 390, 370, 350, 330] [94, 490] 10 3
[530, 550, 570, 570, 570, 570, 570, 570, 570, 570] [490, 490, 490, 470, 450, 430, 410, 390, 370, 350] [94, 490] 10 3
[510, 530, 550, 570, 570, 570, 570, 570, 570, 570] [490, 490, 490, 490, 470, 450, 430, 410, 390, 370] [94, 490] 10 3
[490, 510, 530, 550, 570, 570, 570, 570, 570, 570] [490, 490, 490, 490, 490, 470, 450, 430, 410, 390] [94, 490] 10 3
[470, 490, 510, 530, 550, 570, 570, 570, 570, 570] [490, 490, 490, 490, 490, 490, 470, 450, 430, 410] [94, 490] 10 3
[450, 470, 490, 510, 530, 550, 570, 570, 570, 570] [490, 490, 490, 490, 490, 490, 490, 470, 450, 430] [94, 490] 10 3
[430, 450, 470, 490, 510, 530, 550, 570, 570, 570] [490, 490, 490, 490, 490, 490, 490, 490, 470, 450] [94, 490] 10 3
[410, 430, 450, 470, 490, 510, 530, 550, 570, 570] [490, 490, 490, 490, 490, 490, 490, 490, 490, 470] [94, 490] 10 3
[390, 410, 430, 450, 470, 490, 510, 530, 550, 570] [490, 490, 490, 490, 490, 490, 490, 490, 490, 490] [94, 490] 10 3
[370, 390, 410, 430, 450, 470, 490, 510, 530, 550] [490, 490, 490, 490, 490, 490, 490, 490, 490, 490] [94, 490] 10 3
[350, 370, 390, 410, 430, 450, 470, 490, 510, 530] [490, 490, 490, 490, 490, 490, 490, 490, 490, 490] [94, 490] 10 3
[330, 350, 370, 390, 410, 430, 450, 470, 490, 510] [490, 490, 490, 490, 490, 490, 490, 490, 490, 490] [94, 490] 10 3
[310, 330, 350, 370, 390, 410, 430, 450, 470, 490] [490, 490, 490, 490, 490, 490, 490, 490, 490, 490] [94, 490] 10 3
[290, 310, 330, 350, 370, 390, 410, 430, 450, 470] [490, 490, 490, 490, 490, 490, 490, 490, 490, 490] [94, 490] 10 3
[270, 290, 310, 330, 350, 370, 390, 410, 430, 450] [490, 490, 490, 490, 490, 490, 490, 490, 490, 490] [94, 490] 10 3
[250, 270, 290, 310, 330, 350, 370, 390, 410, 430] [490, 490, 490, 490, 490, 490, 490, 490, 490, 490] [94, 490] 10 3
[230, 250, 270, 290, 310, 330, 350, 370, 390, 410] [490, 490, 490, 490, 490, 490, 490, 490, 490, 490] [94, 490] 10 3
[210, 230, 250, 270, 290, 310, 330, 350, 370, 390] [490, 490, 490, 490, 490, 490, 490, 490, 490, 490] [94, 490] 10 3
[190, 210, 230, 250, 270, 290, 310, 330, 350, 370] [490, 490, 490, 490, 490, 490, 490, 490, 490, 490] [94, 490] 10 3
[170, 190, 210, 230, 250, 270, 290, 310, 330, 350] [490, 490, 490, 490, 490, 490, 490, 490, 490, 490] [94, 490] 10 3
[150, 170, 190, 210, 230, 250, 270, 290, 310, 330] [490, 490, 490, 490, 490, 490, 490, 490, 490, 490] [94, 490] 10 3
[130, 150, 170, 190, 210, 230, 250, 270, 290, 310] [490, 490, 490, 490, 490, 490, 490, 490, 490, 490] [94, 490] 10 3
[110, 130, 150, 170, 190, 210, 230, 250, 270, 290] [490, 490, 490, 490, 490, 490, 490, 490, 490, 490] [94, 490] 10 3
[90, 110, 130, 150, 170, 190, 210, 230, 250, 270] [490, 490, 490, 490, 490, 490, 490, 490, 490, 490] [94, 490] 10 3
[70, 90, 110, 130, 150, 170, 190, 210, 230, 250, 270] [490, 490, 490, 490, 490, 490, 490, 490, 490, 490, 490] [78, 547] 11 3
[70, 70, 90, 110, 130, 150, 170, 190, 210, 230, 250] [470, 490, 490, 490, 490, 490, 490, 490, 490, 490, 490] [78, 547] 11 2
[50, 70, 70, 90, 110, 130, 150, 170, 190, 210, 230] [470, 470, 490, 490, 490, 490, 490, 490, 490, 490, 490] [78, 547] 11 3
[50, 50, 70, 70, 90, 110, 130, 150, 170, 190, 210] [490, 470, 470, 490, 490, 490, 490, 490, 490, 490, 490] [78, 547] 11 0
[50, 50, 50, 70, 70, 90, 110, 130, 150, 170, 190] [510, 490, 470, 470, 490, 490, 490, 490, 490, 490, 490] [78, 547] 11 0
[50, 50, 50, 50, 70, 70, 90, 110, 130, 150, 170] [530, 510, 490, 470, 470, 490, 490, 490, 490, 490, 490] [78, 547] 11 0
[50, 50, 50, 50, 50, 70, 70, 90, 110, 130, 150] [550, 530, 510, 490, 470, 470, 490, 490, 490, 490, 490] [78, 547] 11 0
[70, 50, 50, 50, 50, 50, 70, 70, 90, 110, 130] [550, 550, 530, 510, 490, 470, 470, 490, 490, 490, 490] [78, 547] 11 1
[90, 70, 50, 50, 50, 50, 50, 70, 70, 90, 110, 130] [550, 550, 550, 530, 510, 490, 470, 470, 490, 490, 490, 490] [101, 226] 12 1
[110, 90, 70, 50, 50, 50, 50, 50, 70, 70, 90, 110] [550, 550, 550, 550, 530, 510, 490, 470, 470, 490, 490, 490] [101, 226] 12 1
[110, 110, 90, 70, 50, 50, 50, 50, 50, 70, 70, 90] [530, 550, 550, 550, 550, 530, 510, 490, 470, 470, 490, 490] [101, 226] 12 2
[110, 110, 110, 90, 70, 50, 50, 50, 50, 50, 70, 70] [510, 530, 550, 550, 550, 550, 530, 510, 490, 470, 470, 490] [101, 226] 12 2
[110, 110, 110, 110, 90, 70, 50, 50, 50, 50, 50, 70] [490, 510, 530, 550, 550, 550, 550, 530, 510, 490, 470, 470] [101, 226] 12 2
[110, 110, 110, 110, 110, 90, 70, 50, 50, 50, 50, 50] [470, 490, 510, 530, 550, 550, 550, 550, 530, 510, 490, 470] [101, 226] 12 2
[110, 110, 110, 110, 110, 110, 90, 70, 50, 50, 50, 50] [450, 470, 490, 510, 530, 550, 550, 550, 550, 530, 510, 490] [101, 226] 12 2
[110, 110, 110, 110, 110, 110, 110, 90, 70, 50, 50, 50] [430, 450, 470, 490, 510, 530, 550, 550, 550, 550, 530, 510] [101, 226] 12 2
[110, 110, 110, 110, 110, 110, 110, 110, 90, 70, 50, 50] [410, 430, 450, 470, 490, 510, 530, 550, 550, 550, 550, 530] [101, 226] 12 2
[110, 110, 110, 110, 110, 110, 110, 110, 110, 90, 70, 50] [390, 410, 430, 450, 470, 490, 510, 530, 550, 550, 550, 550] [101, 226] 12 2
[110, 110, 110, 110, 110, 110, 110, 110, 110, 110, 90, 70] [370, 390, 410, 430, 450, 470, 490, 510, 530, 550, 550, 550] [101, 226] 12 2
[110, 110, 110, 110, 110, 110, 110, 110, 110, 110, 110, 90] [350, 370, 390, 410, 430, 450, 470, 490, 510, 530, 550, 550] [101, 226] 12 2
[110, 110, 110, 110, 110, 110, 110, 110, 110, 110, 110, 110] [330, 350, 370, 390, 410, 430, 450, 470, 490, 510, 530, 550] [101, 226] 12 2
[110, 110, 110, 110, 110, 110, 110, 110, 110, 110, 110, 110] [310, 330, 350, 370, 390, 410, 430, 450, 470, 490, 510, 530] [101, 226] 12 2
[110, 110, 110, 110, 110, 110, 110, 110, 110, 110, 110, 110] [290, 310, 330, 350, 370, 390, 410, 430, 450, 470, 490, 510] [101, 226] 12 2
[110, 110, 110, 110, 110, 110, 110, 110, 110, 110, 110, 110] [270, 290, 310, 330, 350, 370, 390, 410, 430, 450, 470, 490] [101, 226] 12 2
[110, 110, 110, 110, 110, 110, 110, 110, 110, 110, 110, 110] [250, 270, 290, 310, 330, 350, 370, 390, 410, 430, 450, 470] [101, 226] 12 2
[110, 110, 110, 110, 110, 110, 110, 110, 110, 110, 110, 110] [230, 250, 270, 290, 310, 330, 350, 370, 390, 410, 430, 450] [101, 226] 12 2
[110, 110, 110, 110, 110, 110, 110, 110, 110, 110, 110, 110, 110] [210, 230, 250, 270, 290, 310, 330, 350, 370, 390, 410, 430, 450] [37, 248] 13 2
[90, 110, 110, 110, 110, 110, 110, 110, 110, 110, 110, 110, 110] [210, 210, 230, 250, 270, 290, 310, 330, 350, 370, 390, 410, 430] [37, 248] 13 3
[70, 90, 110, 110, 110, 110, 110, 110, 110, 110, 110, 110, 110] [210, 210, 210, 230, 250, 270, 290, 310, 330, 350, 370, 390, 410] [37, 248] 13 3
[50, 70, 90, 110, 110, 110, 110, 110, 110, 110, 110, 110, 110] [210, 210, 210, 210, 230, 250, 270, 290, 310, 330, 350, 370, 390] [37, 248] 13 3
[30, 50, 70, 90, 110, 110, 110, 110, 110, 110, 110, 110, 110] [210, 210, 210, 210, 210, 230, 250, 270, 290, 310, 330, 350, 370] [37, 248] 13 3
[30, 30, 50, 70, 90, 110, 110, 110, 110, 110, 110, 110, 110] [230, 210, 210, 210, 210, 210, 230, 250, 270, 290, 310, 330, 350] [37, 248] 13 0
[30, 30, 30, 50, 70, 90, 110, 110, 110, 110, 110, 110, 110, 110] [250, 230, 210, 210, 210, 210, 210, 230, 250, 270, 290, 310, 330, 350] [233, 237] 14 0
[30, 30, 30, 30, 50, 70, 90, 110, 110, 110, 110, 110, 110, 110] [270, 250, 230, 210, 210, 210, 210, 210, 230, 250, 270, 290, 310, 330] [233, 237] 14 0
[50, 30, 30, 30, 30, 50, 70, 90, 110, 110, 110, 110, 110, 110] [270, 270, 250, 230, 210, 210, 210, 210, 210, 230, 250, 270, 290, 310] [233, 237] 14 1
[70, 50, 30, 30, 30, 30, 50, 70, 90, 110, 110, 110, 110, 110] [270, 270, 270, 250, 230, 210, 210, 210, 210, 210, 230, 250, 270, 290] [233, 237] 14 1
[90, 70, 50, 30, 30, 30, 30, 50, 70, 90, 110, 110, 110, 110] [270, 270, 270, 270, 250, 230, 210, 210, 210, 210, 210, 230, 250, 270] [233, 237] 14 1
[110, 90, 70, 50, 30, 30, 30, 30, 50, 70, 90, 110, 110, 110] [270, 270, 270, 270, 270, 250, 230, 210, 210, 210, 210, 210, 230, 250] [233, 237] 14 1
[130, 110, 90, 70, 50, 30, 30, 30, 30, 50, 70, 90, 110, 110] [270, 270, 270, 270, 270, 270, 250, 230, 210, 210, 210, 210, 210, 230] [233, 237] 14 1
[150, 130, 110, 90, 70, 50, 30, 30, 30, 30, 50, 70, 90, 110] [270, 270, 270, 270, 270, 270, 270, 250, 230, 210, 210, 210, 210, 210] [233, 237] 14 1
[170, 150, 130, 110, 90, 70, 50, 30, 30, 30, 30, 50, 70, 90] [270, 270, 270, 270, 270, 270, 270, 270, 250, 230, 210, 210, 210, 210] [233, 237] 14 1
[190, 170, 150, 130, 110, 90, 70, 50, 30, 30, 30, 30, 50, 70] [270, 270, 270, 270, 270, 270, 270, 270, 270, 250, 230, 210, 210, 210] [233, 237] 14 1
[210, 190, 170, 150, 130, 110, 90, 70, 50, 30, 30, 30, 30, 50] [270, 270, 270, 270, 270, 270, 270, 270, 270, 270, 250, 230, 210, 210] [233, 237] 14 1
[230, 210, 190, 170, 150, 130, 110, 90, 70, 50, 30, 30, 30, 30] [270, 270, 270, 270, 270, 270, 270, 270, 270, 270, 270, 250, 230, 210] [233, 237] 14 1
[230, 230, 210, 190, 170, 150, 130, 110, 90, 70, 50, 30, 30, 30] [290, 270, 270, 270, 270, 270, 270, 270, 270, 270, 270, 270, 250, 230] [233, 237] 14 0
[230, 230, 230, 210, 190, 170, 150, 130, 110, 90, 70, 50, 30, 30] [310, 290, 270, 270, 270, 270, 270, 270, 270, 270, 270, 270, 270, 250] [233, 237] 14 0
[250, 230, 230, 230, 210, 190, 170, 150, 130, 110, 90, 70, 50, 30] [310, 310, 290, 270, 270, 270, 270, 270, 270, 270, 270, 270, 270, 270] [233, 237] 14 1
[250, 250, 230, 230, 230, 210, 190, 170, 150, 130, 110, 90, 70, 50] [290, 310, 310, 290, 270, 270, 270, 270, 270, 270, 270, 270, 270, 270] [233, 237] 14 2
[250, 250, 250, 230, 230, 230, 210, 190, 170, 150, 130, 110, 90, 70] [270, 290, 310, 310, 290, 270, 270, 270, 270, 270, 270, 270, 270, 270] [233, 237] 14 2
[250, 250, 250, 250, 230, 230, 230, 210, 190, 170, 150, 130, 110, 90] [250, 270, 290, 310, 310, 290, 270, 270, 270, 270, 270, 270, 270, 270] [233, 237] 14 2
[250, 250, 250, 250, 250, 230, 230, 230, 210, 190, 170, 150, 130, 110] [230, 250, 270, 290, 310, 310, 290, 270, 270, 270, 270, 270, 270, 270] [233, 237] 14 2
[230, 250, 250, 250, 250, 250, 230, 230, 230, 210, 190, 170, 150, 130] [230, 230, 250, 270, 290, 310, 310, 290, 270, 270, 270, 270, 270, 270] [233, 237] 14 3
[210, 230, 250, 250, 250, 250, 250, 230, 230, 230, 210, 190, 170, 150, 130] [230, 230, 230, 250, 270, 290, 310, 310, 290, 270, 270, 270, 270, 270, 270] [98, 406] 15 3
[190, 210, 230, 250, 250, 250, 250, 250, 230, 230, 230, 210, 190, 170, 150] [230, 230, 230, 230, 250, 270, 290, 310, 310, 290, 270, 270, 270, 270, 270] [98, 406] 15 3
[170, 190, 210, 230, 250, 250, 250, 250, 250, 230, 230, 230, 210, 190, 170] [230, 230, 230, 230, 230, 250, 270, 290, 310, 310, 290, 270, 270, 270, 270] [98, 406] 15 3
[150, 170, 190, 210, 230, 250, 250, 250, 250, 250, 230, 230, 230, 210, 190] [230, 230, 230, 230, 230, 230, 250, 270, 290, 310, 310, 290, 270, 270, 270] [98, 406] 15 3
[130, 150, 170, 190, 210, 230, 250, 250, 250, 250, 250, 230, 230, 230, 210] [230, 230, 230, 230, 230, 230, 230, 250, 270, 290, 310, 310, 290, 270, 270] [98, 406] 15 3
[110, 130, 150, 170, 190, 210, 230, 250, 250, 250, 250, 250, 230, 230, 230] [230, 230, 230, 230, 230, 230, 230, 230, 250, 270, 290, 310, 310, 290, 270] [98, 406] 15 3
[90, 110, 130, 150, 170, 190, 210, 230, 250, 250, 250, 250, 250, 230, 230] [230, 230, 230, 230, 230, 230, 230, 230, 230, 250, 270, 290, 310, 310, 290] [98, 406] 15 3
[90, 90, 110, 130, 150, 170, 190, 210, 230, 250, 250, 250, 250, 250, 230] [250, 230, 230, 230, 230, 230, 230, 230, 230, 230, 250, 270, 290, 310, 310] [98, 406] 15 0
[90, 90, 90, 110, 130, 150, 170, 190, 210, 230, 250, 250, 250, 250, 250] [270, 250, 230, 230, 230, 230, 230, 230, 230, 230, 230, 250, 270, 290, 310] [98, 406] 15 0
[90, 90, 90, 90, 110, 130, 150, 170, 190, 210, 230, 250, 250, 250, 250] [290, 270, 250, 230, 230, 230, 230, 230, 230, 230, 230, 230, 250, 270, 290] [98, 406] 15 0
[90, 90, 90, 90, 90, 110, 130, 150, 170, 190, 210, 230, 250, 250, 250] [310, 290, 270, 250, 230, 230, 230, 230, 230, 230, 230, 230, 230, 250, 270] [98, 406] 15 0
[90, 90, 90, 90, 90, 90, 110, 130, 150, 170, 190, 210, 230, 250, 250] [330, 310, 290, 270, 250, 230, 230, 230, 230, 230, 230, 230, 230, 230, 250] [98, 406] 15 0
[90, 90, 90, 90, 90, 90, 90, 110, 130, 150, 170, 190, 210, 230, 250] [350, 330, 310, 290, 270, 250, 230, 230, 230, 230, 230, 230, 230, 230, 230] [98, 406] 15 0
[90, 90, 90, 90, 90, 90, 90, 90, 110, 130, 150, 170, 190, 210, 230] [370, 350, 330, 310, 290, 270, 250, 230, 230, 230, 230, 230, 230, 230, 230] [98, 406] 15 0
[90, 90, 90, 90, 90, 90, 90, 90, 90, 110, 130, 150, 170, 190, 210] [390, 370, 350, 330, 310, 290, 270, 250, 230, 230, 230, 230, 230, 230, 230] [98, 406] 15 0
[90, 90, 90, 90, 90, 90, 90, 90, 90, 90, 110, 130, 150, 170, 190, 210] [410, 390, 370, 350, 330, 310, 290, 270, 250, 230, 230, 230, 230, 230, 230, 230] [356, 29] 16 0
[110, 90, 90, 90, 90, 90, 90, 90, 90, 90, 90, 110, 130, 150, 170, 190] [410, 410, 390, 370, 350, 330, 310, 290, 270, 250, 230, 230, 230, 230, 230, 230] [356, 29] 16 1
[130, 110, 90, 90, 90, 90, 90, 90, 90, 90, 90, 90, 110, 130, 150, 170] [410, 410, 410, 390, 370, 350, 330, 310, 290, 270, 250, 230, 230, 230, 230, 230] [356, 29] 16 1
[150, 130, 110, 90, 90, 90, 90, 90, 90, 90, 90, 90, 90, 110, 130, 150] [410, 410, 410, 410, 390, 370, 350, 330, 310, 290, 270, 250, 230, 230, 230, 230] [356, 29] 16 1
[170, 150, 130, 110, 90, 90, 90, 90, 90, 90, 90, 90, 90, 90, 110, 130] [410, 410, 410, 410, 410, 390, 370, 350, 330, 310, 290, 270, 250, 230, 230, 230] [356, 29] 16 1
[190, 170, 150, 130, 110, 90, 90, 90, 90, 90, 90, 90, 90, 90, 90, 110] [410, 410, 410, 410, 410, 410, 390, 370, 350, 330, 310, 290, 270, 250, 230, 230] [356, 29] 16 1
[210, 190, 170, 150, 130, 110, 90, 90, 90, 90, 90, 90, 90, 90, 90, 90] [410, 410, 410, 410, 410, 410, 410, 390, 370, 350, 330, 310, 290, 270, 250, 230] [356, 29] 16 1
[230, 210, 190, 170, 150, 130, 110, 90, 90, 90, 90, 90, 90, 90, 90, 90] [410, 410, 410, 410, 410, 410, 410, 410, 390, 370, 350, 330, 310, 290, 270, 250] [356, 29] 16 1
[250, 230, 210, 190, 170, 150, 130, 110, 90, 90, 90, 90, 90, 90, 90, 90] [410, 410, 410, 410, 410, 410, 410, 410, 410, 390, 370, 350, 330, 310, 290, 270] [356, 29] 16 1
[270, 250, 230, 210, 190, 170, 150, 130, 110, 90, 90, 90, 90, 90, 90, 90] [410, 410, 410, 410, 410, 410, 410, 410, 410, 410, 390, 370, 350, 330, 310, 290] [356, 29] 16 1
[290, 270, 250, 230, 210, 190, 170, 150, 130, 110, 90, 90, 90, 90, 90, 90] [410, 410, 410, 410, 410, 410, 410, 410, 410, 410, 410, 390, 370, 350, 330, 310] [356, 29] 16 1
[310, 290, 270, 250, 230, 210, 190, 170, 150, 130, 110, 90, 90, 90, 90, 90] [410, 410, 410, 410, 410, 410, 410, 410, 410, 410, 410, 410, 390, 370, 350, 330] [356, 29] 16 1
[330, 310, 290, 270, 250, 230, 210, 190, 170, 150, 130, 110, 90, 90, 90, 90] [410, 410, 410, 410, 410, 410, 410, 410, 410, 410, 410, 410, 410, 390, 370, 350] [356, 29] 16 1
[350, 330, 310, 290, 270, 250, 230, 210, 190, 170, 150, 130, 110, 90, 90, 90] [410, 410, 410, 410, 410, 410, 410, 410, 410, 410, 410, 410, 410, 410, 390, 370] [356, 29] 16 1
[370, 350, 330, 310, 290, 270, 250, 230, 210, 190, 170, 150, 130, 110, 90, 90] [410, 410, 410, 410, 410, 410, 410, 410, 410, 410, 410, 410, 410, 410, 410, 390] [356, 29] 16 1
[370, 370, 350, 330, 310, 290, 270, 250, 230, 210, 190, 170, 150, 130, 110, 90] [390, 410, 410, 410, 410, 410, 410, 410, 410, 410, 410, 410, 410, 410, 410, 410] [356, 29] 16 2
[370, 370, 370, 350, 330, 310, 290, 270, 250, 230, 210, 190, 170, 150, 130, 110] [370, 390, 410, 410, 410, 410, 410, 410, 410, 410, 410, 410, 410, 410, 410, 410] [356, 29] 16 2
[370, 370, 370, 370, 350, 330, 310, 290, 270, 250, 230, 210, 190, 170, 150, 130] [350, 370, 390, 410, 410, 410, 410, 410, 410, 410, 410, 410, 410, 410, 410, 410] [356, 29] 16 2
[370, 370, 370, 370, 370, 350, 330, 310, 290, 270, 250, 230, 210, 190, 170, 150] [330, 350, 370, 390, 410, 410, 410, 410, 410, 410, 410, 410, 410, 410, 410, 410] [356, 29] 16 2
[370, 370, 370, 370, 370, 370, 350, 330, 310, 290, 270, 250, 230, 210, 190, 170] [310, 330, 350, 370, 390, 410, 410, 410, 410, 410, 410, 410, 410, 410, 410, 410] [356, 29] 16 2
[370, 370, 370, 370, 370, 370, 370, 350, 330, 310, 290, 270, 250, 230, 210, 190] [290, 310, 330, 350, 370, 390, 410, 410, 410, 410, 410, 410, 410, 410, 410, 410] [356, 29] 16 2
[370, 370, 370, 370, 370, 370, 370, 370, 350, 330, 310, 290, 270, 250, 230, 210] [270, 290, 310, 330, 350, 370, 390, 410, 410, 410, 410, 410, 410, 410, 410, 410] [356, 29] 16 2
[370, 370, 370, 370, 370, 370, 370, 370, 370, 350, 330, 310, 290, 270, 250, 230] [250, 270, 290, 310, 330, 350, 370, 390, 410, 410, 410, 410, 410, 410, 410, 410] [356, 29] 16 2
[370, 370, 370, 370, 370, 370, 370, 370, 370, 370, 350, 330, 310, 290, 270, 250] [230, 250, 270, 290, 310, 330, 350, 370, 390, 410, 410, 410, 410, 410, 410, 410] [356, 29] 16 2
[370, 370, 370, 370, 370, 370, 370, 370, 370, 370, 370, 350, 330, 310, 290, 270] [210, 230, 250, 270, 290, 310, 330, 350, 370, 390, 410, 410, 410, 410, 410, 410] [356, 29] 16 2
[370, 370, 370, 370, 370, 370, 370, 370, 370, 370, 370, 370, 350, 330, 310, 290] [190, 210, 230, 250, 270, 290, 310, 330, 350, 370, 390, 410, 410, 410, 410, 410] [356, 29] 16 2
[370, 370, 370, 370, 370, 370, 370, 370, 370, 370, 370, 370, 370, 350, 330, 310] [170, 190, 210, 230, 250, 270, 290, 310, 330, 350, 370, 390, 410, 410, 410, 410] [356, 29] 16 2
[370, 370, 370, 370, 370, 370, 370, 370, 370, 370, 370, 370, 370, 370, 350, 330] [150, 170, 190, 210, 230, 250, 270, 290, 310, 330, 350, 370, 390, 410, 410, 410] [356, 29] 16 2
[370, 370, 370, 370, 370, 370, 370, 370, 370, 370, 370, 370, 370, 370, 370, 350] [130, 150, 170, 190, 210, 230, 250, 270, 290, 310, 330, 350, 370, 390, 410, 410] [356, 29] 16 2
[370, 370, 370, 370, 370, 370, 370, 370, 370, 370, 370, 370, 370, 370, 370, 370] [110, 130, 150, 170, 190, 210, 230, 250, 270, 290, 310, 330, 350, 370, 390, 410] [356, 29] 16 2
[370, 370, 370, 370, 370, 370, 370, 370, 370, 370, 370, 370, 370, 370, 370, 370] [90, 110, 130, 150, 170, 190, 210, 230, 250, 270, 290, 310, 330, 350, 370, 390] [356, 29] 16 2
[370, 370, 370, 370, 370, 370, 370, 370, 370, 370, 370, 370, 370, 370, 370, 370] [70, 90, 110, 130, 150, 170, 190, 210, 230, 250, 270, 290, 310, 330, 350, 370] [356, 29] 16 2
[370, 370, 370, 370, 370, 370, 370, 370, 370, 370, 370, 370, 370, 370, 370, 370] [50, 70, 90, 110, 130, 150, 170, 190, 210, 230, 250, 270, 290, 310, 330, 350] [356, 29] 16 2
[370, 370, 370, 370, 370, 370, 370, 370, 370, 370, 370, 370, 370, 370, 370, 370] [30, 50, 70, 90, 110, 130, 150, 170, 190, 210, 230, 250, 270, 290, 310, 330] [356, 29] 16 2
[350, 370, 370, 370, 370, 370, 370, 370, 370, 370, 370, 370, 370, 370, 370, 370] [30, 30, 50, 70, 90, 110, 130, 150, 170, 190, 210, 230, 250, 270, 290, 310] [356, 29] 16 3
