[290, 290, 290, 290, 290] [290, 270, 250, 230, 210] [180, 581] 5 0
[290, 290, 290, 290, 290] [310, 290, 270, 250, 230] [180, 581] 5 0
[290, 290, 290, 290, 290] [330, 310, 290, 270, 250] [180, 581] 5 0
[290, 290, 290, 290, 290] [350, 330, 310, 290, 270] [180, 581] 5 0
[290, 290, 290, 290, 290] [370, 350, 330, 310, 290] [180, 581] 5 0
[290, 290, 290, 290, 290] [390, 370, 350, 330, 310] [180, 581] 5 0
[290, 290, 290, 290, 290] [410, 390, 370, 350, 330] [180, 581] 5 0
[290, 290, 290, 290, 290] [430, 410, 390, 370, 350] [180, 581] 5 0
[290, 290, 290, 290, 290] [450, 430, 410, 390, 370] [180, 581] 5 0
[290, 290, 290, 290, 290] [470, 450, 430, 410, 390] [180, 581] 5 0
[290, 290, 290, 290, 290] [490, 470, 450, 430, 410] [180, 581] 5 0
[290, 290, 290, 290, 290] [510, 490, 470, 450, 430] [180, 581] 5 0
[290, 290, 290, 290, 290] [530, 510, 490, 470, 450] [180, 581] 5 0
[290, 290, 290, 290, 290] [550, 530, 510, 490, 470] [180, 581] 5 0
[290, 290, 290, 290, 290] [570, 550, 530, 510, 490] [180, 581] 5 0
[270, 290, 290, 290, 290] [570, 570, 550, 530, 510] [180, 581] 5 3
[250, 270, 290, 290, 290] [570, 570, 570, 550, 530] [180, 581] 5 3
[230, 250, 270, 290, 290] [570, 570, 570, 570, 550] [180, 581] 5 3
[210, 230, 250, 270, 290] [570, 570, 570, 570, 570] [180, 581] 5 3
[190, 210, 230, 250, 270] [570, 570, 570, 570, 570] [180, 581] 5 3
[170, 190, 210, 230, 250] [570, 570, 570, 570, 570] [180, 581] 5 3
[150, 170, 190, 210, 230, 250] [570, 570, 570, 570, 570, 570] [261, 194] 6 3
[150, 150, 170, 190, 210, 230] [550, 570, 570, 570, 570, 570] [261, 194] 6 2
[150, 150, 150, 170, 190, 210] [530, 550, 570, 570, 570, 570] [261, 194] 6 2
[150, 150, 150, 150, 170, 190] [510, 530, 550, 570, 570, 570] [261, 194] 6 2
[150, 150, 150, 150, 150, 170] [490, 510, 530, 550, 570, 570] [261, 194] 6 2
[150, 150, 150, 150, 150, 150] [470, 490, 510, 530, 550, 570] [261, 194] 6 2
[150, 150, 150, 150, 150, 150] [450, 470, 490, 510, 530, 550] [261, 194] 6 2
[150, 150, 150, 150, 150, 150] [430, 450, 470, 490, 510, 530] [261, 194] 6 2
[150, 150, 150, 150, 150, 150] [410, 430, 450, 470, 490, 510] [261, 194] 6 2
[150, 150, 150, 150, 150, 150] [390, 410, 430, 450, 470, 490] [261, 194] 6 2
[150, 150, 150, 150, 150, 150] [370, 390, 410, 430, 450, 470] [261, 194] 6 2
[150, 150, 150, 150, 150, 150] [350, 370, 390, 410, 430, 450] [261, 194] 6 2
[150, 150, 150, 150, 150, 150] [330, 350, 370, 390, 410, 430] [261, 194] 6 2
[150, 150, 150, 150, 150, 150] [310, 330, 350, 370, 390, 410] [261, 194] 6 2
[150, 150, 150, 150, 150, 150] [290, 310, 330, 350, 370, 390] [261, 194] 6 2
[150, 150, 150, 150, 150, 150] [270, 290, 310, 330, 350, 370] [261, 194] 6 2
[150, 150, 150, 150, 150, 150] [250, 270, 290, 310, 330, 350] [261, 194] 6 2
[150, 150, 150, 150, 150, 150] [230, 250, 270, 290, 310, 330] [261, 194] 6 2
[150, 150, 150, 150, 150, 150] [210, 230, 250, 270, 290, 310] [261, 194] 6 2
[150, 150, 150, 150, 150, 150] [190, 210, 230, 250, 270, 290] [261, 194] 6 2
[170, 150, 150, 150, 150, 150] [190, 190, 210, 230, 250, 270] [261, 194] 6 1
[190, 170, 150, 150, 150, 150] [190, 190, 190, 210, 230, 250] [261, 194] 6 1
[210, 190, 170, 150, 150, 150] [190, 190, 190, 190, 210, 230] [261, 194] 6 1
[230, 210, 190, 170, 150, 150] [190, 190, 190, 190, 190, 210] [261, 194] 6 1
[250, 230, 210, 190, 170, 150] [190, 190, 190, 190, 190, 190] [261, 194] 6 1
[270, 250, 230, 210, 190, 170, 150] [190, 190, 190, 190, 190, 190, 190] [75, 581] 7 1
[270, 270, 250, 230, 210, 190, 170] [210, 190, 190, 190, 190, 190, 190] [75, 581] 7 0
[270, 270, 270, 250, 230, 210, 190] [230, 210, 190, 190, 190, 190, 190] [75, 581] 7 0
[270, 270, 270, 270, 250, 230, 210] [250, 230, 210, 190, 190, 190, 190] [75, 581] 7 0
[270, 270, 270, 270, 270, 250, 230] [270, 250, 230, 210, 190, 190, 190] [75, 581] 7 0
[270, 270, 270, 270, 270, 270, 250] [290, 270, 250, 230, 210, 190, 190] [75, 581] 7 0
[270, 270, 270, 270, 270, 270, 270] [310, 290, 270, 250, 230, 210, 190] [75, 581] 7 0
[270, 270, 270, 270, 270, 270, 270] [330, 310, 290, 270, 250, 230, 210] [75, 581] 7 0
[270, 270, 270, 270, 270, 270, 270] [350, 330, 310, 290, 270, 250, 230] [75, 581] 7 0
[270, 270, 270, 270, 270, 270, 270] [370, 350, 330, 310, 290, 270, 250] [75, 581] 7 0
[270, 270, 270, 270, 270, 270, 270] [390, 370, 350, 330, 310, 290, 270] [75, 581] 7 0
[270, 270, 270, 270, 270, 270, 270] [410, 390, 370, 350, 330, 310, 290] [75, 581] 7 0
[270, 270, 270, 270, 270, 270, 270] [430, 410, 390, 370, 350, 330, 310] [75, 581] 7 0
[270, 270, 270, 270, 270, 270, 270] [450, 430, 410, 390, 370, 350, 330] [75, 581] 7 0
[270, 270, 270, 270, 270, 270, 270] [470, 450, 430, 410, 390, 370, 350] [75, 581] 7 0
[270, 270, 270, 270, 270, 270, 270] [490, 470, 450, 430, 410, 390, 370] [75, 581] 7 0
[270, 270, 270, 270, 270, 270, 270] [510, 490, 470, 450, 430, 410, 390] [75, 581] 7 0
[270, 270, 270, 270, 270, 270, 270] [530, 510, 490, 470, 450, 430, 410] [75, 581] 7 0
[270, 270, 270, 270, 270, 270, 270] [550, 530, 510, 490, 470, 450, 430] [75, 581] 7 0
[270, 270, 270, 270, 270, 270, 270] [570, 550, 530, 510, 490, 470, 450] [75, 581] 7 0
[250, 270, 270, 270, 270, 270, 270] [570, 570, 550, 530, 510, 490, 470] [75, 581] 7 3
[230, 250, 270, 270, 270, 270, 270] [570, 570, 570, 550, 530, 510, 490] [75, 581] 7 3
[210, 230, 250, 270, 270, 270, 270] [570, 570, 570, 570, 550, 530, 510] [75, 581] 7 3
[190, 210, 230, 250, 270, 270, 270] [570, 570, 570, 570, 570, 550, 530] [75, 581] 7 3
[170, 190, 210, 230, 250, 270, 270] [570, 570, 570, 570, 570, 570, 550] [75, 581] 7 3
[150, 170, 190, 210, 230, 250, 270] [570, 570, 570, 570, 570, 570, 570] [75, 581] 7 3
[130, 150, 170, 190, 210, 230, 250] [570, 570, 570, 570, 570, 570, 570] [75, 581] 7 3
[110, 130, 150, 170, 190, 210, 230] [570, 570, 570, 570, 570, 570, 570] [75, 581] 7 3
[90, 110, 130, 150, 170, 190, 210] [570, 570, 570, 570, 570, 570, 570] [75, 581] 7 3
[70, 90, 110, 130, 150, 170, 190] [570, 570, 570, 570, 570, 570, 570] [75, 581] 7 3
[50, 70, 90, 110, 130, 150, 170, 190] [570, 570, 570, 570, 570, 570, 570, 570] [135, 128] 8 3
[50, 50, 70, 90, 110, 130, 150, 170] [550, 570, 570, 570, 570, 570, 570, 570] [135, 128] 8 2
[50, 50, 50, 70, 90, 110, 130, 150] [530, 550, 570, 570, 570, 570, 570, 570] [135, 128] 8 2
[50, 50, 50, 50, 70, 90, 110, 130] [510, 530, 550, 570, 570, 570, 570, 570] [135, 128] 8 2
[50, 50, 50, 50, 50, 70, 90, 110] [490, 510, 530, 550, 570, 570, 570, 570] [135, 128] 8 2
[50, 50, 50, 50, 50, 50, 70, 90] [470, 490, 510, 530, 550, 570, 570, 570] [135, 128] 8 2
[50, 50, 50, 50, 50, 50, 50, 70] [450, 470, 490, 510, 530, 550, 570, 570] [135, 128] 8 2
[50, 50, 50, 50, 50, 50, 50, 50] [430, 450, 470, 490, 510, 530, 550, 570] [135, 128] 8 2
[50, 50, 50, 50, 50, 50, 50, 50] [410, 430, 450, 470, 490, 510, 530, 550] [135, 128] 8 2
[50, 50, 50, 50, 50, 50, 50, 50] [390, 410, 430, 450, 470, 490, 510, 530] [135, 128] 8 2
[50, 50, 50, 50, 50, 50, 50, 50] [370, 390, 410, 430, 450, 470, 490, 510] [135, 128] 8 2
[50, 50, 50, 50, 50, 50, 50, 50] [350, 370, 390, 410, 430, 450, 470, 490] [135, 128] 8 2
[50, 50, 50, 50, 50, 50, 50, 50] [330, 350, 370, 390, 410, 430, 450, 470] [135, 128] 8 2
[50, 50, 50, 50, 50, 50, 50, 50] [310, 330, 350, 370, 390, 410, 430, 450] [135, 128] 8 2
[50, 50, 50, 50, 50, 50, 50, 50] [290, 310, 330, 350, 370, 390, 410, 430] [135, 128] 8 2
[50, 50, 50, 50, 50, 50, 50, 50] [270, 290, 310, 330, 350, 370, 390, 410] [135, 128] 8 2
[50, 50, 50, 50, 50, 50, 50, 50] [250, 270, 290, 310, 330, 350, 370, 390] [135, 128] 8 2
[50, 50, 50, 50, 50, 50, 50, 50] [230, 250, 270, 290, 310, 330, 350, 370] [135, 128] 8 2
[50, 50, 50, 50, 50, 50, 50, 50] [210, 230, 250, 270, 290, 310, 330, 350] [135, 128] 8 2
[50, 50, 50, 50, 50, 50, 50, 50] [190, 210, 230, 250, 270, 290, 310, 330] [135, 128] 8 2
[50, 50, 50, 50, 50, 50, 50, 50] [170, 190, 210, 230, 250, 270, 290, 310] [135, 128] 8 2
[50, 50, 50, 50, 50, 50, 50, 50] [150, 170, 190, 210, 230, 250, 270, 290] [135, 128] 8 2
[50, 50, 50, 50, 50, 50, 50, 50] [130, 150, 170, 190, 210, 230, 250, 270] [135, 128] 8 2
[50, 50, 50, 50, 50, 50, 50, 50] [110, 130, 150, 170, 190, 210, 230, 250] [135, 128] 8 2
[70, 50, 50, 50, 50, 50, 50, 50] [110, 110, 130, 150, 170, 190, 210, 230] [135, 128] 8 1
[90, 70, 50, 50, 50, 50, 50, 50] [110, 110, 110, 130, 150, 170, 190, 210] [135, 128] 8 1
[110, 90, 70, 50, 50, 50, 50, 50] [110, 110, 110, 110, 130, 150, 170, 190] [135, 128] 8 1
[130, 110, 90, 70, 50, 50, 50, 50] [110, 110, 110, 110, 110, 130, 150, 170] [135, 128] 8 1
[150, 130, 110, 90, 70, 50, 50, 50, 50] [110, 110, 110, 110, 110, 110, 130, 150, 170] [489, 219] 9 1
[170, 150, 130, 110, 90, 70, 50, 50, 50] [110, 110, 110, 110, 110, 110, 110, 130, 150] [489, 219] 9 1
[190, 170, 150, 130, 110, 90, 70, 50, 50] [110, 110, 110, 110, 110, 110, 110, 110, 130] [489, 219] 9 1
[210, 190, 170, 150, 130, 110, 90, 70, 50] [110, 110, 110, 110, 110, 110, 110, 110, 110] [489, 219] 9 1
[230, 210, 190, 170, 150, 130, 110, 90, 70] [110, 110, 110, 110, 110, 110, 110, 110, 110] [489, 219] 9 1
[250, 230, 210, 190, 170, 150, 130, 110, 90] [110, 110, 110, 110, 110, 110, 110, 110, 110] [489, 219] 9 1
[270, 250, 230, 210, 190, 170, 150, 130, 110] [110, 110, 110, 110, 110, 110, 110, 110, 110] [489, 219] 9 1
[290, 270, 250, 230, 210, 190, 170, 150, 130] [110, 110, 110, 110, 110, 110, 110, 110, 110] [489, 219] 9 1
[310, 290, 270, 250, 230, 210, 190, 170, 150] [110, 110, 110, 110, 110, 110, 110, 110, 110] [489, 219] 9 1
[330, 310, 290, 270, 250, 230, 210, 190, 170] [110, 110, 110, 110, 110, 110, 110, 110, 110] [489, 219] 9 1
[350, 330, 310, 290, 270, 250, 230, 210, 190] [110, 110, 110, 110, 110, 110, 110, 110, 110] [489, 219] 9 1
[370, 350, 330, 310, 290, 270, 250, 230, 210] [110, 110, 110, 110, 110, 110, 110, 110, 110] [489, 219] 9 1
[390, 370, 350, 330, 310, 290, 270, 250, 230] [110, 110, 110, 110, 110, 110, 110, 110, 110] [489, 219] 9 1
[410, 390, 370, 350, 330, 310, 290, 270, 250] [110, 110, 110, 110, 110, 110, 110, 110, 110] [489, 219] 9 1
[430, 410, 390, 370, 350, 330, 310, 290, 270] [110, 110, 110, 110, 110, 110, 110, 110, 110] [489, 219] 9 1
[450, 430, 410, 390, 370, 350, 330, 310, 290] [110, 110, 110, 110, 110, 110, 110, 110, 110] [489, 219] 9 1
[470, 450, 430, 410, 390, 370, 350, 330, 310] [110, 110, 110, 110, 110, 110, 110, 110, 110] [489, 219] 9 1
[490, 470, 450, 430, 410, 390, 370, 350, 330] [110, 110, 110, 110, 110, 110, 110, 110, 110] [489, 219] 9 1
[490, 490, 470, 450, 430, 410, 390, 370, 350] [130, 110, 110, 110, 110, 110, 110, 110, 110] [489, 219] 9 0
[490, 490, 490, 470, 450, 430, 410, 390, 370] [150, 130, 110, 110, 110, 110, 110, 110, 110] [489, 219] 9 0
[490, 490, 490, 490, 470, 450, 430, 410, 390] [170, 150, 130, 110, 110, 110, 110, 110, 110] [489, 219] 9 0
[490, 490, 490, 490, 490, 470, 450, 430, 410] [190, 170, 150, 130, 110, 110, 110, 110, 110] [489, 219] 9 0
[490, 490, 490, 490, 490, 490, 470, 450, 430] [210, 190, 170, 150, 130, 110, 110, 110, 110] [489, 219] 9 0
[490, 490, 490, 490, 490, 490, 490, 470, 450, 430] [230, 210, 190, 170, 150, 130, 110, 110, 110, 110] [425, 337] 10 0
[490, 490, 490, 490, 490, 490, 490, 490, 470, 450] [250, 230, 210, 190, 170, 150, 130, 110, 110, 110] [425, 337] 10 0
[490, 490, 490, 490, 490, 490, 490, 490, 490, 470] [270, 250, 230, 210, 190, 170, 150, 130, 110, 110] [425, 337] 10 0
[490, 490, 490, 490, 490, 490, 490, 490, 490, 490] [290, 270, 250, 230, 210, 190, 170, 150, 130, 110] [425, 337] 10 0
[490, 490, 490, 490, 490, 490, 490, 490, 490, 490] [310, 290, 270, 250, 230, 210, 190, 170, 150, 130] [425, 337] 10 0
[490, 490, 490, 490, 490, 490, 490, 490, 490, 490] [330, 310, 290, 270, 250, 230, 210, 190, 170, 150] [425, 337] 10 0
[470, 490, 490, 490, 490, 490, 490, 490, 490, 490] [330, 330, 310, 290, 270, 250, 230, 210, 190, 170] [425, 337] 10 3
[450, 470, 490, 490, 490, 490, 490, 490, 490, 490] [330, 330, 330, 310, 290, 270, 250, 230, 210, 190] [425, 337] 10 3
[430, 450, 470, 490, 490, 490, 490, 490, 490, 490] [330, 330, 330, 330, 310, 290, 270, 250, 230, 210] [425, 337] 10 3
[410, 430, 450, 470, 490, 490, 490, 490, 490, 490, 490] [330, 330, 330, 330, 330, 310, 290, 270, 250, 230, 210] [2, 428] 11 3
[390, 410, 430, 450, 470, 490, 490, 490, 490, 490, 490] [330, 330, 330, 330, 330, 330, 310, 290, 270, 250, 230] [2, 428] 11 3
[370, 390, 410, 430, 450, 470, 490, 490, 490, 490, 490] [330, 330, 330, 330, 330, 330, 330, 310, 290, 270, 250] [2, 428] 11 3
[350, 370, 390, 410, 430, 450, 470, 490, 490, 490, 490] [330, 330, 330, 330, 330, 330, 330, 330, 310, 290, 270] [2, 428] 11 3
[330, 350, 370, 390, 410, 430, 450, 470, 490, 490, 490] [330, 330, 330, 330, 330, 330, 330, 330, 330, 310, 290] [2, 428] 11 3
[310, 330, 350, 370, 390, 410, 430, 450, 470, 490, 490] [330, 330, 330, 330, 330, 330, 330, 330, 330, 330, 310] [2, 428] 11 3
[290, 310, 330, 350, 370, 390, 410, 430, 450, 470, 490] [330, 330, 330, 330, 330, 330, 330, 330, 330, 330, 330] [2, 428] 11 3
[270, 290, 310, 330, 350, 370, 390, 410, 430, 450, 470] [330, 330, 330, 330, 330, 330, 330, 330, 330, 330, 330] [2, 428] 11 3
[250, 270, 290, 310, 330, 350, 370, 390, 410, 430, 450] [330, 330, 330, 330, 330, 330, 330, 330, 330, 330, 330] [2, 428] 11 3
[230, 250, 270, 290, 310, 330, 350, 370, 390, 410, 430] [330, 330, 330, 330, 330, 330, 330, 330, 330, 330, 330] [2, 428] 11 3
[210, 230, 250, 270, 290, 310, 330, 350, 370, 390, 410] [330, 330, 330, 330, 330, 330, 330, 330, 330, 330, 330] [2, 428] 11 3
[190, 210, 230, 250, 270, 290, 310, 330, 350, 370, 390] [330, 330, 330, 330, 330, 330, 330, 330, 330, 330, 330] [2, 428] 11 3
[170, 190, 210, 230, 250, 270, 290, 310, 330, 350, 370] [330, 330, 330, 330, 330, 330, 330, 330, 330, 330, 330] [2, 428] 11 3
[150, 170, 190, 210, 230, 250, 270, 290, 310, 330, 350] [330, 330, 330, 330, 330, 330, 330, 330, 330, 330, 330] [2, 428] 11 3
[130, 150, 170, 190, 210, 230, 250, 270, 290, 310, 330] [330, 330, 330, 330, 330, 330, 330, 330, 330, 330, 330] [2, 428] 11 3
[110, 130, 150, 170, 190, 210, 230, 250, 270, 290, 310] [330, 330, 330, 330, 330, 330, 330, 330, 330, 330, 330] [2, 428] 11 3
[90, 110, 130, 150, 170, 190, 210, 230, 250, 270, 290] [330, 330, 330, 330, 330, 330, 330, 330, 330, 330, 330] [2, 428] 11 3
[70, 90, 110, 130, 150, 170, 190, 210, 230, 250, 270] [330, 330, 330, 330, 330, 330, 330, 330, 330, 330, 330] [2, 428] 11 3
[50, 70, 90, 110, 130, 150, 170, 190, 210, 230, 250] [330, 330, 330, 330, 330, 330, 330, 330, 330, 330, 330] [2, 428] 11 3
[30, 50, 70, 90, 110, 130, 150, 170, 190, 210, 230] [330, 330, 330, 330, 330, 330, 330, 330, 330, 330, 330] [2, 428] 11 3
[10, 30, 50, 70, 90, 110, 130, 150, 170, 190, 210] [330, 330, 330, 330, 330, 330, 330, 330, 330, 330, 330] [2, 428] 11 3
[10, 10, 30, 50, 70, 90, 110, 130, 150, 170, 190] [350, 330, 330, 330, 330, 330, 330, 330, 330, 330, 330] [2, 428] 11 0
[10, 10, 10, 30, 50, 70, 90, 110, 130, 150, 170] [370, 350, 330, 330, 330, 330, 330, 330, 330, 330, 330] [2, 428] 11 0
[10, 10, 10, 10, 30, 50, 70, 90, 110, 130, 150] [390, 370, 350, 330, 330, 330, 330, 330, 330, 330, 330] [2, 428] 11 0
[10, 10, 10, 10, 10, 30, 50, 70, 90, 110, 130] [410, 390, 370, 350, 330, 330, 330, 330, 330, 330, 330] [2, 428] 11 0
[10, 10, 10, 10, 10, 10, 30, 50, 70, 90, 110, 130] [430, 410, 390, 370, 350, 330, 330, 330, 330, 330, 330, 330] [468, 420] 12 0
[10, 10, 10, 10, 10, 10, 10, 30, 50, 70, 90, 110] [450, 430, 410, 390, 370, 350, 330, 330, 330, 330, 330, 330] [468, 420] 12 0
[30, 10, 10, 10, 10, 10, 10, 10, 30, 50, 70, 90] [450, 450, 430, 410, 390, 370, 350, 330, 330, 330, 330, 330] [468, 420] 12 1
[50, 30, 10, 10, 10, 10, 10, 10, 10, 30, 50, 70] [450, 450, 450, 430, 410, 390, 370, 350, 330, 330, 330, 330] [468, 420] 12 1
[70, 50, 30, 10, 10, 10, 10, 10, 10, 10, 30, 50] [450, 450, 450, 450, 430, 410, 390, 370, 350, 330, 330, 330] [468, 420] 12 1
[90, 70, 50, 30, 10, 10, 10, 10, 10, 10, 10, 30] [450, 450, 450, 450, 450, 430, 410, 390, 370, 350, 330, 330] [468, 420] 12 1
[110, 90, 70, 50, 30, 10, 10, 10, 10, 10, 10, 10] [450, 450, 450, 450, 450, 450, 430, 410, 390, 370, 350, 330] [468, 420] 12 1
[130, 110, 90, 70, 50, 30, 10, 10, 10, 10, 10, 10] [450, 450, 450, 450, 450, 450, 450, 430, 410, 390, 370, 350] [468, 420] 12 1
[150, 130, 110, 90, 70, 50, 30, 10, 10, 10, 10, 10] [450, 450, 450, 450, 450, 450, 450, 450, 430, 410, 390, 370] [468, 420] 12 1
[170, 150, 130, 110, 90, 70, 50, 30, 10, 10, 10, 10] [450, 450, 450, 450, 450, 450, 450, 450, 450, 430, 410, 390] [468, 420] 12 1
[190, 170, 150, 130, 110, 90, 70, 50, 30, 10, 10, 10] [450, 450, 450, 450, 450, 450, 450, 450, 450, 450, 430, 410] [468, 420] 12 1
[210, 190, 170, 150, 130, 110, 90, 70, 50, 30, 10, 10] [450, 450, 450, 450, 450, 450, 450, 450, 450, 450, 450, 430] [468, 420] 12 1
[230, 210, 190, 170, 150, 130, 110, 90, 70, 50, 30, 10] [450, 450, 450, 450, 450, 450, 450, 450, 450, 450, 450, 450] [468, 420] 12 1
[250, 230, 210, 190, 170, 150, 130, 110, 90, 70, 50, 30] [450, 450, 450, 450, 450, 450, 450, 450, 450, 450, 450, 450] [468, 420] 12 1
[270, 250, 230, 210, 190, 170, 150, 130, 110, 90, 70, 50] [450, 450, 450, 450, 450, 450, 450, 450, 450, 450, 450, 450] [468, 420] 12 1
[290, 270, 250, 230, 210, 190, 170, 150, 130, 110, 90, 70] [450, 450, 450, 450, 450, 450, 450, 450, 450, 450, 450, 450] [468, 420] 12 1
[310, 290, 270, 250, 230, 210, 190, 170, 150, 130, 110, 90] [450, 450, 450, 450, 450, 450, 450, 450, 450, 450, 450, 450] [468, 420] 12 1
[330, 310, 290, 270, 250, 230, 210, 190, 170, 150, 130, 110] [450, 450, 450, 450, 450, 450, 450, 450, 450, 450, 450, 450] [468, 420] 12 1
[350, 330, 310, 290, 270, 250, 230, 210, 190, 170, 150, 130] [450, 450, 450, 450, 450, 450, 450, 450, 450, 450, 450, 450] [468, 420] 12 1
[370, 350, 330, 310, 290, 270, 250, 230, 210, 190, 170, 150] [450, 450, 450, 450, 450, 450, 450, 450, 450, 450, 450, 450] [468, 420] 12 1
[390, 370, 350, 330, 310, 290, 270, 250, 230, 210, 190, 170] [450, 450, 450, 450, 450, 450, 450, 450, 450, 450, 450, 450] [468, 420] 12 1
[410, 390, 370, 350, 330, 310, 290, 270, 250, 230, 210, 190] [450, 450, 450, 450, 450, 450, 450, 450, 450, 450, 450, 450] [468, 420] 12 1
[430, 410, 390, 370, 350, 330, 310, 290, 270, 250, 230, 210] [450, 450, 450, 450, 450, 450, 450, 450, 450, 450, 450, 450] [468, 420] 12 1
[450, 430, 410, 390, 370, 350, 330, 310, 290, 270, 250, 230] [450, 450, 450, 450, 450, 450, 450, 450, 450, 450, 450, 450] [468, 420] 12 1
[470, 450, 430, 410, 390, 370, 350, 330, 310, 290, 270, 250] [450, 450, 450, 450, 450, 450, 450, 450, 450, 450, 450, 450] [468, 420] 12 1
[470, 470, 450, 430, 410, 390, 370, 350, 330, 310, 290, 270] [430, 450, 450, 450, 450, 450, 450, 450, 450, 450, 450, 450] [468, 420] 12 2
[470, 470, 470, 450, 430, 410, 390, 370, 350, 330, 310, 290] [410, 430, 450, 450, 450, 450, 450, 450, 450, 450, 450, 450] [468, 420] 12 2
[470, 470, 470, 470, 450, 430, 410, 390, 370, 350, 330, 310, 290] [390, 410, 430, 450, 450, 450, 450, 450, 450, 450, 450, 450, 450] [373, 75] 13 2
[470, 470, 470, 470, 470, 450, 430, 410, 390, 370, 350, 330, 310] [370, 390, 410, 430, 450, 450, 450, 450, 450, 450, 450, 450, 450] [373, 75] 13 2
[470, 470, 470, 470, 470, 470, 450, 430, 410, 390, 370, 350, 330] [350, 370, 390, 410, 430, 450, 450, 450, 450, 450, 450, 450, 450] [373, 75] 13 2
[470, 470, 470, 470, 470, 470, 470, 450, 430, 410, 390, 370, 350] [330, 350, 370, 390, 410, 430, 450, 450, 450, 450, 450, 450, 450] [373, 75] 13 2
[470, 470, 470, 470, 470, 470, 470, 470, 450, 430, 410, 390, 370] [310, 330, 350, 370, 390, 410, 430, 450, 450, 450, 450, 450, 450] [373, 75] 13 2
[470, 470, 470, 470, 470, 470, 470, 470, 470, 450, 430, 410, 390] [290, 310, 330, 350, 370, 390, 410, 430, 450, 450, 450, 450, 450] [373, 75] 13 2
[470, 470, 470, 470, 470, 470, 470, 470, 470, 470, 450, 430, 410] [270, 290, 310, 330, 350, 370, 390, 410, 430, 450, 450, 450, 450] [373, 75] 13 2
[470, 470, 470, 470, 470, 470, 470, 470, 470, 470, 470, 450, 430] [250, 270, 290, 310, 330, 350, 370, 390, 410, 430, 450, 450, 450] [373, 75] 13 2
[470, 470, 470, 470, 470, 470, 470, 470, 470, 470, 470, 470, 450] [230, 250, 270, 290, 310, 330, 350, 370, 390, 410, 430, 450, 450] [373, 75] 13 2
[470, 470, 470, 470, 470, 470, 470, 470, 470, 470, 470, 470, 470] [210, 230, 250, 270, 290, 310, 330, 350, 370, 390, 410, 430, 450] [373, 75] 13 2
[470, 470, 470, 470, 470, 470, 470, 470, 470, 470, 470, 470, 470] [190, 210, 230, 250, 270, 290, 310, 330, 350, 370, 390, 410, 430] [373, 75] 13 2
[470, 470, 470, 470, 470, 470, 470, 470, 470, 470, 470, 470, 470] [170, 190, 210, 230, 250, 270, 290, 310, 330, 350, 370, 390, 410] [373, 75] 13 2
[470, 470, 470, 470, 470, 470, 470, 470, 470, 470, 470, 470, 470] [150, 170, 190, 210, 230, 250, 270, 290, 310, 330, 350, 370, 390] [373, 75] 13 2
[470, 470, 470, 470, 470, 470, 470, 470, 470, 470, 470, 470, 470] [130, 150, 170, 190, 210, 230, 250, 270, 290, 310, 330, 350, 370] [373, 75] 13 2
[470, 470, 470, 470, 470, 470, 470, 470, 470, 470, 470, 470, 470] [110, 130, 150, 170, 190, 210, 230, 250, 270, 290, 310, 330, 350] [373, 75] 13 2
[470, 470, 470, 470, 470, 470, 470, 470, 470, 470, 470, 470, 470] [90, 110, 130, 150, 170, 190, 210, 230, 250, 270, 290, 310, 330] [373, 75] 13 2
[470, 470, 470, 470, 470, 470, 470, 470, 470, 470, 470, 470, 470] [70, 90, 110, 130, 150, 170, 190, 210, 230, 250, 270, 290, 310] [373, 75] 13 2
[450, 470, 470, 470, 470, 470, 470, 470, 470, 470, 470, 470, 470] [70, 70, 90, 110, 130, 150, 170, 190, 210, 230, 250, 270, 290] [373, 75] 13 3
[430, 450, 470, 470, 470, 470, 470, 470, 470, 470, 470, 470, 470] [70, 70, 70, 90, 110, 130, 150, 170, 190, 210, 230, 250, 270] [373, 75] 13 3
[410, 430, 450, 470, 470, 470, 470, 470, 470, 470, 470, 470, 470] [70, 70, 70, 70, 90, 110, 130, 150, 170, 190, 210, 230, 250] [373, 75] 13 3
[390, 410, 430, 450, 470, 470, 470, 470, 470, 470, 470, 470, 470] [70, 70, 70, 70, 70, 90, 110, 130, 150, 170, 190, 210, 230] [373, 75] 13 3
[370, 390, 410, 430, 450, 470, 470, 470, 470, 470, 470, 470, 470] [70, 70, 70, 70, 70, 70, 90, 110, 130, 150, 170, 190, 210] [373, 75] 13 3
[350, 370, 390, 410, 430, 450, 470, 470, 470, 470, 470, 470, 470, 470] [70, 70, 70, 70, 70, 70, 70, 90, 110, 130, 150, 170, 190, 210] [28, 53] 14 3
[330, 350, 370, 390, 410, 430, 450, 470, 470, 470, 470, 470, 470, 470] [70, 70, 70, 70, 70, 70, 70, 70, 90, 110, 130, 150, 170, 190] [28, 53] 14 3
[310, 330, 350, 370, 390, 410, 430, 450, 470, 470, 470, 470, 470, 470] [70, 70, 70, 70, 70, 70, 70, 70, 70, 90, 110, 130, 150, 170] [28, 53] 14 3
[290, 310, 330, 350, 370, 390, 410, 430, 450, 470, 470, 470, 470, 470] [70, 70, 70, 70, 70, 70, 70, 70, 70, 70, 90, 110, 130, 150] [28, 53] 14 3
[270, 290, 310, 330, 350, 370, 390, 410, 430, 450, 470, 470, 470, 470] [70, 70, 70, 70, 70, 70, 70, 70, 70, 70, 70, 90, 110, 130] [28, 53] 14 3
[250, 270, 290, 310, 330, 350, 370, 390, 410, 430, 450, 470, 470, 470] [70, 70, 70, 70, 70, 70, 70, 70, 70, 70, 70, 70, 90, 110] [28, 53] 14 3
[230, 250, 270, 290, 310, 330, 350, 370, 390, 410, 430, 450, 470, 470] [70, 70, 70, 70, 70, 70, 70, 70, 70, 70, 70, 70, 70, 90] [28, 53] 14 3
[210, 230, 250, 270, 290, 310, 330, 350, 370, 390, 410, 430, 450, 470] [70, 70, 70, 70, 70, 70, 70, 70, 70, 70, 70, 70, 70, 70] [28, 53] 14 3
[190, 210, 230, 250, 270, 290, 310, 330, 350, 370, 390, 410, 430, 450] [70, 70, 70, 70, 70, 70, 70, 70, 70, 70, 70, 70, 70, 70] [28, 53] 14 3
[170, 190, 210, 230, 250, 270, 290, 310, 330, 350, 370, 390, 410, 430] [70, 70, 70, 70, 70, 70, 70, 70, 70, 70, 70, 70, 70, 70] [28, 53] 14 3
[150, 170, 190, 210, 230, 250, 270, 290, 310, 330, 350, 370, 390, 410] [70, 70, 70, 70, 70, 70, 70, 70, 70, 70, 70, 70, 70, 70] [28, 53] 14 3
[130, 150, 170, 190, 210, 230, 250, 270, 290, 310, 330, 350, 370, 390] [70, 70, 70, 70, 70, 70, 70, 70, 70, 70, 70, 70, 70, 70] [28, 53] 14 3
[110, 130, 150, 170, 190, 210, 230, 250, 270, 290, 310, 330, 350, 370] [70, 70, 70, 70, 70, 70, 70, 70, 70, 70, 70, 70, 70, 70] [28, 53] 14 3
[90, 110, 130, 150, 170, 190, 210, 230, 250, 270, 290, 310, 330, 350] [70, 70, 70, 70, 70, 70, 70, 70, 70, 70, 70, 70, 70, 70] [28, 53] 14 3
[70, 90, 110, 130, 150, 170, 190, 210, 230, 250, 270, 290, 310, 330] [70, 70, 70, 70, 70, 70, 70, 70, 70, 70, 70, 70, 70, 70] [28, 53] 14 3
[50, 70, 90, 110, 130, 150, 170, 190, 210, 230, 250, 270, 290, 310] [70, 70, 70, 70, 70, 70, 70, 70, 70, 70, 70, 70, 70, 70] [28, 53] 14 3
[30, 50, 70, 90, 110, 130, 150, 170, 190, 210, 230, 250, 270, 290] [70, 70, 70, 70, 70, 70, 70, 70, 70, 70, 70, 70, 70, 70] [28, 53] 14 3
[10, 30, 50, 70, 90, 110, 130, 150, 170, 190, 210, 230, 250, 270] [70, 70, 70, 70, 70, 70, 70, 70, 70, 70, 70, 70, 70, 70] [28, 53] 14 3
[10, 10, 30, 50, 70, 90, 110, 130, 150, 170, 190, 210, 230, 250] [50, 70, 70, 70, 70, 70, 70, 70, 70, 70, 70, 70, 70, 70] [28, 53] 14 2
