[290, 290, 290, 290, 290] [290, 270, 250, 230, 210] [237, 302] 5 0
[270, 290, 290, 290, 290] [290, 290, 270, 250, 230] [237, 302] 5 3
[250, 270, 290, 290, 290] [290, 290, 290, 270, 250] [237, 302] 5 3
[230, 250, 270, 290, 290] [290, 290, 290, 290, 270] [237, 302] 5 3
[210, 230, 250, 270, 290, 290] [290, 290, 290, 290, 290, 270] [40, 497] 6 3
[190, 210, 230, 250, 270, 290] [290, 290, 290, 290, 290, 290] [40, 497] 6 3
[170, 190, 210, 230, 250, 270] [290, 290, 290, 290, 290, 290] [40, 497] 6 3
[150, 170, 190, 210, 230, 250] [290, 290, 290, 290, 290, 290] [40, 497] 6 3
[130, 150, 170, 190, 210, 230] [290, 290, 290, 290, 290, 290] [40, 497] 6 3
[110, 130, 150, 170, 190, 210] [290, 290, 290, 290, 290, 290] [40, 497] 6 3
[90, 110, 130, 150, 170, 190] [290, 290, 290, 290, 290, 290] [40, 497] 6 3
[70, 90, 110, 130, 150, 170] [290, 290, 290, 290, 290, 290] [40, 497] 6 3
[50, 70, 90, 110, 130, 150] [290, 290, 290, 290, 290, 290] [40, 497] 6 3
[30, 50, 70, 90, 110, 130] [290, 290, 290, 290, 290, 290] [40, 497] 6 3
[30, 30, 50, 70, 90, 110] [310, 290, 290, 290, 290, 290] [40, 497] 6 0
[30, 30, 30, 50, 70, 90] [330, 310, 290, 290, 290, 290] [40, 497] 6 0
[30, 30, 30, 30, 50, 70] [350, 330, 310, 290, 290, 290] [40, 497] 6 0
[30, 30, 30, 30, 30, 50] [370, 350, 330, 310, 290, 290] [40, 497] 6 0
[30, 30, 30, 30, 30, 30] [390, 370, 350, 330, 310, 290] [40, 497] 6 0
[30, 30, 30, 30, 30, 30] [410, 390, 370, 350, 330, 310] [40, 497] 6 0
[30, 30, 30, 30, 30, 30] [430, 410, 390, 370, 350, 330] [40, 497] 6 0
[30, 30, 30, 30, 30, 30] [450, 430, 410, 390, 370, 350] [40, 497] 6 0
[30, 30, 30, 30, 30, 30] [470, 450, 430, 410, 390, 370] [40, 497] 6 0
[30, 30, 30, 30, 30, 30] [490, 470, 450, 430, 410, 390] [40, 497] 6 0
[50, 30, 30, 30, 30, 30, 30] [490, 490, 470, 450, 430, 410, 390] [328, 291] 7 1
[70, 50, 30, 30, 30, 30, 30] [490, 490, 490, 470, 450, 430, 410] [328, 291] 7 1
[90, 70, 50, 30, 30, 30, 30] [490, 490, 490, 490, 470, 450, 430] [328, 291] 7 1
[110, 90, 70, 50, 30, 30, 30] [490, 490, 490, 490, 490, 470, 450] [328, 291] 7 1
[130, 110, 90, 70, 50, 30, 30] [490, 490, 490, 490, 490, 490, 470] [328, 291] 7 1
[150, 130, 110, 90, 70, 50, 30] [490, 490, 490, 490, 490, 490, 490] [328, 291] 7 1
[170, 150, 130, 110, 90, 70, 50] [490, 490, 490, 490, 490, 490, 490] [328, 291] 7 1
[190, 170, 150, 130, 110, 90, 70] [490, 490, 490, 490, 490, 490, 490] [328, 291] 7 1
[210, 190, 170, 150, 130, 110, 90] [490, 490, 490, 490, 490, 490, 490] [328, 291] 7 1
[230, 210, 190, 170, 150, 130, 110] [490, 490, 490, 490, 490, 490, 490] [328, 291] 7 1
[250, 230, 210, 190, 170, 150, 130] [490, 490, 490, 490, 490, 490, 490] [328, 291] 7 1
[270, 250, 230, 210, 190, 170, 150] [490, 490, 490, 490, 490, 490, 490] [328, 291] 7 1
[290, 270, 250, 230, 210, 190, 170] [490, 490, 490, 490, 490, 490, 490] [328, 291] 7 1
[310, 290, 270, 250, 230, 210, 190] [490, 490, 490, 490, 490, 490, 490] [328, 291] 7 1
[330, 310, 290, 270, 250, 230, 210] [490, 490, 490, 490, 490, 490, 490] [328, 291] 7 1
[330, 330, 310, 290, 270, 250, 230] [470, 490, 490, 490, 490, 490, 490] [328, 291] 7 2
[330, 330, 330, 310, 290, 270, 250] [450, 470, 490, 490, 490, 490, 490] [328, 291] 7 2
[330, 330, 330, 330, 310, 290, 270] [430, 450, 470, 490, 490, 490, 490] [328, 291] 7 2
[330, 330, 330, 330, 330, 310, 290] [410, 430, 450, 470, 490, 490, 490] [328, 291] 7 2
[330, 330, 330, 330, 330, 330, 310] [390, 410, 430, 450, 470, 490, 490] [328, 291] 7 2
[330, 330, 330, 330, 330, 330, 330] [370, 390, 410, 430, 450, 470, 490] [328, 291] 7 2
[330, 330, 330, 330, 330, 330, 330] [350, 370, 390, 410, 430, 450, 470] [328, 291] 7 2
[330, 330, 330, 330, 330, 330, 330] [330, 350, 370, 390, 410, 430, 450] [328, 291] 7 2
[330, 330, 330, 330, 330, 330, 330] [310, 330, 350, 370, 390, 410, 430] [328, 291] 7 2
[330, 330, 330, 330, 330, 330, 330] [290, 310, 330, 350, 370, 390, 410] [328, 291] 7 2
[330, 330, 330, 330, 330, 330, 330, 330] [270, 290, 310, 330, 350, 370, 390, 410] [527, 24] 8 2
[330, 330, 330, 330, 330, 330, 330, 330] [250, 270, 290, 310, 330, 350, 370, 390] [527, 24] 8 2
[330, 330, 330, 330, 330, 330, 330, 330] [230, 250, 270, 290, 310, 330, 350, 370] [527, 24] 8 2
[330, 330, 330, 330, 330, 330, 330, 330] [210, 230, 250, 270, 290, 310, 330, 350] [527, 24] 8 2
[330, 330, 330, 330, 330, 330, 330, 330] [190, 210, 230, 250, 270, 290, 310, 330] [527, 24] 8 2
[330, 330, 330, 330, 330, 330, 330, 330] [170, 190, 210, 230, 250, 270, 290, 310] [527, 24] 8 2
[330, 330, 330, 330, 330, 330, 330, 330] [150, 170, 190, 210, 230, 250, 270, 290] [527, 24] 8 2
[330, 330, 330, 330, 330, 330, 330, 330] [130, 150, 170, 190, 210, 230, 250, 270] [527, 24] 8 2
[330, 330, 330, 330, 330, 330, 330, 330] [110, 130, 150, 170, 190, 210, 230, 250] [527, 24] 8 2
[330, 330, 330, 330, 330, 330, 330, 330] [90, 110, 130, 150, 170, 190, 210, 230] [527, 24] 8 2
[330, 330, 330, 330, 330, 330, 330, 330] [70, 90, 110, 130, 150, 170, 190, 210] [527, 24] 8 2
[330, 330, 330, 330, 330, 330, 330, 330] [50, 70, 90, 110, 130, 150, 170, 190] [527, 24] 8 2
[330, 330, 330, 330, 330, 330, 330, 330] [30, 50, 70, 90, 110, 130, 150, 170] [527, 24] 8 2
[350, 330, 330, 330, 330, 330, 330, 330] [30, 30, 50, 70, 90, 110, 130, 150] [527, 24] 8 1
[370, 350, 330, 330, 330, 330, 330, 330] [30, 30, 30, 50, 70, 90, 110, 130] [527, 24] 8 1
[390, 370, 350, 330, 330, 330, 330, 330] [30, 30, 30, 30, 50, 70, 90, 110] [527, 24] 8 1
[410, 390, 370, 350, 330, 330, 330, 330] [30, 30, 30, 30, 30, 50, 70, 90] [527, 24] 8 1
[430, 410, 390, 370, 350, 330, 330, 330] [30, 30, 30, 30, 30, 30, 50, 70] [527, 24] 8 1
[450, 430, 410, 390, 370, 350, 330, 330] [30, 30, 30, 30, 30, 30, 30, 50] [527, 24] 8 1
[470, 450, 430, 410, 390, 370, 350, 330] [30, 30, 30, 30, 30, 30, 30, 30] [527, 24] 8 1
[490, 470, 450, 430, 410, 390, 370, 350] [30, 30, 30, 30, 30, 30, 30, 30] [527, 24] 8 1
[510, 490, 470, 450, 430, 410, 390, 370] [30, 30, 30, 30, 30, 30, 30, 30] [527, 24] 8 1
[530, 510, 490, 470, 450, 430, 410, 390, 370] [30, 30, 30, 30, 30, 30, 30, 30, 30] [414, 198] 9 1
[530, 530, 510, 490, 470, 450, 430, 410, 390] [50, 30, 30, 30, 30, 30, 30, 30, 30] [414, 198] 9 0
[530, 530, 530, 510, 490, 470, 450, 430, 410] [70, 50, 30, 30, 30, 30, 30, 30, 30] [414, 198] 9 0
[530, 530, 530, 530, 510, 490, 470, 450, 430] [90, 70, 50, 30, 30, 30, 30, 30, 30] [414, 198] 9 0
[530, 530, 530, 530, 530, 510, 490, 470, 450] [110, 90, 70, 50, 30, 30, 30, 30, 30] [414, 198] 9 0
[530, 530, 530, 530, 530, 530, 510, 490, 470] [130, 110, 90, 70, 50, 30, 30, 30, 30] [414, 198] 9 0
[530, 530, 530, 530, 530, 530, 530, 510, 490] [150, 130, 110, 90, 70, 50, 30, 30, 30] [414, 198] 9 0
[530, 530, 530, 530, 530, 530, 530, 530, 510] [170, 150, 130, 110, 90, 70, 50, 30, 30] [414, 198] 9 0
[530, 530, 530, 530, 530, 530, 530, 530, 530] [190, 170, 150, 130, 110, 90, 70, 50, 30] [414, 198] 9 0
[510, 530, 530, 530, 530, 530, 530, 530, 530] [190, 190, 170, 150, 130, 110, 90, 70, 50] [414, 198] 9 3
[490, 510, 530, 530, 530, 530, 530, 530, 530] [190, 190, 190, 170, 150, 130, 110, 90, 70] [414, 198] 9 3
[470, 490, 510, 530, 530, 530, 530, 530, 530] [190, 190, 190, 190, 170, 150, 130, 110, 90] [414, 198] 9 3
[450, 470, 490, 510, 530, 530, 530, 530, 530] [190, 190, 190, 190, 190, 170, 150, 130, 110] [414, 198] 9 3
[430, 450, 470, 490, 510, 530, 530, 530, 530] [190, 190, 190, 190, 190, 190, 170, 150, 130] [414, 198] 9 3
[410, 430, 450, 470, 490, 510, 530, 530, 530] [190, 190, 190, 190, 190, 190, 190, 170, 150] [414, 198] 9 3
[390, 410, 430, 450, 470, 490, 510, 530, 530, 530] [190, 190, 190, 190, 190, 190, 190, 190, 170, 150] [349, 29] 10 3
[370, 390, 410, 430, 450, 470, 490, 510, 530, 530] [190, 190, 190, 190, 190, 190, 190, 190, 190, 170] [349, 29] 10 3
[350, 370, 390, 410, 430, 450, 470, 490, 510, 530] [190, 190, 190, 190, 190, 190, 190, 190, 190, 190] [349, 29] 10 3
[350, 350, 370, 390, 410, 430, 450, 470, 490, 510] [170, 190, 190, 190, 190, 190, 190, 190, 190, 190] [349, 29] 10 2
[350, 350, 350, 370, 390, 410, 430, 450, 470, 490] [150, 170, 190, 190, 190, 190, 190, 190, 190, 190] [349, 29] 10 2
[350, 350, 350, 350, 370, 390, 410, 430, 450, 470] [130, 150, 170, 190, 190, 190, 190, 190, 190, 190] [349, 29] 10 2
[350, 350, 350, 350, 350, 370, 390, 410, 430, 450] [110, 130, 150, 170, 190, 190, 190, 190, 190, 190] [349, 29] 10 2
[350, 350, 350, 350, 350, 350, 370, 390, 410, 430] [90, 110, 130, 150, 170, 190, 190, 190, 190, 190] [349, 29] 10 2
[350, 350, 350, 350, 350, 350, 350, 370, 390, 410] [70, 90, 110, 130, 150, 170, 190, 190, 190, 190] [349, 29] 10 2
[350, 350, 350, 350, 350, 350, 350, 350, 370, 390] [50, 70, 90, 110, 130, 150, 170, 190, 190, 190] [349, 29] 10 2
[350, 350, 350, 350, 350, 350, 350, 350, 350, 370] [30, 50, 70, 90, 110, 130, 150, 170, 190, 190] [349, 29] 10 2
[350, 350, 350, 350, 350, 350, 350, 350, 350, 350, 370] [10, 30, 50, 70, 90, 110, 130, 150, 170, 190, 190] [130, 78] 11 2
[330, 350, 350, 350, 350, 350, 350, 350, 350, 350, 350] [10, 10, 30, 50, 70, 90, 110, 130, 150, 170, 190] [130, 78] 11 3
[310, 330, 350, 350, 350, 350, 350, 350, 350, 350, 350] [10, 10, 10, 30, 50, 70, 90, 110, 130, 150, 170] [130, 78] 11 3
[290, 310, 330, 350, 350, 350, 350, 350, 350, 350, 350] [10, 10, 10, 10, 30, 50, 70, 90, 110, 130, 150] [130, 78] 11 3
[270, 290, 310, 330, 350, 350, 350, 350, 350, 350, 350] [10, 10, 10, 10, 10, 30, 50, 70, 90, 110, 130] [130, 78] 11 3
[250, 270, 290, 310, 330, 350, 350, 350, 350, 350, 350] [10, 10, 10, 10, 10, 10, 30, 50, 70, 90, 110] [130, 78] 11 3
[230, 250, 270, 290, 310, 330, 350, 350, 350, 350, 350] [10, 10, 10, 10, 10, 10, 10, 30, 50, 70, 90] [130, 78] 11 3
[210, 230, 250, 270, 290, 310, 330, 350, 350, 350, 350] [10, 10, 10, 10, 10, 10, 10, 10, 30, 50, 70] [130, 78] 11 3
[190, 210, 230, 250, 270, 290, 310, 330, 350, 350, 350] [10, 10, 10, 10, 10, 10, 10, 10, 10, 30, 50] [130, 78] 11 3
[170, 190, 210, 230, 250, 270, 290, 310, 330, 350, 350] [10, 10, 10, 10, 10, 10, 10, 10, 10, 10, 30] [130, 78] 11 3
[150, 170, 190, 210, 230, 250, 270, 290, 310, 330, 350] [10, 10, 10, 10, 10, 10, 10, 10, 10, 10, 10] [130, 78] 11 3
[130, 150, 170, 190, 210, 230, 250, 270, 290, 310, 330] [10, 10, 10, 10, 10, 10, 10, 10, 10, 10, 10] [130, 78] 11 3
[130, 130, 150, 170, 190, 210, 230, 250, 270, 290, 310] [30, 10, 10, 10, 10, 10, 10, 10, 10, 10, 10] [130, 78] 11 0
[130, 130, 130, 150, 170, 190, 210, 230, 250, 270, 290] [50, 30, 10, 10, 10, 10, 10, 10, 10, 10, 10] [130, 78] 11 0
[130, 130, 130, 130, 150, 170, 190, 210, 230, 250, 270] [70, 50, 30, 10, 10, 10, 10, 10, 10, 10, 10] [130, 78] 11 0
[130, 130, 130, 130, 130, 150, 170, 190, 210, 230, 250, 270] [90, 70, 50, 30, 10, 10, 10, 10, 10, 10, 10, 10] [260, 504] 12 0
[130, 130, 130, 130, 130, 130, 150, 170, 190, 210, 230, 250] [110, 90, 70, 50, 30, 10, 10, 10, 10, 10, 10, 10] [260, 504] 12 0
[130, 130, 130, 130, 130, 130, 130, 150, 170, 190, 210, 230] [130, 110, 90, 70, 50, 30, 10, 10, 10, 10, 10, 10] [260, 504] 12 0
[130, 130, 130, 130, 130, 130, 130, 130, 150, 170, 190, 210] [150, 130, 110, 90, 70, 50, 30, 10, 10, 10, 10, 10] [260, 504] 12 0
[130, 130, 130, 130, 130, 130, 130, 130, 130, 150, 170, 190] [170, 150, 130, 110, 90, 70, 50, 30, 10, 10, 10, 10] [260, 504] 12 0
[130, 130, 130, 130, 130, 130, 130, 130, 130, 130, 150, 170] [190, 170, 150, 130, 110, 90, 70, 50, 30, 10, 10, 10] [260, 504] 12 0
[130, 130, 130, 130, 130, 130, 130, 130, 130, 130, 130, 150] [210, 190, 170, 150, 130, 110, 90, 70, 50, 30, 10, 10] [260, 504] 12 0
[130, 130, 130, 130, 130, 130, 130, 130, 130, 130, 130, 130] [230, 210, 190, 170, 150, 130, 110, 90, 70, 50, 30, 10] [260, 504] 12 0
[130, 130, 130, 130, 130, 130, 130, 130, 130, 130, 130, 130] [250, 230, 210, 190, 170, 150, 130, 110, 90, 70, 50, 30] [260, 504] 12 0
[130, 130, 130, 130, 130, 130, 130, 130, 130, 130, 130, 130] [270, 250, 230, 210, 190, 170, 150, 130, 110, 90, 70, 50] [260, 504] 12 0
[130, 130, 130, 130, 130, 130, 130, 130, 130, 130, 130, 130] [290, 270, 250, 230, 210, 190, 170, 150, 130, 110, 90, 70] [260, 504] 12 0
[130, 130, 130, 130, 130, 130, 130, 130, 130, 130, 130, 130] [310, 290, 270, 250, 230, 210, 190, 170, 150, 130, 110, 90] [260, 504] 12 0
[130, 130, 130, 130, 130, 130, 130, 130, 130, 130, 130, 130] [330, 310, 290, 270, 250, 230, 210, 190, 170, 150, 130, 110] [260, 504] 12 0
[130, 130, 130, 130, 130, 130, 130, 130, 130, 130, 130, 130] [350, 330, 310, 290, 270, 250, 230, 210, 190, 170, 150, 130] [260, 504] 12 0
[130, 130, 130, 130, 130, 130, 130, 130, 130, 130, 130, 130] [370, 350, 330, 310, 290, 270, 250, 230, 210, 190, 170, 150] [260, 504] 12 0
[130, 130, 130, 130, 130, 130, 130, 130, 130, 130, 130, 130] [390, 370, 350, 330, 310, 290, 270, 250, 230, 210, 190, 170] [260, 504] 12 0
[130, 130, 130, 130, 130, 130, 130, 130, 130, 130, 130, 130] [410, 390, 370, 350, 330, 310, 290, 270, 250, 230, 210, 190] [260, 504] 12 0
[130, 130, 130, 130, 130, 130, 130, 130, 130, 130, 130, 130] [430, 410, 390, 370, 350, 330, 310, 290, 270, 250, 230, 210] [260, 504] 12 0
[130, 130, 130, 130, 130, 130, 130, 130, 130, 130, 130, 130] [450, 430, 410, 390, 370, 350, 330, 310, 290, 270, 250, 230] [260, 504] 12 0
[130, 130, 130, 130, 130, 130, 130, 130, 130, 130, 130, 130] [470, 450, 430, 410, 390, 370, 350, 330, 310, 290, 270, 250] [260, 504] 12 0
[130, 130, 130, 130, 130, 130, 130, 130, 130, 130, 130, 130] [490, 470, 450, 430, 410, 390, 370, 350, 330, 310, 290, 270] [260, 504] 12 0
[130, 130, 130, 130, 130, 130, 130, 130, 130, 130, 130, 130] [510, 490, 470, 450, 430, 410, 390, 370, 350, 330, 310, 290] [260, 504] 12 0
[150, 130, 130, 130, 130, 130, 130, 130, 130, 130, 130, 130] [510, 510, 490, 470, 450, 430, 410, 390, 370, 350, 330, 310] [260, 504] 12 1
[170, 150, 130, 130, 130, 130, 130, 130, 130, 130, 130, 130] [510, 510, 510, 490, 470, 450, 430, 410, 390, 370, 350, 330] [260, 504] 12 1
[190, 170, 150, 130, 130, 130, 130, 130, 130, 130, 130, 130] [510, 510, 510, 510, 490, 470, 450, 430, 410, 390, 370, 350] [260, 504] 12 1
[210, 190, 170, 150, 130, 130, 130, 130, 130, 130, 130, 130] [510, 510, 510, 510, 510, 490, 470, 450, 430, 410, 390, 370] [260, 504] 12 1
[230, 210, 190, 170, 150, 130, 130, 130, 130, 130, 130, 130] [510, 510, 510, 510, 510, 510, 490, 470, 450, 430, 410, 390] [260, 504] 12 1
[250, 230, 210, 190, 170, 150, 130, 130, 130, 130, 130, 130] [510, 510, 510, 510, 510, 510, 510, 490, 470, 450, 430, 410] [260, 504] 12 1
[270, 250, 230, 210, 190, 170, 150, 130, 130, 130, 130, 130, 130] [510, 510, 510, 510, 510, 510, 510, 510, 490, 470, 450, 430, 410] [36, 5] 13 1
[290, 270, 250, 230, 210, 190, 170, 150, 130, 130, 130, 130, 130] [510, 510, 510, 510, 510, 510, 510, 510, 510, 490, 470, 450, 430] [36, 5] 13 1
[290, 290, 270, 250, 230, 210, 190, 170, 150, 130, 130, 130, 130] [490, 510, 510, 510, 510, 510, 510, 510, 510, 510, 490, 470, 450] [36, 5] 13 2
[290, 290, 290, 270, 250, 230, 210, 190, 170, 150, 130, 130, 130] [470, 490, 510, 510, 510, 510, 510, 510, 510, 510, 510, 490, 470] [36, 5] 13 2
[290, 290, 290, 290, 270, 250, 230, 210, 190, 170, 150, 130, 130] [450, 470, 490, 510, 510, 510, 510, 510, 510, 510, 510, 510, 490] [36, 5] 13 2
[290, 290, 290, 290, 290, 270, 250, 230, 210, 190, 170, 150, 130] [430, 450, 470, 490, 510, 510, 510, 510, 510, 510, 510, 510, 510] [36, 5] 13 2
[290, 290, 290, 290, 290, 290, 270, 250, 230, 210, 190, 170, 150] [410, 430, 450, 470, 490, 510, 510, 510, 510, 510, 510, 510, 510] [36, 5] 13 2
[290, 290, 290, 290, 290, 290, 290, 270, 250, 230, 210, 190, 170] [390, 410, 430, 450, 470, 490, 510, 510, 510, 510, 510, 510, 510] [36, 5] 13 2
[290, 290, 290, 290, 290, 290, 290, 290, 270, 250, 230, 210, 190] [370, 390, 410, 430, 450, 470, 490, 510, 510, 510, 510, 510, 510] [36, 5] 13 2
[290, 290, 290, 290, 290, 290, 290, 290, 290, 270, 250, 230, 210] [350, 370, 390, 410, 430, 450, 470, 490, 510, 510, 510, 510, 510] [36, 5] 13 2
[290, 290, 290, 290, 290, 290, 290, 290, 290, 290, 270, 250, 230] [330, 350, 370, 390, 410, 430, 450, 470, 490, 510, 510, 510, 510] [36, 5] 13 2
[290, 290, 290, 290, 290, 290, 290, 290, 290, 290, 290, 270, 250] [310, 330, 350, 370, 390, 410, 430, 450, 470, 490, 510, 510, 510] [36, 5] 13 2
[290, 290, 290, 290, 290, 290, 290, 290, 290, 290, 290, 290, 270] [290, 310, 330, 350, 370, 390, 410, 430, 450, 470, 490, 510, 510] [36, 5] 13 2
[290, 290, 290, 290, 290, 290, 290, 290, 290, 290, 290, 290, 290] [270, 290, 310, 330, 350, 370, 390, 410, 430, 450, 470, 490, 510] [36, 5] 13 2
[290, 290, 290, 290, 290, 290, 290, 290, 290, 290, 290, 290, 290] [250, 270, 290, 310, 330, 350, 370, 390, 410, 430, 450, 470, 490] [36, 5] 13 2
[290, 290, 290, 290, 290, 290, 290, 290, 290, 290, 290, 290, 290] [230, 250, 270, 290, 310, 330, 350, 370, 390, 410, 430, 450, 470] [36, 5] 13 2
[290, 290, 290, 290, 290, 290, 290, 290, 290, 290, 290, 290, 290] [210, 230, 250, 270, 290, 310, 330, 350, 370, 390, 410, 430, 450] [36, 5] 13 2
[290, 290, 290, 290, 290, 290, 290, 290, 290, 290, 290, 290, 290] [190, 210, 230, 250, 270, 290, 310, 330, 350, 370, 390, 410, 430] [36, 5] 13 2
[290, 290, 290, 290, 290, 290, 290, 290, 290, 290, 290, 290, 290] [170, 190, 210, 230, 250, 270, 290, 310, 330, 350, 370, 390, 410] [36, 5] 13 2
[290, 290, 290, 290, 290, 290, 290, 290, 290, 290, 290, 290, 290] [150, 170, 190, 210, 230, 250, 270, 290, 310, 330, 350, 370, 390] [36, 5] 13 2
[290, 290, 290, 290, 290, 290, 290, 290, 290, 290, 290, 290, 290] [130, 150, 170, 190, 210, 230, 250, 270, 290, 310, 330, 350, 370] [36, 5] 13 2
[290, 290, 290, 290, 290, 290, 290, 290, 290, 290, 290, 290, 290] [110, 130, 150, 170, 190, 210, 230, 250, 270, 290, 310, 330, 350] [36, 5] 13 2
[290, 290, 290, 290, 290, 290, 290, 290, 290, 290, 290, 290, 290] [90, 110, 130, 150, 170, 190, 210, 230, 250, 270, 290, 310, 330] [36, 5] 13 2
[290, 290, 290, 290, 290, 290, 290, 290, 290, 290, 290, 290, 290] [70, 90, 110, 130, 150, 170, 190, 210, 230, 250, 270, 290, 310] [36, 5] 13 2
[290, 290, 290, 290, 290, 290, 290, 290, 290, 290, 290, 290, 290] [50, 70, 90, 110, 130, 150, 170, 190, 210, 230, 250, 270, 290] [36, 5] 13 2
[290, 290, 290, 290, 290, 290, 290, 290, 290, 290, 290, 290, 290] [30, 50, 70, 90, 110, 130, 150, 170, 190, 210, 230, 250, 270] [36, 5] 13 2
[290, 290, 290, 290, 290, 290, 290, 290, 290, 290, 290, 290, 290] [10, 30, 50, 70, 90, 110, 130, 150, 170, 190, 210, 230, 250] [36, 5] 13 2
[270, 290, 290, 290, 290, 290, 290, 290, 290, 290, 290, 290, 290] [10, 10, 30, 50, 70, 90, 110, 130, 150, 170, 190, 210, 230] [36, 5] 13 3
[250, 270, 290, 290, 290, 290, 290, 290, 290, 290, 290, 290, 290] [10, 10, 10, 30, 50, 70, 90, 110, 130, 150, 170, 190, 210] [36, 5] 13 3
[230, 250, 270, 290, 290, 290, 290, 290, 290, 290, 290, 290, 290] [10, 10, 10, 10, 30, 50, 70, 90, 110, 130, 150, 170, 190] [36, 5] 13 3
[210, 230, 250, 270, 290, 290, 290, 290, 290, 290, 290, 290, 290] [10, 10, 10, 10, 10, 30, 50, 70, 90, 110, 130, 150, 170] [36, 5] 13 3
[190, 210, 230, 250, 270, 290, 290, 290, 290, 290, 290, 290, 290] [10, 10, 10, 10, 10, 10, 30, 50, 70, 90, 110, 130, 150] [36, 5] 13 3
[170, 190, 210, 230, 250, 270, 290, 290, 290, 290, 290, 290, 290] [10, 10, 10, 10, 10, 10, 10, 30, 50, 70, 90, 110, 130] [36, 5] 13 3
[150, 170, 190, 210, 230, 250, 270, 290, 290, 290, 290, 290, 290] [10, 10, 10, 10, 10, 10, 10, 10, 30, 50, 70, 90, 110] [36, 5] 13 3
[130, 150, 170, 190, 210, 230, 250, 270, 290, 290, 290, 290, 290] [10, 10, 10, 10, 10, 10, 10, 10, 10, 30, 50, 70, 90] [36, 5] 13 3
[110, 130, 150, 170, 190, 210, 230, 250, 270, 290, 290, 290, 290] [10, 10, 10, 10, 10, 10, 10, 10, 10, 10, 30, 50, 70] [36, 5] 13 3
[90, 110, 130, 150, 170, 190, 210, 230, 250, 270, 290, 290, 290] [10, 10, 10, 10, 10, 10, 10, 10, 10, 10, 10, 30, 50] [36, 5] 13 3
[70, 90, 110, 130, 150, 170, 190, 210, 230, 250, 270, 290, 290] [10, 10, 10, 10, 10, 10, 10, 10, 10, 10, 10, 10, 30] [36, 5] 13 3
[50, 70, 90, 110, 130, 150, 170, 190, 210, 230, 250, 270, 290] [10, 10, 10, 10, 10, 10, 10, 10, 10, 10, 10, 10, 10] [36, 5] 13 3
[30, 50, 70, 90, 110, 130, 150, 170, 190, 210, 230, 250, 270] [10, 10, 10, 10, 10, 10, 10, 10, 10, 10, 10, 10, 10] [36, 5] 13 3
[30, 30, 50, 70, 90, 110, 130, 150, 170, 190, 210, 230, 250, 270] [30, 10, 10, 10, 10, 10, 10, 10, 10, 10, 10, 10, 10, 10] [377, 270] 14 0
[30, 30, 30, 50, 70, 90, 110, 130, 150, 170, 190, 210, 230, 250] [50, 30, 10, 10, 10, 10, 10, 10, 10, 10, 10, 10, 10, 10] [377, 270] 14 0
[30, 30, 30, 30, 50, 70, 90, 110, 130, 150, 170, 190, 210, 230] [70, 50, 30, 10, 10, 10, 10, 10, 10, 10, 10, 10, 10, 10] [377, 270] 14 0
[30, 30, 30, 30, 30, 50, 70, 90, 110, 130, 150, 170, 190, 210] [90, 70, 50, 30, 10, 10, 10, 10, 10, 10, 10, 10, 10, 10] [377, 270] 14 0
[30, 30, 30, 30, 30, 30, 50, 70, 90, 110, 130, 150, 170, 190] [110, 90, 70, 50, 30, 10, 10, 10, 10, 10, 10, 10, 10, 10] [377, 270] 14 0
[30, 30, 30, 30, 30, 30, 30, 50, 70, 90, 110, 130, 150, 170] [130, 110, 90, 70, 50, 30, 10, 10, 10, 10, 10, 10, 10, 10] [377, 270] 14 0
[30, 30, 30, 30, 30, 30, 30, 30, 50, 70, 90, 110, 130, 150] [150, 130, 110, 90, 70, 50, 30, 10, 10, 10, 10, 10, 10, 10] [377, 270] 14 0
[30, 30, 30, 30, 30, 30, 30, 30, 30, 50, 70, 90, 110, 130] [170, 150, 130, 110, 90, 70, 50, 30, 10, 10, 10, 10, 10, 10] [377, 270] 14 0
[30, 30, 30, 30, 30, 30, 30, 30, 30, 30, 50, 70, 90, 110] [190, 170, 150, 130, 110, 90, 70, 50, 30, 10, 10, 10, 10, 10] [377, 270] 14 0
[30, 30, 30, 30, 30, 30, 30, 30, 30, 30, 30, 50, 70, 90] [210, 190, 170, 150, 130, 110, 90, 70, 50, 30, 10, 10, 10, 10] [377, 270] 14 0
[30, 30, 30, 30, 30, 30, 30, 30, 30, 30, 30, 30, 50, 70] [230, 210, 190, 170, 150, 130, 110, 90, 70, 50, 30, 10, 10, 10] [377, 270] 14 0
[30, 30, 30, 30, 30, 30, 30, 30, 30, 30, 30, 30, 30, 50] [250, 230, 210, 190, 170, 150, 130, 110, 90, 70, 50, 30, 10, 10] [377, 270] 14 0
[30, 30, 30, 30, 30, 30, 30, 30, 30, 30, 30, 30, 30, 30] [270, 250, 230, 210, 190, 170, 150, 130, 110, 90, 70, 50, 30, 10] [377, 270] 14 0
[50, 30, 30, 30, 30, 30, 30, 30, 30, 30, 30, 30, 30, 30] [270, 270, 250, 230, 210, 190, 170, 150, 130, 110, 90, 70, 50, 30] [377, 270] 14 1
[70, 50, 30, 30, 30, 30, 30, 30, 30, 30, 30, 30, 30, 30] [270, 270, 270, 250, 230, 210, 190, 170, 150, 130, 110, 90, 70, 50] [377, 270] 14 1
[90, 70, 50, 30, 30, 30, 30, 30, 30, 30, 30, 30, 30, 30] [270, 270, 270, 270, 250, 230, 210, 190, 170, 150, 130, 110, 90, 70] [377, 270] 14 1
[110, 90, 70, 50, 30, 30, 30, 30, 30, 30, 30, 30, 30, 30] [270, 270, 270, 270, 270, 250, 230, 210, 190, 170, 150, 130, 110, 90] [377, 270] 14 1
[130, 110, 90, 70, 50, 30, 30, 30, 30, 30, 30, 30, 30, 30] [270, 270, 270, 270, 270, 270, 250, 230, 210, 190, 170, 150, 130, 110] [377, 270] 14 1
[150, 130, 110, 90, 70, 50, 30, 30, 30, 30, 30, 30, 30, 30] [270, 270, 270, 270, 270, 270, 270, 250, 230, 210, 190, 170, 150, 130] [377, 270] 14 1
[170, 150, 130, 110, 90, 70, 50, 30, 30, 30, 30, 30, 30, 30] [270, 270, 270, 270, 270, 270, 270, 270, 250, 230, 210, 190, 170, 150] [377, 270] 14 1
[190, 170, 150, 130, 110, 90, 70, 50, 30, 30, 30, 30, 30, 30] [270, 270, 270, 270, 270, 270, 270, 270, 270, 250, 230, 210, 190, 170] [377, 270] 14 1
[210, 190, 170, 150, 130, 110, 90, 70, 50, 30, 30, 30, 30, 30] [270, 270, 270, 270, 270, 270, 270, 270, 270, 270, 250, 230, 210, 190] [377, 270] 14 1
[230, 210, 190, 170, 150, 130, 110, 90, 70, 50, 30, 30, 30, 30] [270, 270, 270, 270, 270, 270, 270, 270, 270, 270, 270, 250, 230, 210] [377, 270] 14 1
[250, 230, 210, 190, 170, 150, 130, 110, 90, 70, 50, 30, 30, 30] [270, 270, 270, 270, 270, 270, 270, 270, 270, 270, 270, 270, 250, 230] [377, 270] 14 1
[270, 250, 230, 210, 190, 170, 150, 130, 110, 90, 70, 50, 30, 30] [270, 270, 270, 270, 270, 270, 270, 270, 270, 270, 270, 270, 270, 250] [377, 270] 14 1
[290, 270, 250, 230, 210, 190, 170, 150, 130, 110, 90, 70, 50, 30] [270, 270, 270, 270, 270, 270, 270, 270, 270, 270, 270, 270, 270, 270] [377, 270] 14 1
[310, 290, 270, 250, 230, 210, 190, 170, 150, 130, 110, 90, 70, 50] [270, 270, 270, 270, 270, 270, 270, 270, 270, 270, 270, 270, 270, 270] [377, 270] 14 1
[330, 310, 290, 270, 250, 230, 210, 190, 170, 150, 130, 110, 90, 70] [270, 270, 270, 270, 270, 270, 270, 270, 270, 270, 270, 270, 270, 270] [377, 270] 14 1
[350, 330, 310, 290, 270, 250, 230, 210, 190, 170, 150, 130, 110, 90] [270, 270, 270, 270, 270, 270, 270, 270, 270, 270, 270, 270, 270, 270] [377, 270] 14 1
[370, 350, 330, 310, 290, 270, 250, 230, 210, 190, 170, 150, 130, 110] [270, 270, 270, 270, 270, 270, 270, 270, 270, 270, 270, 270, 270, 270] [377, 270] 14 1
[390, 370, 350, 330, 310, 290, 270, 250, 230, 210, 190, 170, 150, 130, 110] [270, 270, 270, 270, 270, 270, 270, 270, 270, 270, 270, 270, 270, 270, 270] [252, 476] 15 1
[390, 390, 370, 350, 330, 310, 290, 270, 250, 230, 210, 190, 170, 150, 130] [290, 270, 270, 270, 270, 270, 270, 270, 270, 270, 270, 270, 270, 270, 270] [252, 476] 15 0
[390, 390, 390, 370, 350, 330, 310, 290, 270, 250, 230, 210, 190, 170, 150] [310, 290, 270, 270, 270, 270, 270, 270, 270, 270, 270, 270, 270, 270, 270] [252, 476] 15 0
[390, 390, 390, 390, 370, 350, 330, 310, 290, 270, 250, 230, 210, 190, 170] [330, 310, 290, 270, 270, 270, 270, 270, 270, 270, 270, 270, 270, 270, 270] [252, 476] 15 0
[390, 390, 390, 390, 390, 370, 350, 330, 310, 290, 270, 250, 230, 210, 190] [350, 330, 310, 290, 270, 270, 270, 270, 270, 270, 270, 270, 270, 270, 270] [252, 476] 15 0
[390, 390, 390, 390, 390, 390, 370, 350, 330, 310, 290, 270, 250, 230, 210] [370, 350, 330, 310, 290, 270, 270, 270, 270, 270, 270, 270, 270, 270, 270] [252, 476] 15 0
[390, 390, 390, 390, 390, 390, 390, 370, 350, 330, 310, 290, 270, 250, 230] [390, 370, 350, 330, 310, 290, 270, 270, 270, 270, 270, 270, 270, 270, 270] [252, 476] 15 0
[390, 390, 390, 390, 390, 390, 390, 390, 370, 350, 330, 310, 290, 270, 250] [410, 390, 370, 350, 330, 310, 290, 270, 270, 270, 270, 270, 270, 270, 270] [252, 476] 15 0
[390, 390, 390, 390, 390, 390, 390, 390, 390, 370, 350, 330, 310, 290, 270] [430, 410, 390, 370, 350, 330, 310, 290, 270, 270, 270, 270, 270, 270, 270] [252, 476] 15 0
[390, 390, 390, 390, 390, 390, 390, 390, 390, 390, 370, 350, 330, 310, 290] [450, 430, 410, 390, 370, 350, 330, 310, 290, 270, 270, 270, 270, 270, 270] [252, 476] 15 0
[390, 390, 390, 390, 390, 390, 390, 390, 390, 390, 390, 370, 350, 330, 310] [470, 450, 430, 410, 390, 370, 350, 330, 310, 290, 270, 270, 270, 270, 270] [252, 476] 15 0
[370, 390, 390, 390, 390, 390, 390, 390, 390, 390, 390, 390, 370, 350, 330] [470, 470, 450, 430, 410, 390, 370, 350, 330, 310, 290, 270, 270, 270, 270] [252, 476] 15 3
[350, 370, 390, 390, 390, 390, 390, 390, 390, 390, 390, 390, 390, 370, 350] [470, 470, 470, 450, 430, 410, 390, 370, 350, 330, 310, 290, 270, 270, 270] [252, 476] 15 3
[330, 350, 370, 390, 390, 390, 390, 390, 390, 390, 390, 390, 390, 390, 370] [470, 470, 470, 470, 450, 430, 410, 390, 370, 350, 330, 310, 290, 270, 270] [252, 476] 15 3
[310, 330, 350, 370, 390, 390, 390, 390, 390, 390, 390, 390, 390, 390, 390] [470, 470, 470, 470, 470, 450, 430, 410, 390, 370, 350, 330, 310, 290, 270] [252, 476] 15 3
[290, 310, 330, 350, 370, 390, 390, 390, 390, 390, 390, 390, 390, 390, 390] [470, 470, 470, 470, 470, 470, 450, 430, 410, 390, 370, 350, 330, 310, 290] [252, 476] 15 3
[270, 290, 310, 330, 350, 370, 390, 390, 390, 390, 390, 390, 390, 390, 390] [470, 470, 470, 470, 470, 470, 470, 450, 430, 410, 390, 370, 350, 330, 310] [252, 476] 15 3
[250, 270, 290, 310, 330, 350, 370, 390, 390, 390, 390, 390, 390, 390, 390] [470, 470, 470, 470, 470, 470, 470, 470, 450, 430, 410, 390, 370, 350, 330] [252, 476] 15 3
