[290, 290, 290, 290, 290] [290, 270, 250, 230, 210] [29, 346] 5 0
[290, 290, 290, 290, 290] [310, 290, 270, 250, 230] [29, 346] 5 0
[290, 290, 290, 290, 290] [330, 310, 290, 270, 250] [29, 346] 5 0
[290, 290, 290, 290, 290] [350, 330, 310, 290, 270] [29, 346] 5 0
[270, 290, 290, 290, 290] [350, 350, 330, 310, 290] [29, 346] 5 3
[250, 270, 290, 290, 290] [350, 350, 350, 330, 310] [29, 346] 5 3
[230, 250, 270, 290, 290] [350, 350, 350, 350, 330] [29, 346] 5 3
[210, 230, 250, 270, 290] [350, 350, 350, 350, 350] [29, 346] 5 3
[190, 210, 230, 250, 270] [350, 350, 350, 350, 350] [29, 346] 5 3
[170, 190, 210, 230, 250] [350, 350, 350, 350, 350] [29, 346] 5 3
[150, 170, 190, 210, 230] [350, 350, 350, 350, 350] [29, 346] 5 3
[130, 150, 170, 190, 210] [350, 350, 350, 350, 350] [29, 346] 5 3
[110, 130, 150, 170, 190] [350, 350, 350, 350, 350] [29, 346] 5 3
[90, 110, 130, 150, 170] [350, 350, 350, 350, 350] [29, 346] 5 3
[70, 90, 110, 130, 150] [350, 350, 350, 350, 350] [29, 346] 5 3
[50, 70, 90, 110, 130] [350, 350, 350, 350, 350] [29, 346] 5 3
[30, 50, 70, 90, 110] [350, 350, 350, 350, 350] [29, 346] 5 3
[30, 30, 50, 70, 90, 110] [330, 350, 350, 350, 350, 350] [349, 370] 6 2
[50, 30, 30, 50, 70, 90] [330, 330, 350, 350, 350, 350] [349, 370] 6 1
[70, 50, 30, 30, 50, 70] [330, 330, 330, 350, 350, 350] [349, 370] 6 1
[90, 70, 50, 30, 30, 50] [330, 330, 330, 330, 350, 350] [349, 370] 6 1
[110, 90, 70, 50, 30, 30] [330, 330, 330, 330, 330, 350] [349, 370] 6 1
[130, 110, 90, 70, 50, 30] [330, 330, 330, 330, 330, 330] [349, 370] 6 1
[150, 130, 110, 90, 70, 50] [330, 330, 330, 330, 330, 330] [349, 370] 6 1
[170, 150, 130, 110, 90, 70] [330, 330, 330, 330, 330, 330] [349, 370] 6 1
[190, 170, 150, 130, 110, 90] [330, 330, 330, 330, 330, 330] [349, 370] 6 1
[210, 190, 170, 150, 130, 110] [330, 330, 330, 330, 330, 330] [349, 370] 6 1
[230, 210, 190, 170, 150, 130] [330, 330, 330, 330, 330, 330] [349, 370] 6 1
[250, 230, 210, 190, 170, 150] [330, 330, 330, 330, 330, 330] [349, 370] 6 1
[270, 250, 230, 210, 190, 170] [330, 330, 330, 330, 330, 330] [349, 370] 6 1
[290, 270, 250, 230, 210, 190] [330, 330, 330, 330, 330, 330] [349, 370] 6 1
[310, 290, 270, 250, 230, 210] [330, 330, 330, 330, 330, 330] [349, 370] 6 1
[330, 310, 290, 270, 250, 230] [330, 330, 330, 330, 330, 330] [349, 370] 6 1
[330, 330, 310, 290, 270, 250] [350, 330, 330, 330, 330, 330] [349, 370] 6 0
[330, 330, 330, 310, 290, 270] [370, 350, 330, 330, 330, 330] [349, 370] 6 0
[350, 330, 330, 330, 310, 290, 270] [370, 370, 350, 330, 330, 330, 330] [488, 104] 7 1
[370, 350, 330, 330, 330, 310, 290] [370, 370, 370, 350, 330, 330, 330] [488, 104] 7 1
[390, 370, 350, 330, 330, 330, 310] [370, 370, 370, 370, 350, 330, 330] [488, 104] 7 1
[410, 390, 370, 350, 330, 330, 330] [370, 370, 370, 370, 370, 350, 330] [488, 104] 7 1
[430, 410, 390, 370, 350, 330, 330] [370, 370, 370, 370, 370, 370, 350] [488, 104] 7 1
[450, 430, 410, 390, 370, 350, 330] [370, 370, 370, 370, 370, 370, 370] [488, 104] 7 1
[470, 450, 430, 410, 390, 370, 350] [370, 370, 370, 370, 370, 370, 370] [488, 104] 7 1
[490, 470, 450, 430, 410, 390, 370] [370, 370, 370, 370, 370, 370, 370] [488, 104] 7 1
[490, 490, 470, 450, 430, 410, 390] [350, 370, 370, 370, 370, 370, 370] [488, 104] 7 2
[490, 490, 490, 470, 450, 430, 410] [330, 350, 370, 370, 370, 370, 370] [488, 104] 7 2
[490, 490, 490, 490, 470, 450, 430] [310, 330, 350, 370, 370, 370, 370] [488, 104] 7 2
[490, 490, 490, 490, 490, 470, 450] [290, 310, 330, 350, 370, 370, 370] [488, 104] 7 2
[490, 490, 490, 490, 490, 490, 470] [270, 290, 310, 330, 350, 370, 370] [488, 104] 7 2
[490, 490, 490, 490, 490, 490, 490] [250, 270, 290, 310, 330, 350, 370] [488, 104] 7 2
[490, 490, 490, 490, 490, 490, 490] [230, 250, 270, 290, 310, 330, 350] [488, 104] 7 2
[490, 490, 490, 490, 490, 490, 490] [210, 230, 250, 270, 290, 310, 330] [488, 104] 7 2
[490, 490, 490, 490, 490, 490, 490] [190, 210, 230, 250, 270, 290, 310] [488, 104] 7 2
[490, 490, 490, 490, 490, 490, 490] [170, 190, 210, 230, 250, 270, 290] [488, 104] 7 2
[490, 490, 490, 490, 490, 490, 490] [150, 170, 190, 210, 230, 250, 270] [488, 104] 7 2
[490, 490, 490, 490, 490, 490, 490] [130, 150, 170, 190, 210, 230, 250] [488, 104] 7 2
[490, 490, 490, 490, 490, 490, 490] [110, 130, 150, 170, 190, 210, 230] [488, 104] 7 2
[490, 490, 490, 490, 490, 490, 490, 490] [90, 110, 130, 150, 170, 190, 210, 230] [244, 369] 8 2
[470, 490, 490, 490, 490, 490, 490, 490] [90, 90, 110, 130, 150, 170, 190, 210] [244, 369] 8 3
[450, 470, 490, 490, 490, 490, 490, 490] [90, 90, 90, 110, 130, 150, 170, 190] [244, 369] 8 3
[430, 450, 470, 490, 490, 490, 490, 490] [90, 90, 90, 90, 110, 130, 150, 170] [244, 369] 8 3
[410, 430, 450, 470, 490, 490, 490, 490] [90, 90, 90, 90, 90, 110, 130, 150] [244, 369] 8 3
[390, 410, 430, 450, 470, 490, 490, 490] [90, 90, 90, 90, 90, 90, 110, 130] [244, 369] 8 3
[370, 390, 410, 430, 450, 470, 490, 490] [90, 90, 90, 90, 90, 90, 90, 110] [244, 369] 8 3
[350, 370, 390, 410, 430, 450, 470, 490] [90, 90, 90, 90, 90, 90, 90, 90] [244, 369] 8 3
[330, 350, 370, 390, 410, 430, 450, 470] [90, 90, 90, 90, 90, 90, 90, 90] [244, 369] 8 3
[310, 330, 350, 370, 390, 410, 430, 450] [90, 90, 90, 90, 90, 90, 90, 90] [244, 369] 8 3
[290, 310, 330, 350, 370, 390, 410, 430] [90, 90, 90, 90, 90, 90, 90, 90] [244, 369] 8 3
[270, 290, 310, 330, 350, 370, 390, 410] [90, 90, 90, 90, 90, 90, 90, 90] [244, 369] 8 3
[250, 270, 290, 310, 330, 350, 370, 390] [90, 90, 90, 90, 90, 90, 90, 90] [244, 369] 8 3
[250, 250, 270, 290, 310, 330, 350, 370] [110, 90, 90, 90, 90, 90, 90, 90] [244, 369] 8 0
[250, 250, 250, 270, 290, 310, 330, 350] [130, 110, 90, 90, 90, 90, 90, 90] [244, 369] 8 0
[250, 250, 250, 250, 270, 290, 310, 330] [150, 130, 110, 90, 90, 90, 90, 90] [244, 369] 8 0
[230, 250, 250, 250, 250, 270, 290, 310] [150, 150, 130, 110, 90, 90, 90, 90] [244, 369] 8 3
[230, 230, 250, 250, 250, 250, 270, 290] [170, 150, 150, 130, 110, 90, 90, 90] [244, 369] 8 0
[230, 230, 230, 250, 250, 250, 250, 270] [190, 170, 150, 150, 130, 110, 90, 90] [244, 369] 8 0
[230, 230, 230, 230, 250, 250, 250, 250] [210, 190, 170, 150, 150, 130, 110, 90] [244, 369] 8 0
[230, 230, 230, 230, 230, 250, 250, 250] [230, 210, 190, 170, 150, 150, 130, 110] [244, 369] 8 0
[230, 230, 230, 230, 230, 230, 250, 250] [250, 230, 210, 190, 170, 150, 150, 130] [244, 369] 8 0
[230, 230, 230, 230, 230, 230, 230, 250] [270, 250, 230, 210, 190, 170, 150, 150] [244, 369] 8 0
[230, 230, 230, 230, 230, 230, 230, 230] [290, 270, 250, 230, 210, 190, 170, 150] [244, 369] 8 0
[230, 230, 230, 230, 230, 230, 230, 230] [310, 290, 270, 250, 230, 210, 190, 170] [244, 369] 8 0
[230, 230, 230, 230, 230, 230, 230, 230] [330, 310, 290, 270, 250, 230, 210, 190] [244, 369] 8 0
[230, 230, 230, 230, 230, 230, 230, 230] [350, 330, 310, 290, 270, 250, 230, 210] [244, 369] 8 0
[230, 230, 230, 230, 230, 230, 230, 230, 230] [370, 350, 330, 310, 290, 270, 250, 230, 210] [375, 441] 9 0
[230, 230, 230, 230, 230, 230, 230, 230, 230] [390, 370, 350, 330, 310, 290, 270, 250, 230] [375, 441] 9 0
[230, 230, 230, 230, 230, 230, 230, 230, 230] [410, 390, 370, 350, 330, 310, 290, 270, 250] [375, 441] 9 0
[230, 230, 230, 230, 230, 230, 230, 230, 230] [430, 410, 390, 370, 350, 330, 310, 290, 270] [375, 441] 9 0
[250, 230, 230, 230, 230, 230, 230, 230, 230] [430, 430, 410, 390, 370, 350, 330, 310, 290] [375, 441] 9 1
[270, 250, 230, 230, 230, 230, 230, 230, 230] [430, 430, 430, 410, 390, 370, 350, 330, 310] [375, 441] 9 1
[290, 270, 250, 230, 230, 230, 230, 230, 230] [430, 430, 430, 430, 410, 390, 370, 350, 330] [375, 441] 9 1
[310, 290, 270, 250, 230, 230, 230, 230, 230] [430, 430, 430, 430, 430, 410, 390, 370, 350] [375, 441] 9 1
[330, 310, 290, 270, 250, 230, 230, 230, 230] [430, 430, 430, 430, 430, 430, 410, 390, 370] [375, 441] 9 1
[350, 330, 310, 290, 270, 250, 230, 230, 230] [430, 430, 430, 430, 430, 430, 430, 410, 390] [375, 441] 9 1
[370, 350, 330, 310, 290, 270, 250, 230, 230] [430, 430, 430, 430, 430, 430, 430, 430, 410] [375, 441] 9 1
[390, 370, 350, 330, 310, 290, 270, 250, 230, 230] [430, 430, 430, 430, 430, 430, 430, 430, 430, 410] [10, 556] 10 1
[390, 390, 370, 350, 330, 310, 290, 270, 250, 230] [450, 430, 430, 430, 430, 430, 430, 430, 430, 430] [10, 556] 10 0
[390, 390, 390, 370, 350, 330, 310, 290, 270, 250] [470, 450, 430, 430, 430, 430, 430, 430, 430, 430] [10, 556] 10 0
[390, 390, 390, 390, 370, 350, 330, 310, 290, 270] [490, 470, 450, 430, 430, 430, 430, 430, 430, 430] [10, 556] 10 0
[390, 390, 390, 390, 390, 370, 350, 330, 310, 290] [510, 490, 470, 450, 430, 430, 430, 430, 430, 430] [10, 556] 10 0
[390, 390, 390, 390, 390, 390, 370, 350, 330, 310] [530, 510, 490, 470, 450, 430, 430, 430, 430, 430] [10, 556] 10 0
[390, 390, 390, 390, 390, 390, 390, 370, 350, 330] [550, 530, 510, 490, 470, 450, 430, 430, 430, 430] [10, 556] 10 0
[370, 390, 390, 390, 390, 390, 390, 390, 370, 350] [550, 550, 530, 510, 490, 470, 450, 430, 430, 430] [10, 556] 10 3
[350, 370, 390, 390, 390, 390, 390, 390, 390, 370] [550, 550, 550, 530, 510, 490, 470, 450, 430, 430] [10, 556] 10 3
[330, 350, 370, 390, 390, 390, 390, 390, 390, 390] [550, 550, 550, 550, 530, 510, 490, 470, 450, 430] [10, 556] 10 3
[310, 330, 350, 370, 390, 390, 390, 390, 390, 390] [550, 550, 550, 550, 550, 530, 510, 490, 470, 450] [10, 556] 10 3
[290, 310, 330, 350, 370, 390, 390, 390, 390, 390] [550, 550, 550, 550, 550, 550, 530, 510, 490, 470] [10, 556] 10 3
[270, 290, 310, 330, 350, 370, 390, 390, 390, 390] [550, 550, 550, 550, 550, 550, 550, 530, 510, 490] [10, 556] 10 3
[250, 270, 290, 310, 330, 350, 370, 390, 390, 390] [550, 550, 550, 550, 550, 550, 550, 550, 530, 510] [10, 556] 10 3
[230, 250, 270, 290, 310, 330, 350, 370, 390, 390] [550, 550, 550, 550, 550, 550, 550, 550, 550, 530] [10, 556] 10 3
[210, 230, 250, 270, 290, 310, 330, 350, 370, 390] [550, 550, 550, 550, 550, 550, 550, 550, 550, 550] [10, 556] 10 3
[190, 210, 230, 250, 270, 290, 310, 330, 350, 370] [550, 550, 550, 550, 550, 550, 550, 550, 550, 550] [10, 556] 10 3
[170, 190, 210, 230, 250, 270, 290, 310, 330, 350] [550, 550, 550, 550, 550, 550, 550, 550, 550, 550] [10, 556] 10 3
[150, 170, 190, 210, 230, 250, 270, 290, 310, 330] [550, 550, 550, 550, 550, 550, 550, 550, 550, 550] [10, 556] 10 3
[130, 150, 170, 190, 210, 230, 250, 270, 290, 310] [550, 550, 550, 550, 550, 550, 550, 550, 550, 550] [10, 556] 10 3
[110, 130, 150, 170, 190, 210, 230, 250, 270, 290] [550, 550, 550, 550, 550, 550, 550, 550, 550, 550] [10, 556] 10 3
[90, 110, 130, 150, 170, 190, 210, 230, 250, 270] [550, 550, 550, 550, 550, 550, 550, 550, 550, 550] [10, 556] 10 3
[70, 90, 110, 130, 150, 170, 190, 210, 230, 250] [550, 550, 550, 550, 550, 550, 550, 550, 550, 550] [10, 556] 10 3
[50, 70, 90, 110, 130, 150, 170, 190, 210, 230] [550, 550, 550, 550, 550, 550, 550, 550, 550, 550] [10, 556] 10 3
[30, 50, 70, 90, 110, 130, 150, 170, 190, 210] [550, 550, 550, 550, 550, 550, 550, 550, 550, 550] [10, 556] 10 3
[10, 30, 50, 70, 90, 110, 130, 150, 170, 190] [550, 550, 550, 550, 550, 550, 550, 550, 550, 550] [10, 556] 10 3
[10, 10, 30, 50, 70, 90, 110, 130, 150, 170, 190] [530, 550, 550, 550, 550, 550, 550, 550, 550, 550, 550] [296, 327] 11 2
[10, 10, 10, 30, 50, 70, 90, 110, 130, 150, 170] [510, 530, 550, 550, 550, 550, 550, 550, 550, 550, 550] [296, 327] 11 2
[10, 10, 10, 10, 30, 50, 70, 90, 110, 130, 150] [490, 510, 530, 550, 550, 550, 550, 550, 550, 550, 550] [296, 327] 11 2
[10, 10, 10, 10, 10, 30, 50, 70, 90, 110, 130] [470, 490, 510, 530, 550, 550, 550, 550, 550, 550, 550] [296, 327] 11 2
[10, 10, 10, 10, 10, 10, 30, 50, 70, 90, 110] [450, 470, 490, 510, 530, 550, 550, 550, 550, 550, 550] [296, 327] 11 2
[10, 10, 10, 10, 10, 10, 10, 30, 50, 70, 90] [430, 450, 470, 490, 510, 530, 550, 550, 550, 550, 550] [296, 327] 11 2
[10, 10, 10, 10, 10, 10, 10, 10, 30, 50, 70] [410, 430, 450, 470, 490, 510, 530, 550, 550, 550, 550] [296, 327] 11 2
[10, 10, 10, 10, 10, 10, 10, 10, 10, 30, 50] [390, 410, 430, 450, 470, 490, 510, 530, 550, 550, 550] [296, 327] 11 2
[10, 10, 10, 10, 10, 10, 10, 10, 10, 10, 30] [370, 390, 410, 430, 450, 470, 490, 510, 530, 550, 550] [296, 327] 11 2
[10, 10, 10, 10, 10, 10, 10, 10, 10, 10, 10] [350, 370, 390, 410, 430, 450, 470, 490, 510, 530, 550] [296, 327] 11 2
[10, 10, 10, 10, 10, 10, 10, 10, 10, 10, 10] [330, 350, 370, 390, 410, 430, 450, 470, 490, 510, 530] [296, 327] 11 2
[30, 10, 10, 10, 10, 10, 10, 10, 10, 10, 10] [330, 330, 350, 370, 390, 410, 430, 450, 470, 490, 510] [296, 327] 11 1
[50, 30, 10, 10, 10, 10, 10, 10, 10, 10, 10] [330, 330, 330, 350, 370, 390, 410, 430, 450, 470, 490] [296, 327] 11 1
[70, 50, 30, 10, 10, 10, 10, 10, 10, 10, 10] [330, 330, 330, 330, 350, 370, 390, 410, 430, 450, 470] [296, 327] 11 1
[90, 70, 50, 30, 10, 10, 10, 10, 10, 10, 10] [330, 330, 330, 330, 330, 350, 370, 390, 410, 430, 450] [296, 327] 11 1
[110, 90, 70, 50, 30, 10, 10, 10, 10, 10, 10] [330, 330, 330, 330, 330, 330, 350, 370, 390, 410, 430] [296, 327] 11 1
[130, 110, 90, 70, 50, 30, 10, 10, 10, 10, 10] [330, 330, 330, 330, 330, 330, 330, 350, 370, 390, 410] [296, 327] 11 1
[150, 130, 110, 90, 70, 50, 30, 10, 10, 10, 10] [330, 330, 330, 330, 330, 330, 330, 330, 350, 370, 390] [296, 327] 11 1
[170, 150, 130, 110, 90, 70, 50, 30, 10, 10, 10] [330, 330, 330, 330, 330, 330, 330, 330, 330, 350, 370] [296, 327] 11 1
[190, 170, 150, 130, 110, 90, 70, 50, 30, 10, 10] [330, 330, 330, 330, 330, 330, 330, 330, 330, 330, 350] [296, 327] 11 1
[210, 190, 170, 150, 130, 110, 90, 70, 50, 30, 10] [330, 330, 330, 330, 330, 330, 330, 330, 330, 330, 330] [296, 327] 11 1
[230, 210, 190, 170, 150, 130, 110, 90, 70, 50, 30] [330, 330, 330, 330, 330, 330, 330, 330, 330, 330, 330] [296, 327] 11 1
[250, 230, 210, 190, 170, 150, 130, 110, 90, 70, 50] [330, 330, 330, 330, 330, 330, 330, 330, 330, 330, 330] [296, 327] 11 1
[270, 250, 230, 210, 190, 170, 150, 130, 110, 90, 70] [330, 330, 330, 330, 330, 330, 330, 330, 330, 330, 330] [296, 327] 11 1
[290, 270, 250, 230, 210, 190, 170, 150, 130, 110, 90] [330, 330, 330, 330, 330, 330, 330, 330, 330, 330, 330] [296, 327] 11 1
[310, 290, 270, 250, 230, 210, 190, 170, 150, 130, 110, 90] [330, 330, 330, 330, 330, 330, 330, 330, 330, 330, 330, 330] [399, 1] 12 1
[330, 310, 290, 270, 250, 230, 210, 190, 170, 150, 130, 110] [330, 330, 330, 330, 330, 330, 330, 330, 330, 330, 330, 330] [399, 1] 12 1
[350, 330, 310, 290, 270, 250, 230, 210, 190, 170, 150, 130] [330, 330, 330, 330, 330, 330, 330, 330, 330, 330, 330, 330] [399, 1] 12 1
[370, 350, 330, 310, 290, 270, 250, 230, 210, 190, 170, 150] [330, 330, 330, 330, 330, 330, 330, 330, 330, 330, 330, 330] [399, 1] 12 1
[390, 370, 350, 330, 310, 290, 270, 250, 230, 210, 190, 170] [330, 330, 330, 330, 330, 330, 330, 330, 330, 330, 330, 330] [399, 1] 12 1
[410, 390, 370, 350, 330, 310, 290, 270, 250, 230, 210, 190] [330, 330, 330, 330, 330, 330, 330, 330, 330, 330, 330, 330] [399, 1] 12 1
[410, 410, 390, 370, 350, 330, 310, 290, 270, 250, 230, 210] [310, 330, 330, 330, 330, 330, 330, 330, 330, 330, 330, 330] [399, 1] 12 2
[410, 410, 410, 390, 370, 350, 330, 310, 290, 270, 250, 230] [290, 310, 330, 330, 330, 330, 330, 330, 330, 330, 330, 330] [399, 1] 12 2
[410, 410, 410, 410, 390, 370, 350, 330, 310, 290, 270, 250] [270, 290, 310, 330, 330, 330, 330, 330, 330, 330, 330, 330] [399, 1] 12 2
[410, 410, 410, 410, 410, 390, 370, 350, 330, 310, 290, 270] [250, 270, 290, 310, 330, 330, 330, 330, 330, 330, 330, 330] [399, 1] 12 2
[410, 410, 410, 410, 410, 410, 390, 370, 350, 330, 310, 290] [230, 250, 270, 290, 310, 330, 330, 330, 330, 330, 330, 330] [399, 1] 12 2
[410, 410, 410, 410, 410, 410, 410, 390, 370, 350, 330, 310] [210, 230, 250, 270, 290, 310, 330, 330, 330, 330, 330, 330] [399, 1] 12 2
[410, 410, 410, 410, 410, 410, 410, 410, 390, 370, 350, 330] [190, 210, 230, 250, 270, 290, 310, 330, 330, 330, 330, 330] [399, 1] 12 2
[410, 410, 410, 410, 410, 410, 410, 410, 410, 390, 370, 350] [170, 190, 210, 230, 250, 270, 290, 310, 330, 330, 330, 330] [399, 1] 12 2
[410, 410, 410, 410, 410, 410, 410, 410, 410, 410, 390, 370] [150, 170, 190, 210, 230, 250, 270, 290, 310, 330, 330, 330] [399, 1] 12 2
[410, 410, 410, 410, 410, 410, 410, 410, 410, 410, 410, 390] [130, 150, 170, 190, 210, 230, 250, 270, 290, 310, 330, 330] [399, 1] 12 2
[410, 410, 410, 410, 410, 410, 410, 410, 410, 410, 410, 410] [110, 130, 150, 170, 190, 210, 230, 250, 270, 290, 310, 330] [399, 1] 12 2
[410, 410, 410, 410, 410, 410, 410, 410, 410, 410, 410, 410] [90, 110, 130, 150, 170, 190, 210, 230, 250, 270, 290, 310] [399, 1] 12 2
[410, 410, 410, 410, 410, 410, 410, 410, 410, 410, 410, 410] [70, 90, 110, 130, 150, 170, 190, 210, 230, 250, 270, 290] [399, 1] 12 2
[410, 410, 410, 410, 410, 410, 410, 410, 410, 410, 410, 410] [50, 70, 90, 110, 130, 150, 170, 190, 210, 230, 250, 270] [399, 1] 12 2
[410, 410, 410, 410, 410, 410, 410, 410, 410, 410, 410, 410] [30, 50, 70, 90, 110, 130, 150, 170, 190, 210, 230, 250] [399, 1] 12 2
[410, 410, 410, 410, 410, 410, 410, 410, 410, 410, 410, 410] [10, 30, 50, 70, 90, 110, 130, 150, 170, 190, 210, 230] [399, 1] 12 2
[390, 410, 410, 410, 410, 410, 410, 410, 410, 410, 410, 410] [10, 10, 30, 50, 70, 90, 110, 130, 150, 170, 190, 210] [399, 1] 12 3
[370, 390, 410, 410, 410, 410, 410, 410, 410, 410, 410, 410, 410] [10, 10, 10, 30, 50, 70, 90, 110, 130, 150, 170, 190, 210] [390, 488] 13 3
[350, 370, 390, 410, 410, 410, 410, 410, 410, 410, 410, 410, 410] [10, 10, 10, 10, 30, 50, 70, 90, 110, 130, 150, 170, 190] [390, 488] 13 3
[350, 350, 370, 390, 410, 410, 410, 410, 410, 410, 410, 410, 410] [30, 10, 10, 10, 10, 30, 50, 70, 90, 110, 130, 150, 170] [390, 488] 13 0
[350, 350, 350, 370, 390, 410, 410, 410, 410, 410, 410, 410, 410] [50, 30, 10, 10, 10, 10, 30, 50, 70, 90, 110, 130, 150] [390, 488] 13 0
[350, 350, 350, 350, 370, 390, 410, 410, 410, 410, 410, 410, 410] [70, 50, 30, 10, 10, 10, 10, 30, 50, 70, 90, 110, 130] [390, 488] 13 0
[350, 350, 350, 350, 350, 370, 390, 410, 410, 410, 410, 410, 410] [90, 70, 50, 30, 10, 10, 10, 10, 30, 50, 70, 90, 110] [390, 488] 13 0
[350, 350, 350, 350, 350, 350, 370, 390, 410, 410, 410, 410, 410] [110, 90, 70, 50, 30, 10, 10, 10, 10, 30, 50, 70, 90] [390, 488] 13 0
[350, 350, 350, 350, 350, 350, 350, 370, 390, 410, 410, 410, 410] [130, 110, 90, 70, 50, 30, 10, 10, 10, 10, 30, 50, 70] [390, 488] 13 0
[350, 350, 350, 350, 350, 350, 350, 350, 370, 390, 410, 410, 410] [150, 130, 110, 90, 70, 50, 30, 10, 10, 10, 10, 30, 50] [390, 488] 13 0
[350, 350, 350, 350, 350, 350, 350, 350, 350, 370, 390, 410, 410] [170, 150, 130, 110, 90, 70, 50, 30, 10, 10, 10, 10, 30] [390, 488] 13 0
[350, 350, 350, 350, 350, 350, 350, 350, 350, 350, 370, 390, 410] [190, 170, 150, 130, 110, 90, 70, 50, 30, 10, 10, 10, 10] [390, 488] 13 0
[350, 350, 350, 350, 350, 350, 350, 350, 350, 350, 350, 370, 390] [210, 190, 170, 150, 130, 110, 90, 70, 50, 30, 10, 10, 10] [390, 488] 13 0
[350, 350, 350, 350, 350, 350, 350, 350, 350, 350, 350, 350, 370] [230, 210, 190, 170, 150, 130, 110, 90, 70, 50, 30, 10, 10] [390, 488] 13 0
[350, 350, 350, 350, 350, 350, 350, 350, 350, 350, 350, 350, 350] [250, 230, 210, 190, 170, 150, 130, 110, 90, 70, 50, 30, 10] [390, 488] 13 0
[350, 350, 350, 350, 350, 350, 350, 350, 350, 350, 350, 350, 350] [270, 250, 230, 210, 190, 170, 150, 130, 110, 90, 70, 50, 30] [390, 488] 13 0
[350, 350, 350, 350, 350, 350, 350, 350, 350, 350, 350, 350, 350] [290, 270, 250, 230, 210, 190, 170, 150, 130, 110, 90, 70, 50] [390, 488] 13 0
[350, 350, 350, 350, 350, 350, 350, 350, 350, 350, 350, 350, 350] [310, 290, 270, 250, 230, 210, 190, 170, 150, 130, 110, 90, 70] [390, 488] 13 0
[350, 350, 350, 350, 350, 350, 350, 350, 350, 350, 350, 350, 350] [330, 310, 290, 270, 250, 230, 210, 190, 170, 150, 130, 110, 90] [390, 488] 13 0
[350, 350, 350, 350, 350, 350, 350, 350, 350, 350, 350, 350, 350] [350, 330, 310, 290, 270, 250, 230, 210, 190, 170, 150, 130, 110] [390, 488] 13 0
[350, 350, 350, 350, 350, 350, 350, 350, 350, 350, 350, 350, 350] [370, 350, 330, 310, 290, 270, 250, 230, 210, 190, 170, 150, 130] [390, 488] 13 0
[350, 350, 350, 350, 350, 350, 350, 350, 350, 350, 350, 350, 350] [390, 370, 350, 330, 310, 290, 270, 250, 230, 210, 190, 170, 150] [390, 488] 13 0
[350, 350, 350, 350, 350, 350, 350, 350, 350, 350, 350, 350, 350] [410, 390, 370, 350, 330, 310, 290, 270, 250, 230, 210, 190, 170] [390, 488] 13 0
[350, 350, 350, 350, 350, 350, 350, 350, 350, 350, 350, 350, 350] [430, 410, 390, 370, 350, 330, 310, 290, 270, 250, 230, 210, 190] [390, 488] 13 0
[350, 350, 350, 350, 350, 350, 350, 350, 350, 350, 350, 350, 350] [450, 430, 410, 390, 370, 350, 330, 310, 290, 270, 250, 230, 210] [390, 488] 13 0
[350, 350, 350, 350, 350, 350, 350, 350, 350, 350, 350, 350, 350] [470, 450, 430, 410, 390, 370, 350, 330, 310, 290, 270, 250, 230] [390, 488] 13 0
[370, 350, 350, 350, 350, 350, 350, 350, 350, 350, 350, 350, 350] [470, 470, 450, 430, 410, 390, 370, 350, 330, 310, 290, 270, 250] [390, 488] 13 1
[390, 370, 350, 350, 350, 350, 350, 350, 350, 350, 350, 350, 350] [470, 470, 470, 450, 430, 410, 390, 370, 350, 330, 310, 290, 270] [390, 488] 13 1
[410, 390, 370, 350, 350, 350, 350, 350, 350, 350, 350, 350, 350, 350] [470, 470, 470, 470, 450, 430, 410, 390, 370, 350, 330, 310, 290, 270] [459, 454] 14 1
[430, 410, 390, 370, 350, 350, 350, 350, 350, 350, 350, 350, 350, 350] [470, 470, 470, 470, 470, 450, 430, 410, 390, 370, 350, 330, 310, 290] [459, 454] 14 1
[450, 430, 410, 390, 370, 350, 350, 350, 350, 350, 350, 350, 350, 350] [470, 470, 470, 470, 470, 470, 450, 430, 410, 390, 370, 350, 330, 310] [459, 454] 14 1
[450, 450, 430, 410, 390, 370, 350, 350, 350, 350, 350, 350, 350, 350] [450, 470, 470, 470, 470, 470, 470, 450, 430, 410, 390, 370, 350, 330] [459, 454] 14 2
[450, 450, 450, 430, 410, 390, 370, 350, 350, 350, 350, 350, 350, 350, 350] [430, 450, 470, 470, 470, 470, 470, 470, 450, 430, 410, 390, 370, 350, 330] [338, 230] 15 2
[450, 450, 450, 450, 430, 410, 390, 370, 350, 350, 350, 350, 350, 350, 350] [410, 430, 450, 470, 470, 470, 470, 470, 470, 450, 430, 410, 390, 370, 350] [338, 230] 15 2
[450, 450, 450, 450, 450, 430, 410, 390, 370, 350, 350, 350, 350, 350, 350] [390, 410, 430, 450, 470, 470, 470, 470, 470, 470, 450, 430, 410, 390, 370] [338, 230] 15 2
[450, 450, 450, 450, 450, 450, 430, 410, 390, 370, 350, 350, 350, 350, 350] [370, 390, 410, 430, 450, 470, 470, 470, 470, 470, 470, 450, 430, 410, 390] [338, 230] 15 2
[450, 450, 450, 450, 450, 450, 450, 430, 410, 390, 370, 350, 350, 350, 350] [350, 370, 390, 410, 430, 450, 470, 470, 470, 470, 470, 470, 450, 430, 410] [338, 230] 15 2
[450, 450, 450, 450, 450, 450, 450, 450, 430, 410, 390, 370, 350, 350, 350] [330, 350, 370, 390, 410, 430, 450, 470, 470, 470, 470, 470, 470, 450, 430] [338, 230] 15 2
[450, 450, 450, 450, 450, 450, 450, 450, 450, 430, 410, 390, 370, 350, 350] [310, 330, 350, 370, 390, 410, 430, 450, 470, 470, 470, 470, 470, 470, 450] [338, 230] 15 2
[450, 450, 450, 450, 450, 450, 450, 450, 450, 450, 430, 410, 390, 370, 350] [290, 310, 330, 350, 370, 390, 410, 430, 450, 470, 470, 470, 470, 470, 470] [338, 230] 15 2
[450, 450, 450, 450, 450, 450, 450, 450, 450, 450, 450, 430, 410, 390, 370] [270, 290, 310, 330, 350, 370, 390, 410, 430, 450, 470, 470, 470, 470, 470] [338, 230] 15 2
[450, 450, 450, 450, 450, 450, 450, 450, 450, 450, 450, 450, 430, 410, 390] [250, 270, 290, 310, 330, 350, 370, 390, 410, 430, 450, 470, 470, 470, 470] [338, 230] 15 2
[450, 450, 450, 450, 450, 450, 450, 450, 450, 450, 450, 450, 450, 430, 410] [230, 250, 270, 290, 310, 330, 350, 370, 390, 410, 430, 450, 470, 470, 470] [338, 230] 15 2
[430, 450, 450, 450, 450, 450, 450, 450, 450, 450, 450, 450, 450, 450, 430] [230, 230, 250, 270, 290, 310, 330, 350, 370, 390, 410, 430, 450, 470, 470] [338, 230] 15 3
[410, 430, 450, 450, 450, 450, 450, 450, 450, 450, 450, 450, 450, 450, 450] [230, 230, 230, 250, 270, 290, 310, 330, 350, 370, 390, 410, 430, 450, 470] [338, 230] 15 3
[390, 410, 430, 450, 450, 450, 450, 450, 450, 450, 450, 450, 450, 450, 450] [230, 230, 230, 230, 250, 270, 290, 310, 330, 350, 370, 390, 410, 430, 450] [338, 230] 15 3
[370, 390, 410, 430, 450, 450, 450, 450, 450, 450, 450, 450, 450, 450, 450] [230, 230, 230, 230, 230, 250, 270, 290, 310, 330, 350, 370, 390, 410, 430] [338, 230] 15 3
[350, 370, 390, 410, 430, 450, 450, 450, 450, 450, 450, 450, 450, 450, 450] [230, 230, 230, 230, 230, 230, 250, 270, 290, 310, 330, 350, 370, 390, 410] [338, 230] 15 3
[330, 350, 370, 390, 410, 430, 450, 450, 450, 450, 450, 450, 450, 450, 450] [230, 230, 230, 230, 230, 230, 230, 250, 270, 290, 310, 330, 350, 370, 390] [338, 230] 15 3
