[290, 290, 290, 290, 290] [290, 270, 250, 230, 210] [104, 242] 5 0
[270, 290, 290, 290, 290] [290, 290, 270, 250, 230] [104, 242] 5 3
[250, 270, 290, 290, 290] [290, 290, 290, 270, 250] [104, 242] 5 3
[230, 250, 270, 290, 290] [290, 290, 290, 290, 270] [104, 242] 5 3
[210, 230, 250, 270, 290] [290, 290, 290, 290, 290] [104, 242] 5 3
[190, 210, 230, 250, 270] [290, 290, 290, 290, 290] [104, 242] 5 3
[170, 190, 210, 230, 250] [290, 290, 290, 290, 290] [104, 242] 5 3
[150, 170, 190, 210, 230] [290, 290, 290, 290, 290] [104, 242] 5 3
[130, 150, 170, 190, 210] [290, 290, 290, 290, 290] [104, 242] 5 3
[110, 130, 150, 170, 190] [290, 290, 290, 290, 290] [104, 242] 5 3
[90, 110, 130, 150, 170] [290, 290, 290, 290, 290] [104, 242] 5 3
[90, 90, 110, 130, 150] [270, 290, 290, 290, 290] [104, 242] 5 2
[90, 90, 90, 110, 130] [250, 270, 290, 290, 290] [104, 242] 5 2
[90, 90, 90, 90, 110, 130] [230, 250, 270, 290, 290, 290] [24, 37] 6 2
[90, 90, 90, 90, 90, 110] [210, 230, 250, 270, 290, 290] [24, 37] 6 2
[90, 90, 90, 90, 90, 90] [190, 210, 230, 250, 270, 290] [24, 37] 6 2
[90, 90, 90, 90, 90, 90] [170, 190, 210, 230, 250, 270] [24, 37] 6 2
[90, 90, 90, 90, 90, 90] [150, 170, 190, 210, 230, 250] [24, 37] 6 2
[90, 90, 90, 90, 90, 90] [130, 150, 170, 190, 210, 230] [24, 37] 6 2
[90, 90, 90, 90, 90, 90] [110, 130, 150, 170, 190, 210] [24, 37] 6 2
[90, 90, 90, 90, 90, 90] [90, 110, 130, 150, 170, 190] [24, 37] 6 2
[90, 90, 90, 90, 90, 90] [70, 90, 110, 130, 150, 170] [24, 37] 6 2
[90, 90, 90, 90, 90, 90] [50, 70, 90, 110, 130, 150] [24, 37] 6 2
[70, 90, 90, 90, 90, 90] [50, 50, 70, 90, 110, 130] [24, 37] 6 3
[70, 70, 90, 90, 90, 90] [30, 50, 50, 70, 90, 110] [24, 37] 6 2
[50, 70, 70, 90, 90, 90] [30, 30, 50, 50, 70, 90] [24, 37] 6 3
[30, 50, 70, 70, 90, 90] [30, 30, 30, 50, 50, 70] [24, 37] 6 3
[10, 30, 50, 70, 70, 90, 90] [30, 30, 30, 30, 50, 50, 70] [587, 230] 7 3
[10, 10, 30, 50, 70, 70, 90] [50, 30, 30, 30, 30, 50, 50] [587, 230] 7 0
[10, 10, 10, 30, 50, 70, 70] [70, 50, 30, 30, 30, 30, 50] [587, 230] 7 0
[10, 10, 10, 10, 30, 50, 70] [90, 70, 50, 30, 30, 30, 30] [587, 230] 7 0
[10, 10, 10, 10, 10, 30, 50] [110, 90, 70, 50, 30, 30, 30] [587, 230] 7 0
[10, 10, 10, 10, 10, 10, 30] [130, 110, 90, 70, 50, 30, 30] [587, 230] 7 0
[10, 10, 10, 10, 10, 10, 10] [150, 130, 110, 90, 70, 50, 30] [587, 230] 7 0
[10, 10, 10, 10, 10, 10, 10] [170, 150, 130, 110, 90, 70, 50] [587, 230] 7 0
[10, 10, 10, 10, 10, 10, 10] [190, 170, 150, 130, 110, 90, 70] [587, 230] 7 0
[10, 10, 10, 10, 10, 10, 10] [210, 190, 170, 150, 130, 110, 90] [587, 230] 7 0
[10, 10, 10, 10, 10, 10, 10] [230, 210, 190, 170, 150, 130, 110] [587, 230] 7 0
[30, 10, 10, 10, 10, 10, 10] [230, 230, 210, 190, 170, 150, 130] [587, 230] 7 1
[50, 30, 10, 10, 10, 10, 10] [230, 230, 230, 210, 190, 170, 150] [587, 230] 7 1
[70, 50, 30, 10, 10, 10, 10] [230, 230, 230, 230, 210, 190, 170] [587, 230] 7 1
[90, 70, 50, 30, 10, 10, 10] [230, 230, 230, 230, 230, 210, 190] [587, 230] 7 1
[110, 90, 70, 50, 30, 10, 10] [230, 230, 230, 230, 230, 230, 210] [587, 230] 7 1
[130, 110, 90, 70, 50, 30, 10] [230, 230, 230, 230, 230, 230, 230] [587, 230] 7 1
[150, 130, 110, 90, 70, 50, 30] [230, 230, 230, 230, 230, 230, 230] [587, 230] 7 1
[170, 150, 130, 110, 90, 70, 50] [230, 230, 230, 230, 230, 230, 230] [587, 230] 7 1
[190, 170, 150, 130, 110, 90, 70] [230, 230, 230, 230, 230, 230, 230] [587, 230] 7 1
[210, 190, 170, 150, 130, 110, 90] [230, 230, 230, 230, 230, 230, 230] [587, 230] 7 1
[230, 210, 190, 170, 150, 130, 110] [230, 230, 230, 230, 230, 230, 230] [587, 230] 7 1
[250, 230, 210, 190, 170, 150, 130] [230, 230, 230, 230, 230, 230, 230] [587, 230] 7 1
[270, 250, 230, 210, 190, 170, 150] [230, 230, 230, 230, 230, 230, 230] [587, 230] 7 1
[290, 270, 250, 230, 210, 190, 170] [230, 230, 230, 230, 230, 230, 230] [587, 230] 7 1
[310, 290, 270, 250, 230, 210, 190] [230, 230, 230, 230, 230, 230, 230] [587, 230] 7 1
[330, 310, 290, 270, 250, 230, 210] [230, 230, 230, 230, 230, 230, 230] [587, 230] 7 1
[350, 330, 310, 290, 270, 250, 230] [230, 230, 230, 230, 230, 230, 230] [587, 230] 7 1
[370, 350, 330, 310, 290, 270, 250] [230, 230, 230, 230, 230, 230, 230] [587, 230] 7 1
[390, 370, 350, 330, 310, 290, 270] [230, 230, 230, 230, 230, 230, 230] [587, 230] 7 1
[410, 390, 370, 350, 330, 310, 290] [230, 230, 230, 230, 230, 230, 230] [587, 230] 7 1
[430, 410, 390, 370, 350, 330, 310] [230, 230, 230, 230, 230, 230, 230] [587, 230] 7 1
[450, 430, 410, 390, 370, 350, 330] [230, 230, 230, 230, 230, 230, 230] [587, 230] 7 1
[470, 450, 430, 410, 390, 370, 350] [230, 230, 230, 230, 230, 230, 230] [587, 230] 7 1
[490, 470, 450, 430, 410, 390, 370] [230, 230, 230, 230, 230, 230, 230] [587, 230] 7 1
[510, 490, 470, 450, 430, 410, 390] [230, 230, 230, 230, 230, 230, 230] [587, 230] 7 1
[530, 510, 490, 470, 450, 430, 410] [230, 230, 230, 230, 230, 230, 230] [587, 230] 7 1
[550, 530, 510, 490, 470, 450, 430] [230, 230, 230, 230, 230, 230, 230] [587, 230] 7 1
[570, 550, 530, 510, 490, 470, 450] [230, 230, 230, 230, 230, 230, 230] [587, 230] 7 1
[570, 570, 550, 530, 510, 490, 470, 450] [250, 230, 230, 230, 230, 230, 230, 230] [116, 209] 8 0
[550, 570, 570, 550, 530, 510, 490, 470] [250, 250, 230, 230, 230, 230, 230, 230] [116, 209] 8 3
[530, 550, 570, 570, 550, 530, 510, 490] [250, 250, 250, 230, 230, 230, 230, 230] [116, 209] 8 3
[510, 530, 550, 570, 570, 550, 530, 510] [250, 250, 250, 250, 230, 230, 230, 230] [116, 209] 8 3
[490, 510, 530, 550, 570, 570, 550, 530] [250, 250, 250, 250, 250, 230, 230, 230] [116, 209] 8 3
[470, 490, 510, 530, 550, 570, 570, 550] [250, 250, 250, 250, 250, 250, 230, 230] [116, 209] 8 3
[450, 470, 490, 510, 530, 550, 570, 570] [250, 250, 250, 250, 250, 250, 250, 230] [116, 209] 8 3
[430, 450, 470, 490, 510, 530, 550, 570] [250, 250, 250, 250, 250, 250, 250, 250] [116, 209] 8 3
[410, 430, 450, 470, 490, 510, 530, 550] [250, 250, 250, 250, 250, 250, 250, 250] [116, 209] 8 3
[390, 410, 430, 450, 470, 490, 510, 530] [250, 250, 250, 250, 250, 250, 250, 250] [116, 209] 8 3
[370, 390, 410, 430, 450, 470, 490, 510] [250, 250, 250, 250, 250, 250, 250, 250] [116, 209] 8 3
[350, 370, 390, 410, 430, 450, 470, 490] [250, 250, 250, 250, 250, 250, 250, 250] [116, 209] 8 3
[330, 350, 370, 390, 410, 430, 450, 470] [250, 250, 250, 250, 250, 250, 250, 250] [116, 209] 8 3
[310, 330, 350, 370, 390, 410, 430, 450] [250, 250, 250, 250, 250, 250, 250, 250] [116, 209] 8 3
[290, 310, 330, 350, 370, 390, 410, 430] [250, 250, 250, 250, 250, 250, 250, 250] [116, 209] 8 3
[270, 290, 310, 330, 350, 370, 390, 410] [250, 250, 250, 250, 250, 250, 250, 250] [116, 209] 8 3
[250, 270, 290, 310, 330, 350, 370, 390] [250, 250, 250, 250, 250, 250, 250, 250] [116, 209] 8 3
[230, 250, 270, 290, 310, 330, 350, 370] [250, 250, 250, 250, 250, 250, 250, 250] [116, 209] 8 3
[210, 230, 250, 270, 290, 310, 330, 350] [250, 250, 250, 250, 250, 250, 250, 250] [116, 209] 8 3
[190, 210, 230, 250, 270, 290, 310, 330] [250, 250, 250, 250, 250, 250, 250, 250] [116, 209] 8 3
[170, 190, 210, 230, 250, 270, 290, 310] [250, 250, 250, 250, 250, 250, 250, 250] [116, 209] 8 3
[150, 170, 190, 210, 230, 250, 270, 290] [250, 250, 250, 250, 250, 250, 250, 250] [116, 209] 8 3
[130, 150, 170, 190, 210, 230, 250, 270] [250, 250, 250, 250, 250, 250, 250, 250] [116, 209] 8 3
[110, 130, 150, 170, 190, 210, 230, 250] [250, 250, 250, 250, 250, 250, 250, 250] [116, 209] 8 3
[90, 110, 130, 150, 170, 190, 210, 230] [250, 250, 250, 250, 250, 250, 250, 250] [116, 209] 8 3
[90, 90, 110, 130, 150, 170, 190, 210] [230, 250, 250, 250, 250, 250, 250, 250] [116, 209] 8 2
[90, 90, 90, 110, 130, 150, 170, 190] [210, 230, 250, 250, 250, 250, 250, 250] [116, 209] 8 2
[90, 90, 90, 90, 110, 130, 150, 170] [190, 210, 230, 250, 250, 250, 250, 250] [116, 209] 8 2
[110, 90, 90, 90, 90, 110, 130, 150] [190, 190, 210, 230, 250, 250, 250, 250] [116, 209] 8 1
[110, 110, 90, 90, 90, 90, 110, 130, 150] [210, 190, 190, 210, 230, 250, 250, 250, 250] [553, 554] 9 0
[130, 110, 110, 90, 90, 90, 90, 110, 130] [210, 210, 190, 190, 210, 230, 250, 250, 250] [553, 554] 9 1
[150, 130, 110, 110, 90, 90, 90, 90, 110] [210, 210, 210, 190, 190, 210, 230, 250, 250] [553, 554] 9 1
[170, 150, 130, 110, 110, 90, 90, 90, 90] [210, 210, 210, 210, 190, 190, 210, 230, 250] [553, 554] 9 1
[190, 170, 150, 130, 110, 110, 90, 90, 90] [210, 210, 210, 210, 210, 190, 190, 210, 230] [553, 554] 9 1
[210, 190, 170, 150, 130, 110, 110, 90, 90] [210, 210, 210, 210, 210, 210, 190, 190, 210] [553, 554] 9 1
[230, 210, 190, 170, 150, 130, 110, 110, 90] [210, 210, 210, 210, 210, 210, 210, 190, 190] [553, 554] 9 1
[250, 230, 210, 190, 170, 150, 130, 110, 110] [210, 210, 210, 210, 210, 210, 210, 210, 190] [553, 554] 9 1
[270, 250, 230, 210, 190, 170, 150, 130, 110] [210, 210, 210, 210, 210, 210, 210, 210, 210] [553, 554] 9 1
[290, 270, 250, 230, 210, 190, 170, 150, 130] [210, 210, 210, 210, 210, 210, 210, 210, 210] [553, 554] 9 1
[310, 290, 270, 250, 230, 210, 190, 170, 150] [210, 210, 210, 210, 210, 210, 210, 210, 210] [553, 554] 9 1
[330, 310, 290, 270, 250, 230, 210, 190, 170] [210, 210, 210, 210, 210, 210, 210, 210, 210] [553, 554] 9 1
[350, 330, 310, 290, 270, 250, 230, 210, 190] [210, 210, 210, 210, 210, 210, 210, 210, 210] [553, 554] 9 1
[370, 350, 330, 310, 290, 270, 250, 230, 210] [210, 210, 210, 210, 210, 210, 210, 210, 210] [553, 554] 9 1
[390, 370, 350, 330, 310, 290, 270, 250, 230] [210, 210, 210, 210, 210, 210, 210, 210, 210] [553, 554] 9 1
[410, 390, 370, 350, 330, 310, 290, 270, 250] [210, 210, 210, 210, 210, 210, 210, 210, 210] [553, 554] 9 1
[430, 410, 390, 370, 350, 330, 310, 290, 270] [210, 210, 210, 210, 210, 210, 210, 210, 210] [553, 554] 9 1
[450, 430, 410, 390, 370, 350, 330, 310, 290] [210, 210, 210, 210, 210, 210, 210, 210, 210] [553, 554] 9 1
[470, 450, 430, 410, 390, 370, 350, 330, 310] [210, 210, 210, 210, 210, 210, 210, 210, 210] [553, 554] 9 1
[490, 470, 450, 430, 410, 390, 370, 350, 330] [210, 210, 210, 210, 210, 210, 210, 210, 210] [553, 554] 9 1
[510, 490, 470, 450, 430, 410, 390, 370, 350] [210, 210, 210, 210, 210, 210, 210, 210, 210] [553, 554] 9 1
[530, 510, 490, 470, 450, 430, 410, 390, 370] [210, 210, 210, 210, 210, 210, 210, 210, 210] [553, 554] 9 1
[550, 530, 510, 490, 470, 450, 430, 410, 390] [210, 210, 210, 210, 210, 210, 210, 210, 210] [553, 554] 9 1
[570, 550, 530, 510, 490, 470, 450, 430, 410] [210, 210, 210, 210, 210, 210, 210, 210, 210] [553, 554] 9 1
[570, 570, 550, 530, 510, 490, 470, 450, 430] [230, 210, 210, 210, 210, 210, 210, 210, 210] [553, 554] 9 0
[570, 570, 570, 550, 530, 510, 490, 470, 450] [250, 230, 210, 210, 210, 210, 210, 210, 210] [553, 554] 9 0
[570, 570, 570, 570, 550, 530, 510, 490, 470] [270, 250, 230, 210, 210, 210, 210, 210, 210] [553, 554] 9 0
[570, 570, 570, 570, 570, 550, 530, 510, 490] [290, 270, 250, 230, 210, 210, 210, 210, 210] [553, 554] 9 0
[570, 570, 570, 570, 570, 570, 550, 530, 510] [310, 290, 270, 250, 230, 210, 210, 210, 210] [553, 554] 9 0
[570, 570, 570, 570, 570, 570, 570, 550, 530] [330, 310, 290, 270, 250, 230, 210, 210, 210] [553, 554] 9 0
[570, 570, 570, 570, 570, 570, 570, 570, 550] [350, 330, 310, 290, 270, 250, 230, 210, 210] [553, 554] 9 0
[570, 570, 570, 570, 570, 570, 570, 570, 570] [370, 350, 330, 310, 290, 270, 250, 230, 210] [553, 554] 9 0
[570, 570, 570, 570, 570, 570, 570, 570, 570] [390, 370, 350, 330, 310, 290, 270, 250, 230] [553, 554] 9 0
[570, 570, 570, 570, 570, 570, 570, 570, 570] [410, 390, 370, 350, 330, 310, 290, 270, 250] [553, 554] 9 0
[570, 570, 570, 570, 570, 570, 570, 570, 570] [430, 410, 390, 370, 350, 330, 310, 290, 270] [553, 554] 9 0
[570, 570, 570, 570, 570, 570, 570, 570, 570] [450, 430, 410, 390, 370, 350, 330, 310, 290] [553, 554] 9 0
[570, 570, 570, 570, 570, 570, 570, 570, 570] [470, 450, 430, 410, 390, 370, 350, 330, 310] [553, 554] 9 0
[570, 570, 570, 570, 570, 570, 570, 570, 570] [490, 470, 450, 430, 410, 390, 370, 350, 330] [553, 554] 9 0
[570, 570, 570, 570, 570, 570, 570, 570, 570] [510, 490, 470, 450, 430, 410, 390, 370, 350] [553, 554] 9 0
[570, 570, 570, 570, 570, 570, 570, 570, 570] [530, 510, 490, 470, 450, 430, 410, 390, 370] [553, 554] 9 0
[570, 570, 570, 570, 570, 570, 570, 570, 570] [550, 530, 510, 490, 470, 450, 430, 410, 390] [553, 554] 9 0
[550, 570, 570, 570, 570, 570, 570, 570, 570] [550, 550, 530, 510, 490, 470, 450, 430, 410] [553, 554] 9 3
[530, 550, 570, 570, 570, 570, 570, 570, 570, 570] [550, 550, 550, 530, 510, 490, 470, 450, 430, 410] [151, 567] 10 3
[510, 530, 550, 570, 570, 570, 570, 570, 570, 570] [550, 550, 550, 550, 530, 510, 490, 470, 450, 430] [151, 567] 10 3
[490, 510, 530, 550, 570, 570, 570, 570, 570, 570] [550, 550, 550, 550, 550, 530, 510, 490, 470, 450] [151, 567] 10 3
[470, 490, 510, 530, 550, 570, 570, 570, 570, 570] [550, 550, 550, 550, 550, 550, 530, 510, 490, 470] [151, 567] 10 3
[450, 470, 490, 510, 530, 550, 570, 570, 570, 570] [550, 550, 550, 550, 550, 550, 550, 530, 510, 490] [151, 567] 10 3
[430, 450, 470, 490, 510, 530, 550, 570, 570, 570] [550, 550, 550, 550, 550, 550, 550, 550, 530, 510] [151, 567] 10 3
[410, 430, 450, 470, 490, 510, 530, 550, 570, 570] [550, 550, 550, 550, 550, 550, 550, 550, 550, 530] [151, 567] 10 3
[390, 410, 430, 450, 470, 490, 510, 530, 550, 570] [550, 550, 550, 550, 550, 550, 550, 550, 550, 550] [151, 567] 10 3
[370, 390, 410, 430, 450, 470, 490, 510, 530, 550] [550, 550, 550, 550, 550, 550, 550, 550, 550, 550] [151, 567] 10 3
[350, 370, 390, 410, 430, 450, 470, 490, 510, 530] [550, 550, 550, 550, 550, 550, 550, 550, 550, 550] [151, 567] 10 3
[330, 350, 370, 390, 410, 430, 450, 470, 490, 510] [550, 550, 550, 550, 550, 550, 550, 550, 550, 550] [151, 567] 10 3
[310, 330, 350, 370, 390, 410, 430, 450, 470, 490] [550, 550, 550, 550, 550, 550, 550, 550, 550, 550] [151, 567] 10 3
[290, 310, 330, 350, 370, 390, 410, 430, 450, 470] [550, 550, 550, 550, 550, 550, 550, 550, 550, 550] [151, 567] 10 3
[270, 290, 310, 330, 350, 370, 390, 410, 430, 450] [550, 550, 550, 550, 550, 550, 550, 550, 550, 550] [151, 567] 10 3
[250, 270, 290, 310, 330, 350, 370, 390, 410, 430] [550, 550, 550, 550, 550, 550, 550, 550, 550, 550] [151, 567] 10 3
[230, 250, 270, 290, 310, 330, 350, 370, 390, 410] [550, 550, 550, 550, 550, 550, 550, 550, 550, 550] [151, 567] 10 3
[230, 230, 250, 270, 290, 310, 330, 350, 370, 390] [570, 550, 550, 550, 550, 550, 550, 550, 550, 550] [151, 567] 10 0
[210, 230, 230, 250, 270, 290, 310, 330, 350, 370] [570, 570, 550, 550, 550, 550, 550, 550, 550, 550] [151, 567] 10 3
[190, 210, 230, 230, 250, 270, 290, 310, 330, 350] [570, 570, 570, 550, 550, 550, 550, 550, 550, 550] [151, 567] 10 3
[170, 190, 210, 230, 230, 250, 270, 290, 310, 330] [570, 570, 570, 570, 550, 550, 550, 550, 550, 550] [151, 567] 10 3
[150, 170, 190, 210, 230, 230, 250, 270, 290, 310] [570, 570, 570, 570, 570, 550, 550, 550, 550, 550] [151, 567] 10 3
[130, 150, 170, 190, 210, 230, 230, 250, 270, 290, 310] [570, 570, 570, 570, 570, 570, 550, 550, 550, 550, 550] [260, 261] 11 3
[130, 130, 150, 170, 190, 210, 230, 230, 250, 270, 290] [550, 570, 570, 570, 570, 570, 570, 550, 550, 550, 550] [260, 261] 11 2
[130, 130, 130, 150, 170, 190, 210, 230, 230, 250, 270] [530, 550, 570, 570, 570, 570, 570, 570, 550, 550, 550] [260, 261] 11 2
[130, 130, 130, 130, 150, 170, 190, 210, 230, 230, 250] [510, 530, 550, 570, 570, 570, 570, 570, 570, 550, 550] [260, 261] 11 2
[130, 130, 130, 130, 130, 150, 170, 190, 210, 230, 230] [490, 510, 530, 550, 570, 570, 570, 570, 570, 570, 550] [260, 261] 11 2
[130, 130, 130, 130, 130, 130, 150, 170, 190, 210, 230] [470, 490, 510, 530, 550, 570, 570, 570, 570, 570, 570] [260, 261] 11 2
[130, 130, 130, 130, 130, 130, 130, 150, 170, 190, 210] [450, 470, 490, 510, 530, 550, 570, 570, 570, 570, 570] [260, 261] 11 2
[130, 130, 130, 130, 130, 130, 130, 130, 150, 170, 190] [430, 450, 470, 490, 510, 530, 550, 570, 570, 570, 570] [260, 261] 11 2
[130, 130, 130, 130, 130, 130, 130, 130, 130, 150, 170] [410, 430, 450, 470, 490, 510, 530, 550, 570, 570, 570] [260, 261] 11 2
[130, 130, 130, 130, 130, 130, 130, 130, 130, 130, 150] [390, 410, 430, 450, 470, 490, 510, 530, 550, 570, 570] [260, 261] 11 2
[130, 130, 130, 130, 130, 130, 130, 130, 130, 130, 130] [370, 390, 410, 430, 450, 470, 490, 510, 530, 550, 570] [260, 261] 11 2
[130, 130, 130, 130, 130, 130, 130, 130, 130, 130, 130] [350, 370, 390, 410, 430, 450, 470, 490, 510, 530, 550] [260, 261] 11 2
[130, 130, 130, 130, 130, 130, 130, 130, 130, 130, 130] [330, 350, 370, 390, 410, 430, 450, 470, 490, 510, 530] [260, 261] 11 2
[130, 130, 130, 130, 130, 130, 130, 130, 130, 130, 130] [310, 330, 350, 370, 390, 410, 430, 450, 470, 490, 510] [260, 261] 11 2
[130, 130, 130, 130, 130, 130, 130, 130, 130, 130, 130] [290, 310, 330, 350, 370, 390, 410, 430, 450, 470, 490] [260, 261] 11 2
[130, 130, 130, 130, 130, 130, 130, 130, 130, 130, 130] [270, 290, 310, 330, 350, 370, 390, 410, 430, 450, 470] [260, 261] 11 2
[130, 130, 130, 130, 130, 130, 130, 130, 130, 130, 130] [250, 270, 290, 310, 330, 350, 370, 390, 410, 430, 450] [260, 261] 11 2
[150, 130, 130, 130, 130, 130, 130, 130, 130, 130, 130] [250, 250, 270, 290, 310, 330, 350, 370, 390, 410, 430] [260, 261] 11 1
[170, 150, 130, 130, 130, 130, 130, 130, 130, 130, 130] [250, 250, 250, 270, 290, 310, 330, 350, 370, 390, 410] [260, 261] 11 1
[190, 170, 150, 130, 130, 130, 130, 130, 130, 130, 130] [250, 250, 250, 250, 270, 290, 310, 330, 350, 370, 390] [260, 261] 11 1
[210, 190, 170, 150, 130, 130, 130, 130, 130, 130, 130] [250, 250, 250, 250, 250, 270, 290, 310, 330, 350, 370] [260, 261] 11 1
[230, 210, 190, 170, 150, 130, 130, 130, 130, 130, 130] [250, 250, 250, 250, 250, 250, 270, 290, 310, 330, 350] [260, 261] 11 1
[250, 230, 210, 190, 170, 150, 130, 130, 130, 130, 130] [250, 250, 250, 250, 250, 250, 250, 270, 290, 310, 330] [260, 261] 11 1
[270, 250, 230, 210, 190, 170, 150, 130, 130, 130, 130, 130] [250, 250, 250, 250, 250, 250, 250, 250, 270, 290, 310, 330] [499, 354] 12 1
[290, 270, 250, 230, 210, 190, 170, 150, 130, 130, 130, 130] [250, 250, 250, 250, 250, 250, 250, 250, 250, 270, 290, 310] [499, 354] 12 1
[310, 290, 270, 250, 230, 210, 190, 170, 150, 130, 130, 130] [250, 250, 250, 250, 250, 250, 250, 250, 250, 250, 270, 290] [499, 354] 12 1
[330, 310, 290, 270, 250, 230, 210, 190, 170, 150, 130, 130] [250, 250, 250, 250, 250, 250, 250, 250, 250, 250, 250, 270] [499, 354] 12 1
[350, 330, 310, 290, 270, 250, 230, 210, 190, 170, 150, 130] [250, 250, 250, 250, 250, 250, 250, 250, 250, 250, 250, 250] [499, 354] 12 1
[370, 350, 330, 310, 290, 270, 250, 230, 210, 190, 170, 150] [250, 250, 250, 250, 250, 250, 250, 250, 250, 250, 250, 250] [499, 354] 12 1
[390, 370, 350, 330, 310, 290, 270, 250, 230, 210, 190, 170] [250, 250, 250, 250, 250, 250, 250, 250, 250, 250, 250, 250] [499, 354] 12 1
[410, 390, 370, 350, 330, 310, 290, 270, 250, 230, 210, 190] [250, 250, 250, 250, 250, 250, 250, 250, 250, 250, 250, 250] [499, 354] 12 1
[430, 410, 390, 370, 350, 330, 310, 290, 270, 250, 230, 210] [250, 250, 250, 250, 250, 250, 250, 250, 250, 250, 250, 250] [499, 354] 12 1
[450, 430, 410, 390, 370, 350, 330, 310, 290, 270, 250, 230] [250, 250, 250, 250, 250, 250, 250, 250, 250, 250, 250, 250] [499, 354] 12 1
[470, 450, 430, 410, 390, 370, 350, 330, 310, 290, 270, 250] [250, 250, 250, 250, 250, 250, 250, 250, 250, 250, 250, 250] [499, 354] 12 1
[490, 470, 450, 430, 410, 390, 370, 350, 330, 310, 290, 270] [250, 250, 250, 250, 250, 250, 250, 250, 250, 250, 250, 250] [499, 354] 12 1
[490, 490, 470, 450, 430, 410, 390, 370, 350, 330, 310, 290] [270, 250, 250, 250, 250, 250, 250, 250, 250, 250, 250, 250] [499, 354] 12 0
[490, 490, 490, 470, 450, 430, 410, 390, 370, 350, 330, 310] [290, 270, 250, 250, 250, 250, 250, 250, 250, 250, 250, 250] [499, 354] 12 0
[490, 490, 490, 490, 470, 450, 430, 410, 390, 370, 350, 330] [310, 290, 270, 250, 250, 250, 250, 250, 250, 250, 250, 250] [499, 354] 12 0
[490, 490, 490, 490, 490, 470, 450, 430, 410, 390, 370, 350] [330, 310, 290, 270, 250, 250, 250, 250, 250, 250, 250, 250] [499, 354] 12 0
[490, 490, 490, 490, 490, 490, 470, 450, 430, 410, 390, 370] [350, 330, 310, 290, 270, 250, 250, 250, 250, 250, 250, 250] [499, 354] 12 0
[490, 490, 490, 490, 490, 490, 490, 470, 450, 430, 410, 390, 370] [370, 350, 330, 310, 290, 270, 250, 250, 250, 250, 250, 250, 250] [67, 579] 13 0
[490, 490, 490, 490, 490, 490, 490, 490, 470, 450, 430, 410, 390] [390, 370, 350, 330, 310, 290, 270, 250, 250, 250, 250, 250, 250] [67, 579] 13 0
[490, 490, 490, 490, 490, 490, 490, 490, 490, 470, 450, 430, 410] [410, 390, 370, 350, 330, 310, 290, 270, 250, 250, 250, 250, 250] [67, 579] 13 0
[490, 490, 490, 490, 490, 490, 490, 490, 490, 490, 470, 450, 430] [430, 410, 390, 370, 350, 330, 310, 290, 270, 250, 250, 250, 250] [67, 579] 13 0
[490, 490, 490, 490, 490, 490, 490, 490, 490, 490, 490, 470, 450] [450, 430, 410, 390, 370, 350, 330, 310, 290, 270, 250, 250, 250] [67, 579] 13 0
[490, 490, 490, 490, 490, 490, 490, 490, 490, 490, 490, 490, 470] [470, 450, 430, 410, 390, 370, 350, 330, 310, 290, 270, 250, 250] [67, 579] 13 0
[490, 490, 490, 490, 490, 490, 490, 490, 490, 490, 490, 490, 490] [490, 470, 450, 430, 410, 390, 370, 350, 330, 310, 290, 270, 250] [67, 579] 13 0
[490, 490, 490, 490, 490, 490, 490, 490, 490, 490, 490, 490, 490] [510, 490, 470, 450, 430, 410, 390, 370, 350, 330, 310, 290, 270] [67, 579] 13 0
[490, 490, 490, 490, 490, 490, 490, 490, 490, 490, 490, 490, 490] [530, 510, 490, 470, 450, 430, 410, 390, 370, 350, 330, 310, 290] [67, 579] 13 0
[490, 490, 490, 490, 490, 490, 490, 490, 490, 490, 490, 490, 490] [550, 530, 510, 490, 470, 450, 430, 410, 390, 370, 350, 330, 310] [67, 579] 13 0
[490, 490, 490, 490, 490, 490, 490, 490, 490, 490, 490, 490, 490] [570, 550, 530, 510, 490, 470, 450, 430, 410, 390, 370, 350, 330] [67, 579] 13 0
[470, 490, 490, 490, 490, 490, 490, 490, 490, 490, 490, 490, 490] [570, 570, 550, 530, 510, 490, 470, 450, 430, 410, 390, 370, 350] [67, 579] 13 3
[450, 470, 490, 490, 490, 490, 490, 490, 490, 490, 490, 490, 490] [570, 570, 570, 550, 530, 510, 490, 470, 450, 430, 410, 390, 370] [67, 579] 13 3
[430, 450, 470, 490, 490, 490, 490, 490, 490, 490, 490, 490, 490] [570, 570, 570, 570, 550, 530, 510, 490, 470, 450, 430, 410, 390] [67, 579] 13 3
[410, 430, 450, 470, 490, 490, 490, 490, 490, 490, 490, 490, 490] [570, 570, 570, 570, 570, 550, 530, 510, 490, 470, 450, 430, 410] [67, 579] 13 3
[390, 410, 430, 450, 470, 490, 490, 490, 490, 490, 490, 490, 490] [570, 570, 570, 570, 570, 570, 550, 530, 510, 490, 470, 450, 430] [67, 579] 13 3
[370, 390, 410, 430, 450, 470, 490, 490, 490, 490, 490, 490, 490] [570, 570, 570, 570, 570, 570, 570, 550, 530, 510, 490, 470, 450] [67, 579] 13 3
[350, 370, 390, 410, 430, 450, 470, 490, 490, 490, 490, 490, 490] [570, 570, 570, 570, 570, 570, 570, 570, 550, 530, 510, 490, 470] [67, 579] 13 3
[330, 350, 370, 390, 410, 430, 450, 470, 490, 490, 490, 490, 490] [570, 570, 570, 570, 570, 570, 570, 570, 570, 550, 530, 510, 490] [67, 579] 13 3
[310, 330, 350, 370, 390, 410, 430, 450, 470, 490, 490, 490, 490] [570, 570, 570, 570, 570, 570, 570, 570, 570, 570, 550, 530, 510] [67, 579] 13 3
[290, 310, 330, 350, 370, 390, 410, 430, 450, 470, 490, 490, 490] [570, 570, 570, 570, 570, 570, 570, 570, 570, 570, 570, 550, 530] [67, 579] 13 3
[270, 290, 310, 330, 350, 370, 390, 410, 430, 450, 470, 490, 490] [570, 570, 570, 570, 570, 570, 570, 570, 570, 570, 570, 570, 550] [67, 579] 13 3
[250, 270, 290, 310, 330, 350, 370, 390, 410, 430, 450, 470, 490] [570, 570, 570, 570, 570, 570, 570, 570, 570, 570, 570, 570, 570] [67, 579] 13 3
[230, 250, 270, 290, 310, 330, 350, 370, 390, 410, 430, 450, 470] [570, 570, 570, 570, 570, 570, 570, 570, 570, 570, 570, 570, 570] [67, 579] 13 3
[210, 230, 250, 270, 290, 310, 330, 350, 370, 390, 410, 430, 450] [570, 570, 570, 570, 570, 570, 570, 570, 570, 570, 570, 570, 570] [67, 579] 13 3
[190, 210, 230, 250, 270, 290, 310, 330, 350, 370, 390, 410, 430] [570, 570, 570, 570, 570, 570, 570, 570, 570, 570, 570, 570, 570] [67, 579] 13 3
[170, 190, 210, 230, 250, 270, 290, 310, 330, 350, 370, 390, 410] [570, 570, 570, 570, 570, 570, 570, 570, 570, 570, 570, 570, 570] [67, 579] 13 3
[150, 170, 190, 210, 230, 250, 270, 290, 310, 330, 350, 370, 390] [570, 570, 570, 570, 570, 570, 570, 570, 570, 570, 570, 570, 570] [67, 579] 13 3
[130, 150, 170, 190, 210, 230, 250, 270, 290, 310, 330, 350, 370] [570, 570, 570, 570, 570, 570, 570, 570, 570, 570, 570, 570, 570] [67, 579] 13 3
[110, 130, 150, 170, 190, 210, 230, 250, 270, 290, 310, 330, 350] [570, 570, 570, 570, 570, 570, 570, 570, 570, 570, 570, 570, 570] [67, 579] 13 3
[90, 110, 130, 150, 170, 190, 210, 230, 250, 270, 290, 310, 330] [570, 570, 570, 570, 570, 570, 570, 570, 570, 570, 570, 570, 570] [67, 579] 13 3
[70, 90, 110, 130, 150, 170, 190, 210, 230, 250, 270, 290, 310] [570, 570, 570, 570, 570, 570, 570, 570, 570, 570, 570, 570, 570] [67, 579] 13 3
[70, 70, 90, 110, 130, 150, 170, 190, 210, 230, 250, 270, 290, 310] [550, 570, 570, 570, 570, 570, 570, 570, 570, 570, 570, 570, 570, 570] [280, 225] 14 2
[70, 70, 70, 90, 110, 130, 150, 170, 190, 210, 230, 250, 270, 290] [530, 550, 570, 570, 570, 570, 570, 570, 570, 570, 570, 570, 570, 570] [280, 225] 14 2
[70, 70, 70, 70, 90, 110, 130, 150, 170, 190, 210, 230, 250, 270] [510, 530, 550, 570, 570, 570, 570, 570, 570, 570, 570, 570, 570, 570] [280, 225] 14 2
[70, 70, 70, 70, 70, 90, 110, 130, 150, 170, 190, 210, 230, 250] [490, 510, 530, 550, 570, 570, 570, 570, 570, 570, 570, 570, 570, 570] [280, 225] 14 2
[70, 70, 70, 70, 70, 70, 90, 110, 130, 150, 170, 190, 210, 230] [470, 490, 510, 530, 550, 570, 570, 570, 570, 570, 570, 570, 570, 570] [280, 225] 14 2
[70, 70, 70, 70, 70, 70, 70, 90, 110, 130, 150, 170, 190, 210] [450, 470, 490, 510, 530, 550, 570, 570, 570, 570, 570, 570, 570, 570] [280, 225] 14 2
[70, 70, 70, 70, 70, 70, 70, 70, 90, 110, 130, 150, 170, 190] [430, 450, 470, 490, 510, 530, 550, 570, 570, 570, 570, 570, 570, 570] [280, 225] 14 2
[70, 70, 70, 70, 70, 70, 70, 70, 70, 90, 110, 130, 150, 170] [410, 430, 450, 470, 490, 510, 530, 550, 570, 570, 570, 570, 570, 570] [280, 225] 14 2
[70, 70, 70, 70, 70, 70, 70, 70, 70, 70, 90, 110, 130, 150] [390, 410, 430, 450, 470, 490, 510, 530, 550, 570, 570, 570, 570, 570] [280, 225] 14 2
[70, 70, 70, 70, 70, 70, 70, 70, 70, 70, 70, 90, 110, 130] [370, 390, 410, 430, 450, 470, 490, 510, 530, 550, 570, 570, 570, 570] [280, 225] 14 2
[70, 70, 70, 70, 70, 70, 70, 70, 70, 70, 70, 70, 90, 110] [350, 370, 390, 410, 430, 450, 470, 490, 510, 530, 550, 570, 570, 570] [280, 225] 14 2
[70, 70, 70, 70, 70, 70, 70, 70, 70, 70, 70, 70, 70, 90] [330, 350, 370, 390, 410, 430, 450, 470, 490, 510, 530, 550, 570, 570] [280, 225] 14 2
[70, 70, 70, 70, 70, 70, 70, 70, 70, 70, 70, 70, 70, 70] [310, 330, 350, 370, 390, 410, 430, 450, 470, 490, 510, 530, 550, 570] [280, 225] 14 2
[70, 70, 70, 70, 70, 70, 70, 70, 70, 70, 70, 70, 70, 70] [290, 310, 330, 350, 370, 390, 410, 430, 450, 470, 490, 510, 530, 550] [280, 225] 14 2
[70, 70, 70, 70, 70, 70, 70, 70, 70, 70, 70, 70, 70, 70] [270, 290, 310, 330, 350, 370, 390, 410, 430, 450, 470, 490, 510, 530] [280, 225] 14 2
[70, 70, 70, 70, 70, 70, 70, 70, 70, 70, 70, 70, 70, 70] [250, 270, 290, 310, 330, 350, 370, 390, 410, 430, 450, 470, 490, 510] [280, 225] 14 2
[70, 70, 70, 70, 70, 70, 70, 70, 70, 70, 70, 70, 70, 70] [230, 250, 270, 290, 310, 330, 350, 370, 390, 410, 430, 450, 470, 490] [280, 225] 14 2
[90, 70, 70, 70, 70, 70, 70, 70, 70, 70, 70, 70, 70, 70] [230, 230, 250, 270, 290, 310, 330, 350, 370, 390, 410, 430, 450, 470] [280, 225] 14 1
[110, 90, 70, 70, 70, 70, 70, 70, 70, 70, 70, 70, 70, 70] [230, 230, 230, 250, 270, 290, 310, 330, 350, 370, 390, 410, 430, 450] [280, 225] 14 1
[130, 110, 90, 70, 70, 70, 70, 70, 70, 70, 70, 70, 70, 70] [230, 230, 230, 230, 250, 270, 290, 310, 330, 350, 370, 390, 410, 430] [280, 225] 14 1
[150, 130, 110, 90, 70, 70, 70, 70, 70, 70, 70, 70, 70, 70] [230, 230, 230, 230, 230, 250, 270, 290, 310, 330, 350, 370, 390, 410] [280, 225] 14 1
[170, 150, 130, 110, 90, 70, 70, 70, 70, 70, 70, 70, 70, 70] [230, 230, 230, 230, 230, 230, 250, 270, 290, 310, 330, 350, 370, 390] [280, 225] 14 1
[190, 170, 150, 130, 110, 90, 70, 70, 70, 70, 70, 70, 70, 70] [230, 230, 230, 230, 230, 230, 230, 250, 270, 290, 310, 330, 350, 370] [280, 225] 14 1
[210, 190, 170, 150, 130, 110, 90, 70, 70, 70, 70, 70, 70, 70] [230, 230, 230, 230, 230, 230, 230, 230, 250, 270, 290, 310, 330, 350] [280, 225] 14 1
[230, 210, 190, 170, 150, 130, 110, 90, 70, 70, 70, 70, 70, 70] [230, 230, 230, 230, 230, 230, 230, 230, 230, 250, 270, 290, 310, 330] [280, 225] 14 1
[250, 230, 210, 190, 170, 150, 130, 110, 90, 70, 70, 70, 70, 70] [230, 230, 230, 230, 230, 230, 230, 230, 230, 230, 250, 270, 290, 310] [280, 225] 14 1
[270, 250, 230, 210, 190, 170, 150, 130, 110, 90, 70, 70, 70, 70] [230, 230, 230, 230, 230, 230, 230, 230, 230, 230, 230, 250, 270, 290] [280, 225] 14 1
[290, 270, 250, 230, 210, 190, 170, 150, 130, 110, 90, 70, 70, 70, 70] [230, 230, 230, 230, 230, 230, 230, 230, 230, 230, 230, 230, 250, 270, 290] [443, 409] 15 1
[310, 290, 270, 250, 230, 210, 190, 170, 150, 130, 110, 90, 70, 70, 70] [230, 230, 230, 230, 230, 230, 230, 230, 230, 230, 230, 230, 230, 250, 270] [443, 409] 15 1
[330, 310, 290, 270, 250, 230, 210, 190, 170, 150, 130, 110, 90, 70, 70] [230, 230, 230, 230, 230, 230, 230, 230, 230, 230, 230, 230, 230, 230, 250] [443, 409] 15 1
[350, 330, 310, 290, 270, 250, 230, 210, 190, 170, 150, 130, 110, 90, 70] [230, 230, 230, 230, 230, 230, 230, 230, 230, 230, 230, 230, 230, 230, 230] [443, 409] 15 1
[370, 350, 330, 310, 290, 270, 250, 230, 210, 190, 170, 150, 130, 110, 90] [230, 230, 230, 230, 230, 230, 230, 230, 230, 230, 230, 230, 230, 230, 230] [443, 409] 15 1
[390, 370, 350, 330, 310, 290, 270, 250, 230, 210, 190, 170, 150, 130, 110] [230, 230, 230, 230, 230, 230, 230, 230, 230, 230, 230, 230, 230, 230, 230] [443, 409] 15 1
[410, 390, 370, 350, 330, 310, 290, 270, 250, 230, 210, 190, 170, 150, 130] [230, 230, 230, 230, 230, 230, 230, 230, 230, 230, 230, 230, 230, 230, 230] [443, 409] 15 1
[430, 410, 390, 370, 350, 330, 310, 290, 270, 250, 230, 210, 190, 170, 150] [230, 230, 230, 230, 230, 230, 230, 230, 230, 230, 230, 230, 230, 230, 230] [443, 409] 15 1
[450, 430, 410, 390, 370, 350, 330, 310, 290, 270, 250, 230, 210, 190, 170] [230, 230, 230, 230, 230, 230, 230, 230, 230, 230, 230, 230, 230, 230, 230] [443, 409] 15 1
[450, 450, 430, 410, 390, 370, 350, 330, 310, 290, 270, 250, 230, 210, 190] [250, 230, 230, 230, 230, 230, 230, 230, 230, 230, 230, 230, 230, 230, 230] [443, 409] 15 0
[450, 450, 450, 430, 410, 390, 370, 350, 330, 310, 290, 270, 250, 230, 210] [270, 250, 230, 230, 230, 230, 230, 230, 230, 230, 230, 230, 230, 230, 230] [443, 409] 15 0
[450, 450, 450, 450, 430, 410, 390, 370, 350, 330, 310, 290, 270, 250, 230] [290, 270, 250, 230, 230, 230, 230, 230, 230, 230, 230, 230, 230, 230, 230] [443, 409] 15 0
[450, 450, 450, 450, 450, 430, 410, 390, 370, 350, 330, 310, 290, 270, 250] [310, 290, 270, 250, 230, 230, 230, 230, 230, 230, 230, 230, 230, 230, 230] [443, 409] 15 0
[450, 450, 450, 450, 450, 450, 430, 410, 390, 370, 350, 330, 310, 290, 270] [330, 310, 290, 270, 250, 230, 230, 230, 230, 230, 230, 230, 230, 230, 230] [443, 409] 15 0
[450, 450, 450, 450, 450, 450, 450, 430, 410, 390, 370, 350, 330, 310, 290] [350, 330, 310, 290, 270, 250, 230, 230, 230, 230, 230, 230, 230, 230, 230] [443, 409] 15 0
[450, 450, 450, 450, 450, 450, 450, 450, 430, 410, 390, 370, 350, 330, 310] [370, 350, 330, 310, 290, 270, 250, 230, 230, 230, 230, 230, 230, 230, 230] [443, 409] 15 0
[450, 450, 450, 450, 450, 450, 450, 450, 450, 430, 410, 390, 370, 350, 330] [390, 370, 350, 330, 310, 290, 270, 250, 230, 230, 230, 230, 230, 230, 230] [443, 409] 15 0
[450, 450, 450, 450, 450, 450, 450, 450, 450, 450, 430, 410, 390, 370, 350, 330] [410, 390, 370, 350, 330, 310, 290, 270, 250, 230, 230, 230, 230, 230, 230, 230] [222, 256] 16 0
[430, 450, 450, 450, 450, 450, 450, 450, 450, 450, 450, 430, 410, 390, 370, 350] [410, 410, 390, 370, 350, 330, 310, 290, 270, 250, 230, 230, 230, 230, 230, 230] [222, 256] 16 3
[410, 430, 450, 450, 450, 450, 450, 450, 450, 450, 450, 450, 430, 410, 390, 370] [410, 410, 410, 390, 370, 350, 330, 310, 290, 270, 250, 230, 230, 230, 230, 230] [222, 256] 16 3
[390, 410, 430, 450, 450, 450, 450, 450, 450, 450, 450, 450, 450, 430, 410, 390] [410, 410, 410, 410, 390, 370, 350, 330, 310, 290, 270, 250, 230, 230, 230, 230] [222, 256] 16 3
[370, 390, 410, 430, 450, 450, 450, 450, 450, 450, 450, 450, 450, 450, 430, 410] [410, 410, 410, 410, 410, 390, 370, 350, 330, 310, 290, 270, 250, 230, 230, 230] [222, 256] 16 3
[350, 370, 390, 410, 430, 450, 450, 450, 450, 450, 450, 450, 450, 450, 450, 430] [410, 410, 410, 410, 410, 410, 390, 370, 350, 330, 310, 290, 270, 250, 230, 230] [222, 256] 16 3
[330, 350, 370, 390, 410, 430, 450, 450, 450, 450, 450, 450, 450, 450, 450, 450] [410, 410, 410, 410, 410, 410, 410, 390, 370, 350, 330, 310, 290, 270, 250, 230] [222, 256] 16 3
[310, 330, 350, 370, 390, 410, 430, 450, 450, 450, 450, 450, 450, 450, 450, 450] [410, 410, 410, 410, 410, 410, 410, 410, 390, 370, 350, 330, 310, 290, 270, 250] [222, 256] 16 3
[290, 310, 330, 350, 370, 390, 410, 430, 450, 450, 450, 450, 450, 450, 450, 450] [410, 410, 410, 410, 410, 410, 410, 410, 410, 390, 370, 350, 330, 310, 290, 270] [222, 256] 16 3
[270, 290, 310, 330, 350, 370, 390, 410, 430, 450, 450, 450, 450, 450, 450, 450] [410, 410, 410, 410, 410, 410, 410, 410, 410, 410, 390, 370, 350, 330, 310, 290] [222, 256] 16 3
[250, 270, 290, 310, 330, 350, 370, 390, 410, 430, 450, 450, 450, 450, 450, 450] [410, 410, 410, 410, 410, 410, 410, 410, 410, 410, 410, 390, 370, 350, 330, 310] [222, 256] 16 3
[230, 250, 270, 290, 310, 330, 350, 370, 390, 410, 430, 450, 450, 450, 450, 450] [410, 410, 410, 410, 410, 410, 410, 410, 410, 410, 410, 410, 390, 370, 350, 330] [222, 256] 16 3
[210, 230, 250, 270, 290, 310, 330, 350, 370, 390, 410, 430, 450, 450, 450, 450] [410, 410, 410, 410, 410, 410, 410, 410, 410, 410, 410, 410, 410, 390, 370, 350] [222, 256] 16 3
[210, 210, 230, 250, 270, 290, 310, 330, 350, 370, 390, 410, 430, 450, 450, 450] [390, 410, 410, 410, 410, 410, 410, 410, 410, 410, 410, 410, 410, 410, 390, 370] [222, 256] 16 2
[210, 210, 210, 230, 250, 270, 290, 310, 330, 350, 370, 390, 410, 430, 450, 450] [370, 390, 410, 410, 410, 410, 410, 410, 410, 410, 410, 410, 410, 410, 410, 390] [222, 256] 16 2
[210, 210, 210, 210, 230, 250, 270, 290, 310, 330, 350, 370, 390, 410, 430, 450] [350, 370, 390, 410, 410, 410, 410, 410, 410, 410, 410, 410, 410, 410, 410, 410] [222, 256] 16 2
[210, 210, 210, 210, 210, 230, 250, 270, 290, 310, 330, 350, 370, 390, 410, 430] [330, 350, 370, 390, 410, 410, 410, 410, 410, 410, 410, 410, 410, 410, 410, 410] [222, 256] 16 2
[210, 210, 210, 210, 210, 210, 230, 250, 270, 290, 310, 330, 350, 370, 390, 410] [310, 330, 350, 370, 390, 410, 410, 410, 410, 410, 410, 410, 410, 410, 410, 410] [222, 256] 16 2
[210, 210, 210, 210, 210, 210, 210, 230, 250, 270, 290, 310, 330, 350, 370, 390] [290, 310, 330, 350, 370, 390, 410, 410, 410, 410, 410, 410, 410, 410, 410, 410] [222, 256] 16 2
[210, 210, 210, 210, 210, 210, 210, 210, 230, 250, 270, 290, 310, 330, 350, 370] [270, 290, 310, 330, 350, 370, 390, 410, 410, 410, 410, 410, 410, 410, 410, 410] [222, 256] 16 2
[210, 210, 210, 210, 210, 210, 210, 210, 210, 230, 250, 270, 290, 310, 330, 350] [250, 270, 290, 310, 330, 350, 370, 390, 410, 410, 410, 410, 410, 410, 410, 410] [222, 256] 16 2
