[290, 290, 290, 290, 290] [290, 270, 250, 230, 210] [571, 422] 5 0
[290, 290, 290, 290, 290] [310, 290, 270, 250, 230] [571, 422] 5 0
[290, 290, 290, 290, 290] [330, 310, 290, 270, 250] [571, 422] 5 0
[290, 290, 290, 290, 290] [350, 330, 310, 290, 270] [571, 422] 5 0
[290, 290, 290, 290, 290] [370, 350, 330, 310, 290] [571, 422] 5 0
[290, 290, 290, 290, 290] [390, 370, 350, 330, 310] [571, 422] 5 0
[290, 290, 290, 290, 290] [410, 390, 370, 350, 330] [571, 422] 5 0
[290, 290, 290, 290, 290] [430, 410, 390, 370, 350] [571, 422] 5 0
[310, 290, 290, 290, 290] [430, 430, 410, 390, 370] [571, 422] 5 1
[330, 310, 290, 290, 290] [430, 430, 430, 410, 390] [571, 422] 5 1
[350, 330, 310, 290, 290] [430, 430, 430, 430, 410] [571, 422] 5 1
[370, 350, 330, 310, 290] [430, 430, 430, 430, 430] [571, 422] 5 1
[390, 370, 350, 330, 310] [430, 430, 430, 430, 430] [571, 422] 5 1
[410, 390, 370, 350, 330] [430, 430, 430, 430, 430] [571, 422] 5 1
[430, 410, 390, 370, 350] [430, 430, 430, 430, 430] [571, 422] 5 1
[450, 430, 410, 390, 370] [430, 430, 430, 430, 430] [571, 422] 5 1
[470, 450, 430, 410, 390] [430, 430, 430, 430, 430] [571, 422] 5 1
[490, 470, 450, 430, 410] [430, 430, 430, 430, 430] [571, 422] 5 1
[510, 490, 470, 450, 430] [430, 430, 430, 430, 430] [571, 422] 5 1
[530, 510, 490, 470, 450] [430, 430, 430, 430, 430] [571, 422] 5 1
[550, 530, 510, 490, 470] [430, 430, 430, 430, 430] [571, 422] 5 1
[570, 550, 530, 510, 490] [430, 430, 430, 430, 430] [571, 422] 5 1
[570, 570, 550, 530, 510, 490] [410, 430, 430, 430, 430, 430] [218, 485] 6 2
[570, 570, 570, 550, 530, 510] [390, 410, 430, 430, 430, 430] [218, 485] 6 2
[550, 570, 570, 570, 550, 530] [390, 390, 410, 430, 430, 430] [218, 485] 6 3
[530, 550, 570, 570, 570, 550] [390, 390, 390, 410, 430, 430] [218, 485] 6 3
[510, 530, 550, 570, 570, 570] [390, 390, 390, 390, 410, 430] [218, 485] 6 3
[490, 510, 530, 550, 570, 570] [390, 390, 390, 390, 390, 410] [218, 485] 6 3
[470, 490, 510, 530, 550, 570] [390, 390, 390, 390, 390, 390] [218, 485] 6 3
[450, 470, 490, 510, 530, 550] [390, 390, 390, 390, 390, 390] [218, 485] 6 3
[430, 450, 470, 490, 510, 530] [390, 390, 390, 390, 390, 390] [218, 485] 6 3
[410, 430, 450, 470, 490, 510] [390, 390, 390, 390, 390, 390] [218, 485] 6 3
[390, 410, 430, 450, 470, 490] [390, 390, 390, 390, 390, 390] [218, 485] 6 3
[370, 390, 410, 430, 450, 470] [390, 390, 390, 390, 390, 390] [218, 485] 6 3
[350, 370, 390, 410, 430, 450] [390, 390, 390, 390, 390, 390] [218, 485] 6 3
[330, 350, 370, 390, 410, 430] [390, 390, 390, 390, 390, 390] [218, 485] 6 3
[310, 330, 350, 370, 390, 410] [390, 390, 390, 390, 390, 390] [218, 485] 6 3
[290, 310, 330, 350, 370, 390] [390, 390, 390, 390, 390, 390] [218, 485] 6 3
[270, 290, 310, 330, 350, 370] [390, 390, 390, 390, 390, 390] [218, 485] 6 3
[250, 270, 290, 310, 330, 350] [390, 390, 390, 390, 390, 390] [218, 485] 6 3
[230, 250, 270, 290, 310, 330] [390, 390, 390, 390, 390, 390] [218, 485] 6 3
[210, 230, 250, 270, 290, 310] [390, 390, 390, 390, 390, 390] [218, 485] 6 3
[210, 210, 230, 250, 270, 290] [410, 390, 390, 390, 390, 390] [218, 485] 6 0
[210, 210, 210, 230, 250, 270] [430, 410, 390, 390, 390, 390] [218, 485] 6 0
[210, 210, 210, 210, 230, 250] [450, 430, 410, 390, 390, 390] [218, 485] 6 0
[210, 210, 210, 210, 210, 230] [470, 450, 430, 410, 390, 390] [218, 485] 6 0
[210, 210, 210, 210, 210, 210, 230] [490, 470, 450, 430, 410, 390, 390] [51, 117] 7 0
[210, 210, 210, 210, 210, 210, 210] [510, 490, 470, 450, 430, 410, 390] [51, 117] 7 0
[190, 210, 210, 210, 210, 210, 210] [510, 510, 490, 470, 450, 430, 410] [51, 117] 7 3
[170, 190, 210, 210, 210, 210, 210] [510, 510, 510, 490, 470, 450, 430] [51, 117] 7 3
[150, 170, 190, 210, 210, 210, 210] [510, 510, 510, 510, 490, 470, 450] [51, 117] 7 3
[130, 150, 170, 190, 210, 210, 210] [510, 510, 510, 510, 510, 490, 470] [51, 117] 7 3
[110, 130, 150, 170, 190, 210, 210] [510, 510, 510, 510, 510, 510, 490] [51, 117] 7 3
[90, 110, 130, 150, 170, 190, 210] [510, 510, 510, 510, 510, 510, 510] [51, 117] 7 3
[70, 90, 110, 130, 150, 170, 190] [510, 510, 510, 510, 510, 510, 510] [51, 117] 7 3
[50, 70, 90, 110, 130, 150, 170] [510, 510, 510, 510, 510, 510, 510] [51, 117] 7 3
[30, 50, 70, 90, 110, 130, 150] [510, 510, 510, 510, 510, 510, 510] [51, 117] 7 3
[30, 30, 50, 70, 90, 110, 130] [490, 510, 510, 510, 510, 510, 510] [51, 117] 7 2
[30, 30, 30, 50, 70, 90, 110] [470, 490, 510, 510, 510, 510, 510] [51, 117] 7 2
[30, 30, 30, 30, 50, 70, 90] [450, 470, 490, 510, 510, 510, 510] [51, 117] 7 2
[30, 30, 30, 30, 30, 50, 70] [430, 450, 470, 490, 510, 510, 510] [51, 117] 7 2
[30, 30, 30, 30, 30, 30, 50] [410, 430, 450, 470, 490, 510, 510] [51, 117] 7 2
[30, 30, 30, 30, 30, 30, 30] [390, 410, 430, 450, 470, 490, 510] [51, 117] 7 2
[30, 30, 30, 30, 30, 30, 30] [370, 390, 410, 430, 450, 470, 490] [51, 117] 7 2
[30, 30, 30, 30, 30, 30, 30] [350, 370, 390, 410, 430, 450, 470] [51, 117] 7 2
[30, 30, 30, 30, 30, 30, 30] [330, 350, 370, 390, 410, 430, 450] [51, 117] 7 2
[30, 30, 30, 30, 30, 30, 30] [310, 330, 350, 370, 390, 410, 430] [51, 117] 7 2
[30, 30, 30, 30, 30, 30, 30] [290, 310, 330, 350, 370, 390, 410] [51, 117] 7 2
[30, 30, 30, 30, 30, 30, 30] [270, 290, 310, 330, 350, 370, 390] [51, 117] 7 2
[30, 30, 30, 30, 30, 30, 30] [250, 270, 290, 310, 330, 350, 370] [51, 117] 7 2
[30, 30, 30, 30, 30, 30, 30] [230, 250, 270, 290, 310, 330, 350] [51, 117] 7 2
[30, 30, 30, 30, 30, 30, 30] [210, 230, 250, 270, 290, 310, 330] [51, 117] 7 2
[30, 30, 30, 30, 30, 30, 30] [190, 210, 230, 250, 270, 290, 310] [51, 117] 7 2
[30, 30, 30, 30, 30, 30, 30] [170, 190, 210, 230, 250, 270, 290] [51, 117] 7 2
[30, 30, 30, 30, 30, 30, 30] [150, 170, 190, 210, 230, 250, 270] [51, 117] 7 2
[30, 30, 30, 30, 30, 30, 30] [130, 150, 170, 190, 210, 230, 250] [51, 117] 7 2
[30, 30, 30, 30, 30, 30, 30] [110, 130, 150, 170, 190, 210, 230] [51, 117] 7 2
[50, 30, 30, 30, 30, 30, 30] [110, 110, 130, 150, 170, 190, 210] [51, 117] 7 1
[70, 50, 30, 30, 30, 30, 30, 30] [110, 110, 110, 130, 150, 170, 190, 210] [6, 395] 8 1
[70, 70, 50, 30, 30, 30, 30, 30] [130, 110, 110, 110, 130, 150, 170, 190] [6, 395] 8 0
[70, 70, 70, 50, 30, 30, 30, 30] [150, 130, 110, 110, 110, 130, 150, 170] [6, 395] 8 0
[70, 70, 70, 70, 50, 30, 30, 30] [170, 150, 130, 110, 110, 110, 130, 150] [6, 395] 8 0
[70, 70, 70, 70, 70, 50, 30, 30] [190, 170, 150, 130, 110, 110, 110, 130] [6, 395] 8 0
[50, 70, 70, 70, 70, 70, 50, 30] [190, 190, 170, 150, 130, 110, 110, 110] [6, 395] 8 3
[30, 50, 70, 70, 70, 70, 70, 50] [190, 190, 190, 170, 150, 130, 110, 110] [6, 395] 8 3
[10, 30, 50, 70, 70, 70, 70, 70] [190, 190, 190, 190, 170, 150, 130, 110] [6, 395] 8 3
[10, 10, 30, 50, 70, 70, 70, 70] [210, 190, 190, 190, 190, 170, 150, 130] [6, 395] 8 0
[10, 10, 10, 30, 50, 70, 70, 70] [230, 210, 190, 190, 190, 190, 170, 150] [6, 395] 8 0
[10, 10, 10, 10, 30, 50, 70, 70] [250, 230, 210, 190, 190, 190, 190, 170] [6, 395] 8 0
[10, 10, 10, 10, 10, 30, 50, 70] [270, 250, 230, 210, 190, 190, 190, 190] [6, 395] 8 0
[10, 10, 10, 10, 10, 10, 30, 50] [290, 270, 250, 230, 210, 190, 190, 190] [6, 395] 8 0
[10, 10, 10, 10, 10, 10, 10, 30] [310, 290, 270, 250, 230, 210, 190, 190] [6, 395] 8 0
[10, 10, 10, 10, 10, 10, 10, 10] [330, 310, 290, 270, 250, 230, 210, 190] [6, 395] 8 0
[10, 10, 10, 10, 10, 10, 10, 10] [350, 330, 310, 290, 270, 250, 230, 210] [6, 395] 8 0
[10, 10, 10, 10, 10, 10, 10, 10] [370, 350, 330, 310, 290, 270, 250, 230] [6, 395] 8 0
[10, 10, 10, 10, 10, 10, 10, 10] [390, 370, 350, 330, 310, 290, 270, 250] [6, 395] 8 0
[10, 10, 10, 10, 10, 10, 10, 10, 10] [410, 390, 370, 350, 330, 310, 290, 270, 250] [351, 463] 9 0
[10, 10, 10, 10, 10, 10, 10, 10, 10] [430, 410, 390, 370, 350, 330, 310, 290, 270] [351, 463] 9 0
[10, 10, 10, 10, 10, 10, 10, 10, 10] [450, 430, 410, 390, 370, 350, 330, 310, 290] [351, 463] 9 0
[10, 10, 10, 10, 10, 10, 10, 10, 10] [470, 450, 430, 410, 390, 370, 350, 330, 310] [351, 463] 9 0
[30, 10, 10, 10, 10, 10, 10, 10, 10] [470, 470, 450, 430, 410, 390, 370, 350, 330] [351, 463] 9 1
[50, 30, 10, 10, 10, 10, 10, 10, 10] [470, 470, 470, 450, 430, 410, 390, 370, 350] [351, 463] 9 1
[70, 50, 30, 10, 10, 10, 10, 10, 10] [470, 470, 470, 470, 450, 430, 410, 390, 370] [351, 463] 9 1
[90, 70, 50, 30, 10, 10, 10, 10, 10] [470, 470, 470, 470, 470, 450, 430, 410, 390] [351, 463] 9 1
[110, 90, 70, 50, 30, 10, 10, 10, 10] [470, 470, 470, 470, 470, 470, 450, 430, 410] [351, 463] 9 1
[130, 110, 90, 70, 50, 30, 10, 10, 10] [470, 470, 470, 470, 470, 470, 470, 450, 430] [351, 463] 9 1
[150, 130, 110, 90, 70, 50, 30, 10, 10] [470, 470, 470, 470, 470, 470, 470, 470, 450] [351, 463] 9 1
[170, 150, 130, 110, 90, 70, 50, 30, 10] [470, 470, 470, 470, 470, 470, 470, 470, 470] [351, 463] 9 1
[190, 170, 150, 130, 110, 90, 70, 50, 30] [470, 470, 470, 470, 470, 470, 470, 470, 470] [351, 463] 9 1
[210, 190, 170, 150, 130, 110, 90, 70, 50] [470, 470, 470, 470, 470, 470, 470, 470, 470] [351, 463] 9 1
[230, 210, 190, 170, 150, 130, 110, 90, 70] [470, 470, 470, 470, 470, 470, 470, 470, 470] [351, 463] 9 1
[250, 230, 210, 190, 170, 150, 130, 110, 90] [470, 470, 470, 470, 470, 470, 470, 470, 470] [351, 463] 9 1
[270, 250, 230, 210, 190, 170, 150, 130, 110] [470, 470, 470, 470, 470, 470, 470, 470, 470] [351, 463] 9 1
[290, 270, 250, 230, 210, 190, 170, 150, 130] [470, 470, 470, 470, 470, 470, 470, 470, 470] [351, 463] 9 1
[310, 290, 270, 250, 230, 210, 190, 170, 150] [470, 470, 470, 470, 470, 470, 470, 470, 470] [351, 463] 9 1
[330, 310, 290, 270, 250, 230, 210, 190, 170] [470, 470, 470, 470, 470, 470, 470, 470, 470] [351, 463] 9 1
[350, 330, 310, 290, 270, 250, 230, 210, 190] [470, 470, 470, 470, 470, 470, 470, 470, 470] [351, 463] 9 1
[370, 350, 330, 310, 290, 270, 250, 230, 210, 190] [470, 470, 470, 470, 470, 470, 470, 470, 470, 470] [369, 534] 10 1
[370, 370, 350, 330, 310, 290, 270, 250, 230, 210] [490, 470, 470, 470, 470, 470, 470, 470, 470, 470] [369, 534] 10 0
[370, 370, 370, 350, 330, 310, 290, 270, 250, 230] [510, 490, 470, 470, 470, 470, 470, 470, 470, 470] [369, 534] 10 0
[370, 370, 370, 370, 350, 330, 310, 290, 270, 250] [530, 510, 490, 470, 470, 470, 470, 470, 470, 470] [369, 534] 10 0
[350, 370, 370, 370, 370, 350, 330, 310, 290, 270, 250] [530, 530, 510, 490, 470, 470, 470, 470, 470, 470, 470] [378, 155] 11 3
[330, 350, 370, 370, 370, 370, 350, 330, 310, 290, 270] [530, 530, 530, 510, 490, 470, 470, 470, 470, 470, 470] [378, 155] 11 3
[310, 330, 350, 370, 370, 370, 370, 350, 330, 310, 290] [530, 530, 530, 530, 510, 490, 470, 470, 470, 470, 470] [378, 155] 11 3
[290, 310, 330, 350, 370, 370, 370, 370, 350, 330, 310] [530, 530, 530, 530, 530, 510, 490, 470, 470, 470, 470] [378, 155] 11 3
[290, 290, 310, 330, 350, 370, 370, 370, 370, 350, 330] [510, 530, 530, 530, 530, 530, 510, 490, 470, 470, 470] [378, 155] 11 2
[290, 290, 290, 310, 330, 350, 370, 370, 370, 370, 350] [490, 510, 530, 530, 530, 530, 530, 510, 490, 470, 470] [378, 155] 11 2
[290, 290, 290, 290, 310, 330, 350, 370, 370, 370, 370] [470, 490, 510, 530, 530, 530, 530, 530, 510, 490, 470] [378, 155] 11 2
[290, 290, 290, 290, 290, 310, 330, 350, 370, 370, 370] [450, 470, 490, 510, 530, 530, 530, 530, 530, 510, 490] [378, 155] 11 2
[290, 290, 290, 290, 290, 290, 310, 330, 350, 370, 370] [430, 450, 470, 490, 510, 530, 530, 530, 530, 530, 510] [378, 155] 11 2
[290, 290, 290, 290, 290, 290, 290, 310, 330, 350, 370] [410, 430, 450, 470, 490, 510, 530, 530, 530, 530, 530] [378, 155] 11 2
[290, 290, 290, 290, 290, 290, 290, 290, 310, 330, 350] [390, 410, 430, 450, 470, 490, 510, 530, 530, 530, 530] [378, 155] 11 2
[290, 290, 290, 290, 290, 290, 290, 290, 290, 310, 330] [370, 390, 410, 430, 450, 470, 490, 510, 530, 530, 530] [378, 155] 11 2
[290, 290, 290, 290, 290, 290, 290, 290, 290, 290, 310] [350, 370, 390, 410, 430, 450, 470, 490, 510, 530, 530] [378, 155] 11 2
[290, 290, 290, 290, 290, 290, 290, 290, 290, 290, 290] [330, 350, 370, 390, 410, 430, 450, 470, 490, 510, 530] [378, 155] 11 2
[290, 290, 290, 290, 290, 290, 290, 290, 290, 290, 290] [310, 330, 350, 370, 390, 410, 430, 450, 470, 490, 510] [378, 155] 11 2
[290, 290, 290, 290, 290, 290, 290, 290, 290, 290, 290] [290, 310, 330, 350, 370, 390, 410, 430, 450, 470, 490] [378, 155] 11 2
[290, 290, 290, 290, 290, 290, 290, 290, 290, 290, 290] [270, 290, 310, 330, 350, 370, 390, 410, 430, 450, 470] [378, 155] 11 2
[290, 290, 290, 290, 290, 290, 290, 290, 290, 290, 290] [250, 270, 290, 310, 330, 350, 370, 390, 410, 430, 450] [378, 155] 11 2
[290, 290, 290, 290, 290, 290, 290, 290, 290, 290, 290] [230, 250, 270, 290, 310, 330, 350, 370, 390, 410, 430] [378, 155] 11 2
[290, 290, 290, 290, 290, 290, 290, 290, 290, 290, 290] [210, 230, 250, 270, 290, 310, 330, 350, 370, 390, 410] [378, 155] 11 2
[290, 290, 290, 290, 290, 290, 290, 290, 290, 290, 290] [190, 210, 230, 250, 270, 290, 310, 330, 350, 370, 390] [378, 155] 11 2
[290, 290, 290, 290, 290, 290, 290, 290, 290, 290, 290] [170, 190, 210, 230, 250, 270, 290, 310, 330, 350, 370] [378, 155] 11 2
[290, 290, 290, 290, 290, 290, 290, 290, 290, 290, 290] [150, 170, 190, 210, 230, 250, 270, 290, 310, 330, 350] [378, 155] 11 2
[310, 290, 290, 290, 290, 290, 290, 290, 290, 290, 290] [150, 150, 170, 190, 210, 230, 250, 270, 290, 310, 330] [378, 155] 11 1
[330, 310, 290, 290, 290, 290, 290, 290, 290, 290, 290] [150, 150, 150, 170, 190, 210, 230, 250, 270, 290, 310] [378, 155] 11 1
[350, 330, 310, 290, 290, 290, 290, 290, 290, 290, 290] [150, 150, 150, 150, 170, 190, 210, 230, 250, 270, 290] [378, 155] 11 1
[370, 350, 330, 310, 290, 290, 290, 290, 290, 290, 290] [150, 150, 150, 150, 150, 170, 190, 210, 230, 250, 270] [378, 155] 11 1
[390, 370, 350, 330, 310, 290, 290, 290, 290, 290, 290, 290] [150, 150, 150, 150, 150, 150, 170, 190, 210, 230, 250, 270] [113, 82] 12 1
[390, 390, 370, 350, 330, 310, 290, 290, 290, 290, 290, 290] [130, 150, 150, 150, 150, 150, 150, 170, 190, 210, 230, 250] [113, 82] 12 2
[390, 390, 390, 370, 350, 330, 310, 290, 290, 290, 290, 290] [110, 130, 150, 150, 150, 150, 150, 150, 170, 190, 210, 230] [113, 82] 12 2
[390, 390, 390, 390, 370, 350, 330, 310, 290, 290, 290, 290] [90, 110, 130, 150, 150, 150, 150, 150, 150, 170, 190, 210] [113, 82] 12 2
[390, 390, 390, 390, 390, 370, 350, 330, 310, 290, 290, 290] [70, 90, 110, 130, 150, 150, 150, 150, 150, 150, 170, 190] [113, 82] 12 2
[370, 390, 390, 390, 390, 390, 370, 350, 330, 310, 290, 290] [70, 70, 90, 110, 130, 150, 150, 150, 150, 150, 150, 170] [113, 82] 12 3
[350, 370, 390, 390, 390, 390, 390, 370, 350, 330, 310, 290] [70, 70, 70, 90, 110, 130, 150, 150, 150, 150, 150, 150] [113, 82] 12 3
[330, 350, 370, 390, 390, 390, 390, 390, 370, 350, 330, 310] [70, 70, 70, 70, 90, 110, 130, 150, 150, 150, 150, 150] [113, 82] 12 3
[310, 330, 350, 370, 390, 390, 390, 390, 390, 370, 350, 330] [70, 70, 70, 70, 70, 90, 110, 130, 150, 150, 150, 150] [113, 82] 12 3
[290, 310, 330, 350, 370, 390, 390, 390, 390, 390, 370, 350] [70, 70, 70, 70, 70, 70, 90, 110, 130, 150, 150, 150] [113, 82] 12 3
[270, 290, 310, 330, 350, 370, 390, 390, 390, 390, 390, 370] [70, 70, 70, 70, 70, 70, 70, 90, 110, 130, 150, 150] [113, 82] 12 3
[250, 270, 290, 310, 330, 350, 370, 390, 390, 390, 390, 390] [70, 70, 70, 70, 70, 70, 70, 70, 90, 110, 130, 150] [113, 82] 12 3
[230, 250, 270, 290, 310, 330, 350, 370, 390, 390, 390, 390] [70, 70, 70, 70, 70, 70, 70, 70, 70, 90, 110, 130] [113, 82] 12 3
[210, 230, 250, 270, 290, 310, 330, 350, 370, 390, 390, 390] [70, 70, 70, 70, 70, 70, 70, 70, 70, 70, 90, 110] [113, 82] 12 3
[190, 210, 230, 250, 270, 290, 310, 330, 350, 370, 390, 390] [70, 70, 70, 70, 70, 70, 70, 70, 70, 70, 70, 90] [113, 82] 12 3
[170, 190, 210, 230, 250, 270, 290, 310, 330, 350, 370, 390] [70, 70, 70, 70, 70, 70, 70, 70, 70, 70, 70, 70] [113, 82] 12 3
[150, 170, 190, 210, 230, 250, 270, 290, 310, 330, 350, 370] [70, 70, 70, 70, 70, 70, 70, 70, 70, 70, 70, 70] [113, 82] 12 3
[130, 150, 170, 190, 210, 230, 250, 270, 290, 310, 330, 350] [70, 70, 70, 70, 70, 70, 70, 70, 70, 70, 70, 70] [113, 82] 12 3
[110, 130, 150, 170, 190, 210, 230, 250, 270, 290, 310, 330] [70, 70, 70, 70, 70, 70, 70, 70, 70, 70, 70, 70] [113, 82] 12 3
[110, 110, 130, 150, 170, 190, 210, 230, 250, 270, 290, 310, 330] [90, 70, 70, 70, 70, 70, 70, 70, 70, 70, 70, 70, 70] [415, 384] 13 0
[110, 110, 110, 130, 150, 170, 190, 210, 230, 250, 270, 290, 310] [110, 90, 70, 70, 70, 70, 70, 70, 70, 70, 70, 70, 70] [415, 384] 13 0
[110, 110, 110, 110, 130, 150, 170, 190, 210, 230, 250, 270, 290] [130, 110, 90, 70, 70, 70, 70, 70, 70, 70, 70, 70, 70] [415, 384] 13 0
[110, 110, 110, 110, 110, 130, 150, 170, 190, 210, 230, 250, 270] [150, 130, 110, 90, 70, 70, 70, 70, 70, 70, 70, 70, 70] [415, 384] 13 0
[110, 110, 110, 110, 110, 110, 130, 150, 170, 190, 210, 230, 250] [170, 150, 130, 110, 90, 70, 70, 70, 70, 70, 70, 70, 70] [415, 384] 13 0
[110, 110, 110, 110, 110, 110, 110, 130, 150, 170, 190, 210, 230] [190, 170, 150, 130, 110, 90, 70, 70, 70, 70, 70, 70, 70] [415, 384] 13 0
[110, 110, 110, 110, 110, 110, 110, 110, 130, 150, 170, 190, 210] [210, 190, 170, 150, 130, 110, 90, 70, 70, 70, 70, 70, 70] [415, 384] 13 0
[110, 110, 110, 110, 110, 110, 110, 110, 110, 130, 150, 170, 190] [230, 210, 190, 170, 150, 130, 110, 90, 70, 70, 70, 70, 70] [415, 384] 13 0
[110, 110, 110, 110, 110, 110, 110, 110, 110, 110, 130, 150, 170] [250, 230, 210, 190, 170, 150, 130, 110, 90, 70, 70, 70, 70] [415, 384] 13 0
[110, 110, 110, 110, 110, 110, 110, 110, 110, 110, 110, 130, 150] [270, 250, 230, 210, 190, 170, 150, 130, 110, 90, 70, 70, 70] [415, 384] 13 0
[110, 110, 110, 110, 110, 110, 110, 110, 110, 110, 110, 110, 130] [290, 270, 250, 230, 210, 190, 170, 150, 130, 110, 90, 70, 70] [415, 384] 13 0
[110, 110, 110, 110, 110, 110, 110, 110, 110, 110, 110, 110, 110] [310, 290, 270, 250, 230, 210, 190, 170, 150, 130, 110, 90, 70] [415, 384] 13 0
[110, 110, 110, 110, 110, 110, 110, 110, 110, 110, 110, 110, 110] [330, 310, 290, 270, 250, 230, 210, 190, 170, 150, 130, 110, 90] [415, 384] 13 0
[110, 110, 110, 110, 110, 110, 110, 110, 110, 110, 110, 110, 110] [350, 330, 310, 290, 270, 250, 230, 210, 190, 170, 150, 130, 110] [415, 384] 13 0
[110, 110, 110, 110, 110, 110, 110, 110, 110, 110, 110, 110, 110] [370, 350, 330, 310, 290, 270, 250, 230, 210, 190, 170, 150, 130] [415, 384] 13 0
[110, 110, 110, 110, 110, 110, 110, 110, 110, 110, 110, 110, 110] [390, 370, 350, 330, 310, 290, 270, 250, 230, 210, 190, 170, 150] [415, 384] 13 0
[130, 110, 110, 110, 110, 110, 110, 110, 110, 110, 110, 110, 110] [390, 390, 370, 350, 330, 310, 290, 270, 250, 230, 210, 190, 170] [415, 384] 13 1
[150, 130, 110, 110, 110, 110, 110, 110, 110, 110, 110, 110, 110] [390, 390, 390, 370, 350, 330, 310, 290, 270, 250, 230, 210, 190] [415, 384] 13 1
[170, 150, 130, 110, 110, 110, 110, 110, 110, 110, 110, 110, 110] [390, 390, 390, 390, 370, 350, 330, 310, 290, 270, 250, 230, 210] [415, 384] 13 1
[190, 170, 150, 130, 110, 110, 110, 110, 110, 110, 110, 110, 110] [390, 390, 390, 390, 390, 370, 350, 330, 310, 290, 270, 250, 230] [415, 384] 13 1
[210, 190, 170, 150, 130, 110, 110, 110, 110, 110, 110, 110, 110] [390, 390, 390, 390, 390, 390, 370, 350, 330, 310, 290, 270, 250] [415, 384] 13 1
[230, 210, 190, 170, 150, 130, 110, 110, 110, 110, 110, 110, 110] [390, 390, 390, 390, 390, 390, 390, 370, 350, 330, 310, 290, 270] [415, 384] 13 1
[250, 230, 210, 190, 170, 150, 130, 110, 110, 110, 110, 110, 110] [390, 390, 390, 390, 390, 390, 390, 390, 370, 350, 330, 310, 290] [415, 384] 13 1
[270, 250, 230, 210, 190, 170, 150, 130, 110, 110, 110, 110, 110] [390, 390, 390, 390, 390, 390, 390, 390, 390, 370, 350, 330, 310] [415, 384] 13 1
[290, 270, 250, 230, 210, 190, 170, 150, 130, 110, 110, 110, 110] [390, 390, 390, 390, 390, 390, 390, 390, 390, 390, 370, 350, 330] [415, 384] 13 1
[310, 290, 270, 250, 230, 210, 190, 170, 150, 130, 110, 110, 110] [390, 390, 390, 390, 390, 390, 390, 390, 390, 390, 390, 370, 350] [415, 384] 13 1
[330, 310, 290, 270, 250, 230, 210, 190, 170, 150, 130, 110, 110] [390, 390, 390, 390, 390, 390, 390, 390, 390, 390, 390, 390, 370] [415, 384] 13 1
[350, 330, 310, 290, 270, 250, 230, 210, 190, 170, 150, 130, 110] [390, 390, 390, 390, 390, 390, 390, 390, 390, 390, 390, 390, 390] [415, 384] 13 1
[370, 350, 330, 310, 290, 270, 250, 230, 210, 190, 170, 150, 130] [390, 390, 390, 390, 390, 390, 390, 390, 390, 390, 390, 390, 390] [415, 384] 13 1
[390, 370, 350, 330, 310, 290, 270, 250, 230, 210, 190, 170, 150] [390, 390, 390, 390, 390, 390, 390, 390, 390, 390, 390, 390, 390] [415, 384] 13 1
[410, 390, 370, 350, 330, 310, 290, 270, 250, 230, 210, 190, 170] [390, 390, 390, 390, 390, 390, 390, 390, 390, 390, 390, 390, 390] [415, 384] 13 1
[430, 410, 390, 370, 350, 330, 310, 290, 270, 250, 230, 210, 190, 170] [390, 390, 390, 390, 390, 390, 390, 390, 390, 390, 390, 390, 390, 390] [258, 245] 14 1
[450, 430, 410, 390, 370, 350, 330, 310, 290, 270, 250, 230, 210, 190] [390, 390, 390, 390, 390, 390, 390, 390, 390, 390, 390, 390, 390, 390] [258, 245] 14 1
[450, 450, 430, 410, 390, 370, 350, 330, 310, 290, 270, 250, 230, 210] [370, 390, 390, 390, 390, 390, 390, 390, 390, 390, 390, 390, 390, 390] [258, 245] 14 2
[450, 450, 450, 430, 410, 390, 370, 350, 330, 310, 290, 270, 250, 230] [350, 370, 390, 390, 390, 390, 390, 390, 390, 390, 390, 390, 390, 390] [258, 245] 14 2
[450, 450, 450, 450, 430, 410, 390, 370, 350, 330, 310, 290, 270, 250] [330, 350, 370, 390, 390, 390, 390, 390, 390, 390, 390, 390, 390, 390] [258, 245] 14 2
[450, 450, 450, 450, 450, 430, 410, 390, 370, 350, 330, 310, 290, 270] [310, 330, 350, 370, 390, 390, 390, 390, 390, 390, 390, 390, 390, 390] [258, 245] 14 2
[450, 450, 450, 450, 450, 450, 430, 410, 390, 370, 350, 330, 310, 290] [290, 310, 330, 350, 370, 390, 390, 390, 390, 390, 390, 390, 390, 390] [258, 245] 14 2
[450, 450, 450, 450, 450, 450, 450, 430, 410, 390, 370, 350, 330, 310] [270, 290, 310, 330, 350, 370, 390, 390, 390, 390, 390, 390, 390, 390] [258, 245] 14 2
[450, 450, 450, 450, 450, 450, 450, 450, 430, 410, 390, 370, 350, 330] [250, 270, 290, 310, 330, 350, 370, 390, 390, 390, 390, 390, 390, 390] [258, 245] 14 2
[450, 450, 450, 450, 450, 450, 450, 450, 450, 430, 410, 390, 370, 350] [230, 250, 270, 290, 310, 330, 350, 370, 390, 390, 390, 390, 390, 390] [258, 245] 14 2
[430, 450, 450, 450, 450, 450, 450, 450, 450, 450, 430, 410, 390, 370] [230, 230, 250, 270, 290, 310, 330, 350, 370, 390, 390, 390, 390, 390] [258, 245] 14 3
[410, 430, 450, 450, 450, 450, 450, 450, 450, 450, 450, 430, 410, 390] [230, 230, 230, 250, 270, 290, 310, 330, 350, 370, 390, 390, 390, 390] [258, 245] 14 3
[390, 410, 430, 450, 450, 450, 450, 450, 450, 450, 450, 450, 430, 410] [230, 230, 230, 230, 250, 270, 290, 310, 330, 350, 370, 390, 390, 390] [258, 245] 14 3
[370, 390, 410, 430, 450, 450, 450, 450, 450, 450, 450, 450, 450, 430] [230, 230, 230, 230, 230, 250, 270, 290, 310, 330, 350, 370, 390, 390] [258, 245] 14 3
[350, 370, 390, 410, 430, 450, 450, 450, 450, 450, 450, 450, 450, 450] [230, 230, 230, 230, 230, 230, 250, 270, 290, 310, 330, 350, 370, 390] [258, 245] 14 3
[330, 350, 370, 390, 410, 430, 450, 450, 450, 450, 450, 450, 450, 450] [230, 230, 230, 230, 230, 230, 230, 250, 270, 290, 310, 330, 350, 370] [258, 245] 14 3
[310, 330, 350, 370, 390, 410, 430, 450, 450, 450, 450, 450, 450, 450] [230, 230, 230, 230, 230, 230, 230, 230, 250, 270, 290, 310, 330, 350] [258, 245] 14 3
[290, 310, 330, 350, 370, 390, 410, 430, 450, 450, 450, 450, 450, 450] [230, 230, 230, 230, 230, 230, 230, 230, 230, 250, 270, 290, 310, 330] [258, 245] 14 3
[270, 290, 310, 330, 350, 370, 390, 410, 430, 450, 450, 450, 450, 450] [230, 230, 230, 230, 230, 230, 230, 230, 230, 230, 250, 270, 290, 310] [258, 245] 14 3
[250, 270, 290, 310, 330, 350, 370, 390, 410, 430, 450, 450, 450, 450] [230, 230, 230, 230, 230, 230, 230, 230, 230, 230, 230, 250, 270, 290] [258, 245] 14 3
[230, 250, 270, 290, 310, 330, 350, 370, 390, 410, 430, 450, 450, 450, 450] [230, 230, 230, 230, 230, 230, 230, 230, 230, 230, 230, 230, 250, 270, 290] [228, 431] 15 3
[210, 230, 250, 270, 290, 310, 330, 350, 370, 390, 410, 430, 450, 450, 450] [230, 230, 230, 230, 230, 230, 230, 230, 230, 230, 230, 230, 230, 250, 270] [228, 431] 15 3
[210, 210, 230, 250, 270, 290, 310, 330, 350, 370, 390, 410, 430, 450, 450] [250, 230, 230, 230, 230, 230, 230, 230, 230, 230, 230, 230, 230, 230, 250] [228, 431] 15 0
[210, 210, 210, 230, 250, 270, 290, 310, 330, 350, 370, 390, 410, 430, 450] [270, 250, 230, 230, 230, 230, 230, 230, 230, 230, 230, 230, 230, 230, 230] [228, 431] 15 0
[210, 210, 210, 210, 230, 250, 270, 290, 310, 330, 350, 370, 390, 410, 430] [290, 270, 250, 230, 230, 230, 230, 230, 230, 230, 230, 230, 230, 230, 230] [228, 431] 15 0
[210, 210, 210, 210, 210, 230, 250, 270, 290, 310, 330, 350, 370, 390, 410] [310, 290, 270, 250, 230, 230, 230, 230, 230, 230, 230, 230, 230, 230, 230] [228, 431] 15 0
[210, 210, 210, 210, 210, 210, 230, 250, 270, 290, 310, 330, 350, 370, 390] [330, 310, 290, 270, 250, 230, 230, 230, 230, 230, 230, 230, 230, 230, 230] [228, 431] 15 0
[210, 210, 210, 210, 210, 210, 210, 230, 250, 270, 290, 310, 330, 350, 370] [350, 330, 310, 290, 270, 250, 230, 230, 230, 230, 230, 230, 230, 230, 230] [228, 431] 15 0
[210, 210, 210, 210, 210, 210, 210, 210, 230, 250, 270, 290, 310, 330, 350] [370, 350, 330, 310, 290, 270, 250, 230, 230, 230, 230, 230, 230, 230, 230] [228, 431] 15 0
[210, 210, 210, 210, 210, 210, 210, 210, 210, 230, 250, 270, 290, 310, 330] [390, 370, 350, 330, 310, 290, 270, 250, 230, 230, 230, 230, 230, 230, 230] [228, 431] 15 0
[210, 210, 210, 210, 210, 210, 210, 210, 210, 210, 230, 250, 270, 290, 310] [410, 390, 370, 350, 330, 310, 290, 270, 250, 230, 230, 230, 230, 230, 230] [228, 431] 15 0
[210, 210, 210, 210, 210, 210, 210, 210, 210, 210, 210, 230, 250, 270, 290] [430, 410, 390, 370, 350, 330, 310, 290, 270, 250, 230, 230, 230, 230, 230] [228, 431] 15 0
