[290, 290, 290, 290, 290] [290, 270, 250, 230, 210] [296, 392] 5 0
[290, 290, 290, 290, 290] [310, 290, 270, 250, 230] [296, 392] 5 0
[290, 290, 290, 290, 290] [330, 310, 290, 270, 250] [296, 392] 5 0
[290, 290, 290, 290, 290] [350, 330, 310, 290, 270] [296, 392] 5 0
[290, 290, 290, 290, 290] [370, 350, 330, 310, 290] [296, 392] 5 0
[290, 290, 290, 290, 290] [390, 370, 350, 330, 310] [296, 392] 5 0
[290, 290, 290, 290, 290, 290] [410, 390, 370, 350, 330, 310] [33, 470] 6 0
[290, 290, 290, 290, 290, 290] [430, 410, 390, 370, 350, 330] [33, 470] 6 0
[290, 290, 290, 290, 290, 290] [450, 430, 410, 390, 370, 350] [33, 470] 6 0
[290, 290, 290, 290, 290, 290] [470, 450, 430, 410, 390, 370] [33, 470] 6 0
[270, 290, 290, 290, 290, 290] [470, 470, 450, 430, 410, 390] [33, 470] 6 3
[250, 270, 290, 290, 290, 290] [470, 470, 470, 450, 430, 410] [33, 470] 6 3
[230, 250, 270, 290, 290, 290] [470, 470, 470, 470, 450, 430] [33, 470] 6 3
[210, 230, 250, 270, 290, 290] [470, 470, 470, 470, 470, 450] [33, 470] 6 3
[190, 210, 230, 250, 270, 290] [470, 470, 470, 470, 470, 470] [33, 470] 6 3
[170, 190, 210, 230, 250, 270] [470, 470, 470, 470, 470, 470] [33, 470] 6 3
[150, 170, 190, 210, 230, 250] [470, 470, 470, 470, 470, 470] [33, 470] 6 3
[130, 150, 170, 190, 210, 230] [470, 470, 470, 470, 470, 470] [33, 470] 6 3
[110, 130, 150, 170, 190, 210] [470, 470, 470, 470, 470, 470] [33, 470] 6 3
[90, 110, 130, 150, 170, 190] [470, 470, 470, 470, 470, 470] [33, 470] 6 3
[70, 90, 110, 130, 150, 170] [470, 470, 470, 470, 470, 470] [33, 470] 6 3
[50, 70, 90, 110, 130, 150] [470, 470, 470, 470, 470, 470] [33, 470] 6 3
[30, 50, 70, 90, 110, 130] [470, 470, 470, 470, 470, 470] [33, 470] 6 3
[30, 30, 50, 70, 90, 110, 130] [450, 470, 470, 470, 470, 470, 470] [8, 518] 7 2
[10, 30, 30, 50, 70, 90, 110] [450, 450, 470, 470, 470, 470, 470] [8, 518] 7 3
[10, 10, 30, 30, 50, 70, 90] [470, 450, 450, 470, 470, 470, 470] [8, 518] 7 0
[10, 10, 10, 30, 30, 50, 70] [490, 470, 450, 450, 470, 470, 470] [8, 518] 7 0
[10, 10, 10, 10, 30, 30, 50] [510, 490, 470, 450, 450, 470, 470] [8, 518] 7 0
[10, 10, 10, 10, 10, 30, 30, 50] [530, 510, 490, 470, 450, 450, 470, 470] [400, 83] 8 0
[30, 10, 10, 10, 10, 10, 30, 30] [530, 530, 510, 490, 470, 450, 450, 470] [400, 83] 8 1
[50, 30, 10, 10, 10, 10, 10, 30] [530, 530, 530, 510, 490, 470, 450, 450] [400, 83] 8 1
[70, 50, 30, 10, 10, 10, 10, 10] [530, 530, 530, 530, 510, 490, 470, 450] [400, 83] 8 1
[90, 70, 50, 30, 10, 10, 10, 10] [530, 530, 530, 530, 530, 510, 490, 470] [400, 83] 8 1
[110, 90, 70, 50, 30, 10, 10, 10] [530, 530, 530, 530, 530, 530, 510, 490] [400, 83] 8 1
[130, 110, 90, 70, 50, 30, 10, 10] [530, 530, 530, 530, 530, 530, 530, 510] [400, 83] 8 1
[150, 130, 110, 90, 70, 50, 30, 10] [530, 530, 530, 530, 530, 530, 530, 530] [400, 83] 8 1
[170, 150, 130, 110, 90, 70, 50, 30] [530, 530, 530, 530, 530, 530, 530, 530] [400, 83] 8 1
[190, 170, 150, 130, 110, 90, 70, 50] [530, 530, 530, 530, 530, 530, 530, 530] [400, 83] 8 1
[210, 190, 170, 150, 130, 110, 90, 70] [530, 530, 530, 530, 530, 530, 530, 530] [400, 83] 8 1
[230, 210, 190, 170, 150, 130, 110, 90] [530, 530, 530, 530, 530, 530, 530, 530] [400, 83] 8 1
[250, 230, 210, 190, 170, 150, 130, 110] [530, 530, 530, 530, 530, 530, 530, 530] [400, 83] 8 1
[270, 250, 230, 210, 190, 170, 150, 130] [530, 530, 530, 530, 530, 530, 530, 530] [400, 83] 8 1
[290, 270, 250, 230, 210, 190, 170, 150] [530, 530, 530, 530, 530, 530, 530, 530] [400, 83] 8 1
[310, 290, 270, 250, 230, 210, 190, 170] [530, 530, 530, 530, 530, 530, 530, 530] [400, 83] 8 1
[330, 310, 290, 270, 250, 230, 210, 190] [530, 530, 530, 530, 530, 530, 530, 530] [400, 83] 8 1
[350, 330, 310, 290, 270, 250, 230, 210] [530, 530, 530, 530, 530, 530, 530, 530] [400, 83] 8 1
[370, 350, 330, 310, 290, 270, 250, 230] [530, 530, 530, 530, 530, 530, 530, 530] [400, 83] 8 1
[390, 370, 350, 330, 310, 290, 270, 250] [530, 530, 530, 530, 530, 530, 530, 530] [400, 83] 8 1
[410, 390, 370, 350, 330, 310, 290, 270] [530, 530, 530, 530, 530, 530, 530, 530] [400, 83] 8 1
[410, 410, 390, 370, 350, 330, 310, 290] [510, 530, 530, 530, 530, 530, 530, 530] [400, 83] 8 2
[410, 410, 410, 390, 370, 350, 330, 310] [490, 510, 530, 530, 530, 530, 530, 530] [400, 83] 8 2
[410, 410, 410, 410, 390, 370, 350, 330] [470, 490, 510, 530, 530, 530, 530, 530] [400, 83] 8 2
[410, 410, 410, 410, 410, 390, 370, 350] [450, 470, 490, 510, 530, 530, 530, 530] [400, 83] 8 2
[410, 410, 410, 410, 410, 410, 390, 370] [430, 450, 470, 490, 510, 530, 530, 530] [400, 83] 8 2
[410, 410, 410, 410, 410, 410, 410, 390] [410, 430, 450, 470, 490, 510, 530, 530] [400, 83] 8 2
[410, 410, 410, 410, 410, 410, 410, 410] [390, 410, 430, 450, 470, 490, 510, 530] [400, 83] 8 2
[410, 410, 410, 410, 410, 410, 410, 410] [370, 390, 410, 430, 450, 470, 490, 510] [400, 83] 8 2
[410, 410, 410, 410, 410, 410, 410, 410] [350, 370, 390, 410, 430, 450, 470, 490] [400, 83] 8 2
[410, 410, 410, 410, 410, 410, 410, 410] [330, 350, 370, 390, 410, 430, 450, 470] [400, 83] 8 2
[410, 410, 410, 410, 410, 410, 410, 410] [310, 330, 350, 370, 390, 410, 430, 450] [400, 83] 8 2
[410, 410, 410, 410, 410, 410, 410, 410] [290, 310, 330, 350, 370, 390, 410, 430] [400, 83] 8 2
[410, 410, 410, 410, 410, 410, 410, 410] [270, 290, 310, 330, 350, 370, 390, 410] [400, 83] 8 2
[410, 410, 410, 410, 410, 410, 410, 410] [250, 270, 290, 310, 330, 350, 370, 390] [400, 83] 8 2
[410, 410, 410, 410, 410, 410, 410, 410] [230, 250, 270, 290, 310, 330, 350, 370] [400, 83] 8 2
[410, 410, 410, 410, 410, 410, 410, 410] [210, 230, 250, 270, 290, 310, 330, 350] [400, 83] 8 2
[410, 410, 410, 410, 410, 410, 410, 410] [190, 210, 230, 250, 270, 290, 310, 330] [400, 83] 8 2
[410, 410, 410, 410, 410, 410, 410, 410] [170, 190, 210, 230, 250, 270, 290, 310] [400, 83] 8 2
[410, 410, 410, 410, 410, 410, 410, 410] [150, 170, 190, 210, 230, 250, 270, 290] [400, 83] 8 2
[410, 410, 410, 410, 410, 410, 410, 410] [130, 150, 170, 190, 210, 230, 250, 270] [400, 83] 8 2
[410, 410, 410, 410, 410, 410, 410, 410] [110, 130, 150, 170, 190, 210, 230, 250] [400, 83] 8 2
[410, 410, 410, 410, 410, 410, 410, 410] [90, 110, 130, 150, 170, 190, 210, 230] [400, 83] 8 2
[410, 410, 410, 410, 410, 410, 410, 410] [70, 90, 110, 130, 150, 170, 190, 210] [400, 83] 8 2
[390, 410, 410, 410, 410, 410, 410, 410] [70, 70, 90, 110, 130, 150, 170, 190] [400, 83] 8 3
[370, 390, 410, 410, 410, 410, 410, 410, 410] [70, 70, 70, 90, 110, 130, 150, 170, 190] [432, 263] 9 3
[350, 370, 390, 410, 410, 410, 410, 410, 410] [70, 70, 70, 70, 90, 110, 130, 150, 170] [432, 263] 9 3
[350, 350, 370, 390, 410, 410, 410, 410, 410] [90, 70, 70, 70, 70, 90, 110, 130, 150] [432, 263] 9 0
[350, 350, 350, 370, 390, 410, 410, 410, 410] [110, 90, 70, 70, 70, 70, 90, 110, 130] [432, 263] 9 0
[350, 350, 350, 350, 370, 390, 410, 410, 410] [130, 110, 90, 70, 70, 70, 70, 90, 110] [432, 263] 9 0
[350, 350, 350, 350, 350, 370, 390, 410, 410] [150, 130, 110, 90, 70, 70, 70, 70, 90] [432, 263] 9 0
[350, 350, 350, 350, 350, 350, 370, 390, 410] [170, 150, 130, 110, 90, 70, 70, 70, 70] [432, 263] 9 0
[350, 350, 350, 350, 350, 350, 350, 370, 390] [190, 170, 150, 130, 110, 90, 70, 70, 70] [432, 263] 9 0
[350, 350, 350, 350, 350, 350, 350, 350, 370] [210, 190, 170, 150, 130, 110, 90, 70, 70] [432, 263] 9 0
[350, 350, 350, 350, 350, 350, 350, 350, 350] [230, 210, 190, 170, 150, 130, 110, 90, 70] [432, 263] 9 0
[350, 350, 350, 350, 350, 350, 350, 350, 350] [250, 230, 210, 190, 170, 150, 130, 110, 90] [432, 263] 9 0
[370, 350, 350, 350, 350, 350, 350, 350, 350] [250, 250, 230, 210, 190, 170, 150, 130, 110] [432, 263] 9 1
[390, 370, 350, 350, 350, 350, 350, 350, 350] [250, 250, 250, 230, 210, 190, 170, 150, 130] [432, 263] 9 1
[410, 390, 370, 350, 350, 350, 350, 350, 350] [250, 250, 250, 250, 230, 210, 190, 170, 150] [432, 263] 9 1
[430, 410, 390, 370, 350, 350, 350, 350, 350] [250, 250, 250, 250, 250, 230, 210, 190, 170] [432, 263] 9 1
[450, 430, 410, 390, 370, 350, 350, 350, 350, 350] [250, 250, 250, 250, 250, 250, 230, 210, 190, 170] [114, 439] 10 1
[450, 450, 430, 410, 390, 370, 350, 350, 350, 350] [270, 250, 250, 250, 250, 250, 250, 230, 210, 190] [114, 439] 10 0
[450, 450, 450, 430, 410, 390, 370, 350, 350, 350] [290, 270, 250, 250, 250, 250, 250, 250, 230, 210] [114, 439] 10 0
[450, 450, 450, 450, 430, 410, 390, 370, 350, 350] [310, 290, 270, 250, 250, 250, 250, 250, 250, 230] [114, 439] 10 0
[450, 450, 450, 450, 450, 430, 410, 390, 370, 350] [330, 310, 290, 270, 250, 250, 250, 250, 250, 250] [114, 439] 10 0
[450, 450, 450, 450, 450, 450, 430, 410, 390, 370] [350, 330, 310, 290, 270, 250, 250, 250, 250, 250] [114, 439] 10 0
[450, 450, 450, 450, 450, 450, 450, 430, 410, 390] [370, 350, 330, 310, 290, 270, 250, 250, 250, 250] [114, 439] 10 0
[450, 450, 450, 450, 450, 450, 450, 450, 430, 410] [390, 370, 350, 330, 310, 290, 270, 250, 250, 250] [114, 439] 10 0
[450, 450, 450, 450, 450, 450, 450, 450, 450, 430] [410, 390, 370, 350, 330, 310, 290, 270, 250, 250] [114, 439] 10 0
[450, 450, 450, 450, 450, 450, 450, 450, 450, 450] [430, 410, 390, 370, 350, 330, 310, 290, 270, 250] [114, 439] 10 0
[430, 450, 450, 450, 450, 450, 450, 450, 450, 450] [430, 430, 410, 390, 370, 350, 330, 310, 290, 270] [114, 439] 10 3
[410, 430, 450, 450, 450, 450, 450, 450, 450, 450] [430, 430, 430, 410, 390, 370, 350, 330, 310, 290] [114, 439] 10 3
[390, 410, 430, 450, 450, 450, 450, 450, 450, 450] [430, 430, 430, 430, 410, 390, 370, 350, 330, 310] [114, 439] 10 3
[370, 390, 410, 430, 450, 450, 450, 450, 450, 450] [430, 430, 430, 430, 430, 410, 390, 370, 350, 330] [114, 439] 10 3
[350, 370, 390, 410, 430, 450, 450, 450, 450, 450] [430, 430, 430, 430, 430, 430, 410, 390, 370, 350] [114, 439] 10 3
[330, 350, 370, 390, 410, 430, 450, 450, 450, 450] [430, 430, 430, 430, 430, 430, 430, 410, 390, 370] [114, 439] 10 3
[310, 330, 350, 370, 390, 410, 430, 450, 450, 450] [430, 430, 430, 430, 430, 430, 430, 430, 410, 390] [114, 439] 10 3
[290, 310, 330, 350, 370, 390, 410, 430, 450, 450] [430, 430, 430, 430, 430, 430, 430, 430, 430, 410] [114, 439] 10 3
[270, 290, 310, 330, 350, 370, 390, 410, 430, 450] [430, 430, 430, 430, 430, 430, 430, 430, 430, 430] [114, 439] 10 3
[250, 270, 290, 310, 330, 350, 370, 390, 410, 430] [430, 430, 430, 430, 430, 430, 430, 430, 430, 430] [114, 439] 10 3
[230, 250, 270, 290, 310, 330, 350, 370, 390, 410] [430, 430, 430, 430, 430, 430, 430, 430, 430, 430] [114, 439] 10 3
[210, 230, 250, 270, 290, 310, 330, 350, 370, 390] [430, 430, 430, 430, 430, 430, 430, 430, 430, 430] [114, 439] 10 3
[190, 210, 230, 250, 270, 290, 310, 330, 350, 370] [430, 430, 430, 430, 430, 430, 430, 430, 430, 430] [114, 439] 10 3
[170, 190, 210, 230, 250, 270, 290, 310, 330, 350] [430, 430, 430, 430, 430, 430, 430, 430, 430, 430] [114, 439] 10 3
[150, 170, 190, 210, 230, 250, 270, 290, 310, 330] [430, 430, 430, 430, 430, 430, 430, 430, 430, 430] [114, 439] 10 3
[130, 150, 170, 190, 210, 230, 250, 270, 290, 310] [430, 430, 430, 430, 430, 430, 430, 430, 430, 430] [114, 439] 10 3
[110, 130, 150, 170, 190, 210, 230, 250, 270, 290] [430, 430, 430, 430, 430, 430, 430, 430, 430, 430] [114, 439] 10 3
[90, 110, 130, 150, 170, 190, 210, 230, 250, 270, 290] [430, 430, 430, 430, 430, 430, 430, 430, 430, 430, 430] [168, 41] 11 3
[90, 90, 110, 130, 150, 170, 190, 210, 230, 250, 270] [410, 430, 430, 430, 430, 430, 430, 430, 430, 430, 430] [168, 41] 11 2
[90, 90, 90, 110, 130, 150, 170, 190, 210, 230, 250] [390, 410, 430, 430, 430, 430, 430, 430, 430, 430, 430] [168, 41] 11 2
[90, 90, 90, 90, 110, 130, 150, 170, 190, 210, 230] [370, 390, 410, 430, 430, 430, 430, 430, 430, 430, 430] [168, 41] 11 2
[90, 90, 90, 90, 90, 110, 130, 150, 170, 190, 210] [350, 370, 390, 410, 430, 430, 430, 430, 430, 430, 430] [168, 41] 11 2
[90, 90, 90, 90, 90, 90, 110, 130, 150, 170, 190] [330, 350, 370, 390, 410, 430, 430, 430, 430, 430, 430] [168, 41] 11 2
[90, 90, 90, 90, 90, 90, 90, 110, 130, 150, 170] [310, 330, 350, 370, 390, 410, 430, 430, 430, 430, 430] [168, 41] 11 2
[90, 90, 90, 90, 90, 90, 90, 90, 110, 130, 150] [290, 310, 330, 350, 370, 390, 410, 430, 430, 430, 430] [168, 41] 11 2
[90, 90, 90, 90, 90, 90, 90, 90, 90, 110, 130] [270, 290, 310, 330, 350, 370, 390, 410, 430, 430, 430] [168, 41] 11 2
[90, 90, 90, 90, 90, 90, 90, 90, 90, 90, 110] [250, 270, 290, 310, 330, 350, 370, 390, 410, 430, 430] [168, 41] 11 2
[90, 90, 90, 90, 90, 90, 90, 90, 90, 90, 90] [230, 250, 270, 290, 310, 330, 350, 370, 390, 410, 430] [168, 41] 11 2
[90, 90, 90, 90, 90, 90, 90, 90, 90, 90, 90] [210, 230, 250, 270, 290, 310, 330, 350, 370, 390, 410] [168, 41] 11 2
[90, 90, 90, 90, 90, 90, 90, 90, 90, 90, 90] [190, 210, 230, 250, 270, 290, 310, 330, 350, 370, 390] [168, 41] 11 2
[90, 90, 90, 90, 90, 90, 90, 90, 90, 90, 90] [170, 190, 210, 230, 250, 270, 290, 310, 330, 350, 370] [168, 41] 11 2
[90, 90, 90, 90, 90, 90, 90, 90, 90, 90, 90] [150, 170, 190, 210, 230, 250, 270, 290, 310, 330, 350] [168, 41] 11 2
[90, 90, 90, 90, 90, 90, 90, 90, 90, 90, 90] [130, 150, 170, 190, 210, 230, 250, 270, 290, 310, 330] [168, 41] 11 2
[90, 90, 90, 90, 90, 90, 90, 90, 90, 90, 90] [110, 130, 150, 170, 190, 210, 230, 250, 270, 290, 310] [168, 41] 11 2
[90, 90, 90, 90, 90, 90, 90, 90, 90, 90, 90] [90, 110, 130, 150, 170, 190, 210, 230, 250, 270, 290] [168, 41] 11 2
[90, 90, 90, 90, 90, 90, 90, 90, 90, 90, 90] [70, 90, 110, 130, 150, 170, 190, 210, 230, 250, 270] [168, 41] 11 2
[90, 90, 90, 90, 90, 90, 90, 90, 90, 90, 90] [50, 70, 90, 110, 130, 150, 170, 190, 210, 230, 250] [168, 41] 11 2
[90, 90, 90, 90, 90, 90, 90, 90, 90, 90, 90] [30, 50, 70, 90, 110, 130, 150, 170, 190, 210, 230] [168, 41] 11 2
[110, 90, 90, 90, 90, 90, 90, 90, 90, 90, 90] [30, 30, 50, 70, 90, 110, 130, 150, 170, 190, 210] [168, 41] 11 1
[130, 110, 90, 90, 90, 90, 90, 90, 90, 90, 90] [30, 30, 30, 50, 70, 90, 110, 130, 150, 170, 190] [168, 41] 11 1
[150, 130, 110, 90, 90, 90, 90, 90, 90, 90, 90] [30, 30, 30, 30, 50, 70, 90, 110, 130, 150, 170] [168, 41] 11 1
[170, 150, 130, 110, 90, 90, 90, 90, 90, 90, 90, 90] [30, 30, 30, 30, 30, 50, 70, 90, 110, 130, 150, 170] [149, 179] 12 1
[190, 170, 150, 130, 110, 90, 90, 90, 90, 90, 90, 90] [30, 30, 30, 30, 30, 30, 50, 70, 90, 110, 130, 150] [149, 179] 12 1
[190, 190, 170, 150, 130, 110, 90, 90, 90, 90, 90, 90] [50, 30, 30, 30, 30, 30, 30, 50, 70, 90, 110, 130] [149, 179] 12 0
[190, 190, 190, 170, 150, 130, 110, 90, 90, 90, 90, 90] [70, 50, 30, 30, 30, 30, 30, 30, 50, 70, 90, 110] [149, 179] 12 0
[190, 190, 190, 190, 170, 150, 130, 110, 90, 90, 90, 90] [90, 70, 50, 30, 30, 30, 30, 30, 30, 50, 70, 90] [149, 179] 12 0
[190, 190, 190, 190, 190, 170, 150, 130, 110, 90, 90, 90] [110, 90, 70, 50, 30, 30, 30, 30, 30, 30, 50, 70] [149, 179] 12 0
[190, 190, 190, 190, 190, 190, 170, 150, 130, 110, 90, 90] [130, 110, 90, 70, 50, 30, 30, 30, 30, 30, 30, 50] [149, 179] 12 0
[190, 190, 190, 190, 190, 190, 190, 170, 150, 130, 110, 90] [150, 130, 110, 90, 70, 50, 30, 30, 30, 30, 30, 30] [149, 179] 12 0
[190, 190, 190, 190, 190, 190, 190, 190, 170, 150, 130, 110] [170, 150, 130, 110, 90, 70, 50, 30, 30, 30, 30, 30] [149, 179] 12 0
[190, 190, 190, 190, 190, 190, 190, 190, 190, 170, 150, 130] [190, 170, 150, 130, 110, 90, 70, 50, 30, 30, 30, 30] [149, 179] 12 0
[170, 190, 190, 190, 190, 190, 190, 190, 190, 190, 170, 150] [190, 190, 170, 150, 130, 110, 90, 70, 50, 30, 30, 30] [149, 179] 12 3
[150, 170, 190, 190, 190, 190, 190, 190, 190, 190, 190, 170] [190, 190, 190, 170, 150, 130, 110, 90, 70, 50, 30, 30] [149, 179] 12 3
[150, 150, 170, 190, 190, 190, 190, 190, 190, 190, 190, 190] [170, 190, 190, 190, 170, 150, 130, 110, 90, 70, 50, 30] [149, 179] 12 2
[150, 150, 150, 170, 190, 190, 190, 190, 190, 190, 190, 190, 190] [150, 170, 190, 190, 190, 170, 150, 130, 110, 90, 70, 50, 30] [104, 395] 13 2
[130, 150, 150, 150, 170, 190, 190, 190, 190, 190, 190, 190, 190] [150, 150, 170, 190, 190, 190, 170, 150, 130, 110, 90, 70, 50] [104, 395] 13 3
[110, 130, 150, 150, 150, 170, 190, 190, 190, 190, 190, 190, 190] [150, 150, 150, 170, 190, 190, 190, 170, 150, 130, 110, 90, 70] [104, 395] 13 3
[110, 110, 130, 150, 150, 150, 170, 190, 190, 190, 190, 190, 190] [170, 150, 150, 150, 170, 190, 190, 190, 170, 150, 130, 110, 90] [104, 395] 13 0
[110, 110, 110, 130, 150, 150, 150, 170, 190, 190, 190, 190, 190] [190, 170, 150, 150, 150, 170, 190, 190, 190, 170, 150, 130, 110] [104, 395] 13 0
[110, 110, 110, 110, 130, 150, 150, 150, 170, 190, 190, 190, 190] [210, 190, 170, 150, 150, 150, 170, 190, 190, 190, 170, 150, 130] [104, 395] 13 0
[110, 110, 110, 110, 110, 130, 150, 150, 150, 170, 190, 190, 190] [230, 210, 190, 170, 150, 150, 150, 170, 190, 190, 190, 170, 150] [104, 395] 13 0
[110, 110, 110, 110, 110, 110, 130, 150, 150, 150, 170, 190, 190] [250, 230, 210, 190, 170, 150, 150, 150, 170, 190, 190, 190, 170] [104, 395] 13 0
[110, 110, 110, 110, 110, 110, 110, 130, 150, 150, 150, 170, 190] [270, 250, 230, 210, 190, 170, 150, 150, 150, 170, 190, 190, 190] [104, 395] 13 0
[110, 110, 110, 110, 110, 110, 110, 110, 130, 150, 150, 150, 170] [290, 270, 250, 230, 210, 190, 170, 150, 150, 150, 170, 190, 190] [104, 395] 13 0
[110, 110, 110, 110, 110, 110, 110, 110, 110, 130, 150, 150, 150] [310, 290, 270, 250, 230, 210, 190, 170, 150, 150, 150, 170, 190] [104, 395] 13 0
[110, 110, 110, 110, 110, 110, 110, 110, 110, 110, 130, 150, 150] [330, 310, 290, 270, 250, 230, 210, 190, 170, 150, 150, 150, 170] [104, 395] 13 0
[110, 110, 110, 110, 110, 110, 110, 110, 110, 110, 110, 130, 150] [350, 330, 310, 290, 270, 250, 230, 210, 190, 170, 150, 150, 150] [104, 395] 13 0
[110, 110, 110, 110, 110, 110, 110, 110, 110, 110, 110, 110, 130] [370, 350, 330, 310, 290, 270, 250, 230, 210, 190, 170, 150, 150] [104, 395] 13 0
[110, 110, 110, 110, 110, 110, 110, 110, 110, 110, 110, 110, 110] [390, 370, 350, 330, 310, 290, 270, 250, 230, 210, 190, 170, 150] [104, 395] 13 0
[110, 110, 110, 110, 110, 110, 110, 110, 110, 110, 110, 110, 110, 110] [410, 390, 370, 350, 330, 310, 290, 270, 250, 230, 210, 190, 170, 150] [34, 42] 14 0
[90, 110, 110, 110, 110, 110, 110, 110, 110, 110, 110, 110, 110, 110] [410, 410, 390, 370, 350, 330, 310, 290, 270, 250, 230, 210, 190, 170] [34, 42] 14 3
[70, 90, 110, 110, 110, 110, 110, 110, 110, 110, 110, 110, 110, 110] [410, 410, 410, 390, 370, 350, 330, 310, 290, 270, 250, 230, 210, 190] [34, 42] 14 3
[50, 70, 90, 110, 110, 110, 110, 110, 110, 110, 110, 110, 110, 110] [410, 410, 410, 410, 390, 370, 350, 330, 310, 290, 270, 250, 230, 210] [34, 42] 14 3
[30, 50, 70, 90, 110, 110, 110, 110, 110, 110, 110, 110, 110, 110] [410, 410, 410, 410, 410, 390, 370, 350, 330, 310, 290, 270, 250, 230] [34, 42] 14 3
[30, 30, 50, 70, 90, 110, 110, 110, 110, 110, 110, 110, 110, 110] [390, 410, 410, 410, 410, 410, 390, 370, 350, 330, 310, 290, 270, 250] [34, 42] 14 2
[30, 30, 30, 50, 70, 90, 110, 110, 110, 110, 110, 110, 110, 110] [370, 390, 410, 410, 410, 410, 410, 390, 370, 350, 330, 310, 290, 270] [34, 42] 14 2
[30, 30, 30, 30, 50, 70, 90, 110, 110, 110, 110, 110, 110, 110] [350, 370, 390, 410, 410, 410, 410, 410, 390, 370, 350, 330, 310, 290] [34, 42] 14 2
[30, 30, 30, 30, 30, 50, 70, 90, 110, 110, 110, 110, 110, 110] [330, 350, 370, 390, 410, 410, 410, 410, 410, 390, 370, 350, 330, 310] [34, 42] 14 2
[30, 30, 30, 30, 30, 30, 50, 70, 90, 110, 110, 110, 110, 110] [310, 330, 350, 370, 390, 410, 410, 410, 410, 410, 390, 370, 350, 330] [34, 42] 14 2
[30, 30, 30, 30, 30, 30, 30, 50, 70, 90, 110, 110, 110, 110] [290, 310, 330, 350, 370, 390, 410, 410, 410, 410, 410, 390, 370, 350] [34, 42] 14 2
[30, 30, 30, 30, 30, 30, 30, 30, 50, 70, 90, 110, 110, 110] [270, 290, 310, 330, 350, 370, 390, 410, 410, 410, 410, 410, 390, 370] [34, 42] 14 2
[30, 30, 30, 30, 30, 30, 30, 30, 30, 50, 70, 90, 110, 110] [250, 270, 290, 310, 330, 350, 370, 390, 410, 410, 410, 410, 410, 390] [34, 42] 14 2
[30, 30, 30, 30, 30, 30, 30, 30, 30, 30, 50, 70, 90, 110] [230, 250, 270, 290, 310, 330, 350, 370, 390, 410, 410, 410, 410, 410] [34, 42] 14 2
[30, 30, 30, 30, 30, 30, 30, 30, 30, 30, 30, 50, 70, 90] [210, 230, 250, 270, 290, 310, 330, 350, 370, 390, 410, 410, 410, 410] [34, 42] 14 2
[30, 30, 30, 30, 30, 30, 30, 30, 30, 30, 30, 30, 50, 70] [190, 210, 230, 250, 270, 290, 310, 330, 350, 370, 390, 410, 410, 410] [34, 42] 14 2
[30, 30, 30, 30, 30, 30, 30, 30, 30, 30, 30, 30, 30, 50] [170, 190, 210, 230, 250, 270, 290, 310, 330, 350, 370, 390, 410, 410] [34, 42] 14 2
[30, 30, 30, 30, 30, 30, 30, 30, 30, 30, 30, 30, 30, 30] [150, 170, 190, 210, 230, 250, 270, 290, 310, 330, 350, 370, 390, 410] [34, 42] 14 2
[30, 30, 30, 30, 30, 30, 30, 30, 30, 30, 30, 30, 30, 30] [130, 150, 170, 190, 210, 230, 250, 270, 290, 310, 330, 350, 370, 390] [34, 42] 14 2
[30, 30, 30, 30, 30, 30, 30, 30, 30, 30, 30, 30, 30, 30] [110, 130, 150, 170, 190, 210, 230, 250, 270, 290, 310, 330, 350, 370] [34, 42] 14 2
[30, 30, 30, 30, 30, 30, 30, 30, 30, 30, 30, 30, 30, 30] [90, 110, 130, 150, 170, 190, 210, 230, 250, 270, 290, 310, 330, 350] [34, 42] 14 2
[30, 30, 30, 30, 30, 30, 30, 30, 30, 30, 30, 30, 30, 30] [70, 90, 110, 130, 150, 170, 190, 210, 230, 250, 270, 290, 310, 330] [34, 42] 14 2
[30, 30, 30, 30, 30, 30, 30, 30, 30, 30, 30, 30, 30, 30] [50, 70, 90, 110, 130, 150, 170, 190, 210, 230, 250, 270, 290, 310] [34, 42] 14 2
