[290, 290, 290, 290, 290] [290, 270, 250, 230, 210] [106, 62] 5 0
[290, 290, 290, 290, 290] [310, 290, 270, 250, 230] [106, 62] 5 0
[290, 290, 290, 290, 290] [330, 310, 290, 270, 250] [106, 62] 5 0
[290, 290, 290, 290, 290] [350, 330, 310, 290, 270] [106, 62] 5 0
[290, 290, 290, 290, 290] [370, 350, 330, 310, 290] [106, 62] 5 0
[290, 290, 290, 290, 290] [390, 370, 350, 330, 310] [106, 62] 5 0
[290, 290, 290, 290, 290] [410, 390, 370, 350, 330] [106, 62] 5 0
[290, 290, 290, 290, 290] [430, 410, 390, 370, 350] [106, 62] 5 0
[270, 290, 290, 290, 290] [430, 430, 410, 390, 370] [106, 62] 5 3
[250, 270, 290, 290, 290] [430, 430, 430, 410, 390] [106, 62] 5 3
[230, 250, 270, 290, 290] [430, 430, 430, 430, 410] [106, 62] 5 3
[210, 230, 250, 270, 290] [430, 430, 430, 430, 430] [106, 62] 5 3
[190, 210, 230, 250, 270] [430, 430, 430, 430, 430] [106, 62] 5 3
[170, 190, 210, 230, 250] [430, 430, 430, 430, 430] [106, 62] 5 3
[150, 170, 190, 210, 230] [430, 430, 430, 430, 430] [106, 62] 5 3
[130, 150, 170, 190, 210] [430, 430, 430, 430, 430] [106, 62] 5 3
[110, 130, 150, 170, 190] [430, 430, 430, 430, 430] [106, 62] 5 3
[110, 110, 130, 150, 170] [410, 430, 430, 430, 430] [106, 62] 5 2
[110, 110, 110, 130, 150] [390, 410, 430, 430, 430] [106, 62] 5 2
[110, 110, 110, 110, 130] [370, 390, 410, 430, 430] [106, 62] 5 2
[110, 110, 110, 110, 110] [350, 370, 390, 410, 430] [106, 62] 5 2
[110, 110, 110, 110, 110] [330, 350, 370, 390, 410] [106, 62] 5 2
[110, 110, 110, 110, 110] [310, 330, 350, 370, 390] [106, 62] 5 2
[110, 110, 110, 110, 110] [290, 310, 330, 350, 370] [106, 62] 5 2
[110, 110, 110, 110, 110] [270, 290, 310, 330, 350] [106, 62] 5 2
[110, 110, 110, 110, 110] [250, 270, 290, 310, 330] [106, 62] 5 2
[110, 110, 110, 110, 110] [230, 250, 270, 290, 310] [106, 62] 5 2
[110, 110, 110, 110, 110] [210, 230, 250, 270, 290] [106, 62] 5 2
[110, 110, 110, 110, 110] [190, 210, 230, 250, 270] [106, 62] 5 2
[110, 110, 110, 110, 110] [170, 190, 210, 230, 250] [106, 62] 5 2
[110, 110, 110, 110, 110] [150, 170, 190, 210, 230] [106, 62] 5 2
[110, 110, 110, 110, 110] [130, 150, 170, 190, 210] [106, 62] 5 2
[110, 110, 110, 110, 110] [110, 130, 150, 170, 190] [106, 62] 5 2
[110, 110, 110, 110, 110] [90, 110, 130, 150, 170] [106, 62] 5 2
[110, 110, 110, 110, 110] [70, 90, 110, 130, 150] [106, 62] 5 2
[110, 110, 110, 110, 110, 110] [50, 70, 90, 110, 130, 150] [141, 218] 6 2
[130, 110, 110, 110, 110, 110] [50, 50, 70, 90, 110, 130] [141, 218] 6 1
[150, 130, 110, 110, 110, 110] [50, 50, 50, 70, 90, 110] [141, 218] 6 1
[150, 150, 130, 110, 110, 110] [70, 50, 50, 50, 70, 90] [141, 218] 6 0
[150, 150, 150, 130, 110, 110] [90, 70, 50, 50, 50, 70] [141, 218] 6 0
[150, 150, 150, 150, 130, 110] [110, 90, 70, 50, 50, 50] [141, 218] 6 0
[150, 150, 150, 150, 150, 130] [130, 110, 90, 70, 50, 50] [141, 218] 6 0
[150, 150, 150, 150, 150, 150] [150, 130, 110, 90, 70, 50] [141, 218] 6 0
[150, 150, 150, 150, 150, 150] [170, 150, 130, 110, 90, 70] [141, 218] 6 0
[150, 150, 150, 150, 150, 150] [190, 170, 150, 130, 110, 90] [141, 218] 6 0
[150, 150, 150, 150, 150, 150] [210, 190, 170, 150, 130, 110] [141, 218] 6 0
[130, 150, 150, 150, 150, 150, 150] [210, 210, 190, 170, 150, 130, 110] [65, 344] 7 3
[130, 130, 150, 150, 150, 150, 150] [230, 210, 210, 190, 170, 150, 130] [65, 344] 7 0
[110, 130, 130, 150, 150, 150, 150] [230, 230, 210, 210, 190, 170, 150] [65, 344] 7 3
[90, 110, 130, 130, 150, 150, 150] [230, 230, 230, 210, 210, 190, 170] [65, 344] 7 3
[70, 90, 110, 130, 130, 150, 150] [230, 230, 230, 230, 210, 210, 190] [65, 344] 7 3
[50, 70, 90, 110, 130, 130, 150] [230, 230, 230, 230, 230, 210, 210] [65, 344] 7 3
[50, 50, 70, 90, 110, 130, 130] [250, 230, 230, 230, 230, 230, 210] [65, 344] 7 0
[50, 50, 50, 70, 90, 110, 130] [270, 250, 230, 230, 230, 230, 230] [65, 344] 7 0
[50, 50, 50, 50, 70, 90, 110] [290, 270, 250, 230, 230, 230, 230] [65, 344] 7 0
[50, 50, 50, 50, 50, 70, 90] [310, 290, 270, 250, 230, 230, 230] [65, 344] 7 0
[50, 50, 50, 50, 50, 50, 70] [330, 310, 290, 270, 250, 230, 230] [65, 344] 7 0
[50, 50, 50, 50, 50, 50, 50, 70] [350, 330, 310, 290, 270, 250, 230, 230] [474, 571] 8 0
[70, 50, 50, 50, 50, 50, 50, 50] [350, 350, 330, 310, 290, 270, 250, 230] [474, 571] 8 1
[90, 70, 50, 50, 50, 50, 50, 50] [350, 350, 350, 330, 310, 290, 270, 250] [474, 571] 8 1
[110, 90, 70, 50, 50, 50, 50, 50] [350, 350, 350, 350, 330, 310, 290, 270] [474, 571] 8 1
[130, 110, 90, 70, 50, 50, 50, 50] [350, 350, 350, 350, 350, 330, 310, 290] [474, 571] 8 1
[150, 130, 110, 90, 70, 50, 50, 50] [350, 350, 350, 350, 350, 350, 330, 310] [474, 571] 8 1
[170, 150, 130, 110, 90, 70, 50, 50] [350, 350, 350, 350, 350, 350, 350, 330] [474, 571] 8 1
[190, 170, 150, 130, 110, 90, 70, 50] [350, 350, 350, 350, 350, 350, 350, 350] [474, 571] 8 1
[210, 190, 170, 150, 130, 110, 90, 70] [350, 350, 350, 350, 350, 350, 350, 350] [474, 571] 8 1
[230, 210, 190, 170, 150, 130, 110, 90] [350, 350, 350, 350, 350, 350, 350, 350] [474, 571] 8 1
[250, 230, 210, 190, 170, 150, 130, 110] [350, 350, 350, 350, 350, 350, 350, 350] [474, 571] 8 1
[270, 250, 230, 210, 190, 170, 150, 130] [350, 350, 350, 350, 350, 350, 350, 350] [474, 571] 8 1
[290, 270, 250, 230, 210, 190, 170, 150] [350, 350, 350, 350, 350, 350, 350, 350] [474, 571] 8 1
[310, 290, 270, 250, 230, 210, 190, 170] [350, 350, 350, 350, 350, 350, 350, 350] [474, 571] 8 1
[330, 310, 290, 270, 250, 230, 210, 190] [350, 350, 350, 350, 350, 350, 350, 350] [474, 571] 8 1
[350, 330, 310, 290, 270, 250, 230, 210] [350, 350, 350, 350, 350, 350, 350, 350] [474, 571] 8 1
[370, 350, 330, 310, 290, 270, 250, 230] [350, 350, 350, 350, 350, 350, 350, 350] [474, 571] 8 1
[390, 370, 350, 330, 310, 290, 270, 250] [350, 350, 350, 350, 350, 350, 350, 350] [474, 571] 8 1
[410, 390, 370, 350, 330, 310, 290, 270] [350, 350, 350, 350, 350, 350, 350, 350] [474, 571] 8 1
[430, 410, 390, 370, 350, 330, 310, 290] [350, 350, 350, 350, 350, 350, 350, 350] [474, 571] 8 1
[450, 430, 410, 390, 370, 350, 330, 310] [350, 350, 350, 350, 350, 350, 350, 350] [474, 571] 8 1
[470, 450, 430, 410, 390, 370, 350, 330] [350, 350, 350, 350, 350, 350, 350, 350] [474, 571] 8 1
[490, 470, 450, 430, 410, 390, 370, 350] [350, 350, 350, 350, 350, 350, 350, 350] [474, 571] 8 1
[510, 490, 470, 450, 430, 410, 390, 370] [350, 350, 350, 350, 350, 350, 350, 350] [474, 571] 8 1
[510, 510, 490, 470, 450, 430, 410, 390] [370, 350, 350, 350, 350, 350, 350, 350] [474, 571] 8 0
[510, 510, 510, 490, 470, 450, 430, 410] [390, 370, 350, 350, 350, 350, 350, 350] [474, 571] 8 0
[510, 510, 510, 510, 490, 470, 450, 430] [410, 390, 370, 350, 350, 350, 350, 350] [474, 571] 8 0
[510, 510, 510, 510, 510, 490, 470, 450] [430, 410, 390, 370, 350, 350, 350, 350] [474, 571] 8 0
[510, 510, 510, 510, 510, 510, 490, 470] [450, 430, 410, 390, 370, 350, 350, 350] [474, 571] 8 0
[510, 510, 510, 510, 510, 510, 510, 490] [470, 450, 430, 410, 390, 370, 350, 350] [474, 571] 8 0
[510, 510, 510, 510, 510, 510, 510, 510] [490, 470, 450, 430, 410, 390, 370, 350] [474, 571] 8 0
[510, 510, 510, 510, 510, 510, 510, 510] [510, 490, 470, 450, 430, 410, 390, 370] [474, 571] 8 0
[510, 510, 510, 510, 510, 510, 510, 510] [530, 510, 490, 470, 450, 430, 410, 390] [474, 571] 8 0
[510, 510, 510, 510, 510, 510, 510, 510] [550, 530, 510, 490, 470, 450, 430, 410] [474, 571] 8 0
[510, 510, 510, 510, 510, 510, 510, 510] [570, 550, 530, 510, 490, 470, 450, 430] [474, 571] 8 0
[490, 510, 510, 510, 510, 510, 510, 510] [570, 570, 550, 530, 510, 490, 470, 450] [474, 571] 8 3
[470, 490, 510, 510, 510, 510, 510, 510] [570, 570, 570, 550, 530, 510, 490, 470] [474, 571] 8 3
[450, 470, 490, 510, 510, 510, 510, 510, 510] [570, 570, 570, 570, 550, 530, 510, 490, 470] [328, 338] 9 3
[430, 450, 470, 490, 510, 510, 510, 510, 510] [570, 570, 570, 570, 570, 550, 530, 510, 490] [328, 338] 9 3
[410, 430, 450, 470, 490, 510, 510, 510, 510] [570, 570, 570, 570, 570, 570, 550, 530, 510] [328, 338] 9 3
[390, 410, 430, 450, 470, 490, 510, 510, 510] [570, 570, 570, 570, 570, 570, 570, 550, 530] [328, 338] 9 3
[370, 390, 410, 430, 450, 470, 490, 510, 510] [570, 570, 570, 570, 570, 570, 570, 570, 550] [328, 338] 9 3
[350, 370, 390, 410, 430, 450, 470, 490, 510] [570, 570, 570, 570, 570, 570, 570, 570, 570] [328, 338] 9 3
[330, 350, 370, 390, 410, 430, 450, 470, 490] [570, 570, 570, 570, 570, 570, 570, 570, 570] [328, 338] 9 3
[310, 330, 350, 370, 390, 410, 430, 450, 470] [570, 570, 570, 570, 570, 570, 570, 570, 570] [328, 338] 9 3
[310, 310, 330, 350, 370, 390, 410, 430, 450] [550, 570, 570, 570, 570, 570, 570, 570, 570] [328, 338] 9 2
[310, 310, 310, 330, 350, 370, 390, 410, 430] [530, 550, 570, 570, 570, 570, 570, 570, 570] [328, 338] 9 2
[310, 310, 310, 310, 330, 350, 370, 390, 410] [510, 530, 550, 570, 570, 570, 570, 570, 570] [328, 338] 9 2
[310, 310, 310, 310, 310, 330, 350, 370, 390] [490, 510, 530, 550, 570, 570, 570, 570, 570] [328, 338] 9 2
[310, 310, 310, 310, 310, 310, 330, 350, 370] [470, 490, 510, 530, 550, 570, 570, 570, 570] [328, 338] 9 2
[310, 310, 310, 310, 310, 310, 310, 330, 350] [450, 470, 490, 510, 530, 550, 570, 570, 570] [328, 338] 9 2
[310, 310, 310, 310, 310, 310, 310, 310, 330] [430, 450, 470, 490, 510, 530, 550, 570, 570] [328, 338] 9 2
[310, 310, 310, 310, 310, 310, 310, 310, 310] [410, 430, 450, 470, 490, 510, 530, 550, 570] [328, 338] 9 2
[310, 310, 310, 310, 310, 310, 310, 310, 310] [390, 410, 430, 450, 470, 490, 510, 530, 550] [328, 338] 9 2
[310, 310, 310, 310, 310, 310, 310, 310, 310] [370, 390, 410, 430, 450, 470, 490, 510, 530] [328, 338] 9 2
[310, 310, 310, 310, 310, 310, 310, 310, 310] [350, 370, 390, 410, 430, 450, 470, 490, 510] [328, 338] 9 2
[310, 310, 310, 310, 310, 310, 310, 310, 310] [330, 350, 370, 390, 410, 430, 450, 470, 490] [328, 338] 9 2
[330, 310, 310, 310, 310, 310, 310, 310, 310, 310] [330, 330, 350, 370, 390, 410, 430, 450, 470, 490] [523, 242] 10 1
[330, 330, 310, 310, 310, 310, 310, 310, 310, 310] [310, 330, 330, 350, 370, 390, 410, 430, 450, 470] [523, 242] 10 2
[350, 330, 330, 310, 310, 310, 310, 310, 310, 310] [310, 310, 330, 330, 350, 370, 390, 410, 430, 450] [523, 242] 10 1
[370, 350, 330, 330, 310, 310, 310, 310, 310, 310] [310, 310, 310, 330, 330, 350, 370, 390, 410, 430] [523, 242] 10 1
[390, 370, 350, 330, 330, 310, 310, 310, 310, 310] [310, 310, 310, 310, 330, 330, 350, 370, 390, 410] [523, 242] 10 1
[410, 390, 370, 350, 330, 330, 310, 310, 310, 310] [310, 310, 310, 310, 310, 330, 330, 350, 370, 390] [523, 242] 10 1
[430, 410, 390, 370, 350, 330, 330, 310, 310, 310] [310, 310, 310, 310, 310, 310, 330, 330, 350, 370] [523, 242] 10 1
[450, 430, 410, 390, 370, 350, 330, 330, 310, 310] [310, 310, 310, 310, 310, 310, 310, 330, 330, 350] [523, 242] 10 1
[470, 450, 430, 410, 390, 370, 350, 330, 330, 310] [310, 310, 310, 310, 310, 310, 310, 310, 330, 330] [523, 242] 10 1
[490, 470, 450, 430, 410, 390, 370, 350, 330, 330] [310, 310, 310, 310, 310, 310, 310, 310, 310, 330] [523, 242] 10 1
[510, 490, 470, 450, 430, 410, 390, 370, 350, 330] [310, 310, 310, 310, 310, 310, 310, 310, 310, 310] [523, 242] 10 1
[530, 510, 490, 470, 450, 430, 410, 390, 370, 350] [310, 310, 310, 310, 310, 310, 310, 310, 310, 310] [523, 242] 10 1
[530, 530, 510, 490, 470, 450, 430, 410, 390, 370] [290, 310, 310, 310, 310, 310, 310, 310, 310, 310] [523, 242] 10 2
[530, 530, 530, 510, 490, 470, 450, 430, 410, 390] [270, 290, 310, 310, 310, 310, 310, 310, 310, 310] [523, 242] 10 2
[530, 530, 530, 530, 510, 490, 470, 450, 430, 410] [250, 270, 290, 310, 310, 310, 310, 310, 310, 310] [523, 242] 10 2
[530, 530, 530, 530, 530, 510, 490, 470, 450, 430, 410] [230, 250, 270, 290, 310, 310, 310, 310, 310, 310, 310] [367, 309] 11 2
[510, 530, 530, 530, 530, 530, 510, 490, 470, 450, 430] [230, 230, 250, 270, 290, 310, 310, 310, 310, 310, 310] [367, 309] 11 3
[490, 510, 530, 530, 530, 530, 530, 510, 490, 470, 450] [230, 230, 230, 250, 270, 290, 310, 310, 310, 310, 310] [367, 309] 11 3
[470, 490, 510, 530, 530, 530, 530, 530, 510, 490, 470] [230, 230, 230, 230, 250, 270, 290, 310, 310, 310, 310] [367, 309] 11 3
[450, 470, 490, 510, 530, 530, 530, 530, 530, 510, 490] [230, 230, 230, 230, 230, 250, 270, 290, 310, 310, 310] [367, 309] 11 3
[430, 450, 470, 490, 510, 530, 530, 530, 530, 530, 510] [230, 230, 230, 230, 230, 230, 250, 270, 290, 310, 310] [367, 309] 11 3
[410, 430, 450, 470, 490, 510, 530, 530, 530, 530, 530] [230, 230, 230, 230, 230, 230, 230, 250, 270, 290, 310] [367, 309] 11 3
[390, 410, 430, 450, 470, 490, 510, 530, 530, 530, 530] [230, 230, 230, 230, 230, 230, 230, 230, 250, 270, 290] [367, 309] 11 3
[370, 390, 410, 430, 450, 470, 490, 510, 530, 530, 530] [230, 230, 230, 230, 230, 230, 230, 230, 230, 250, 270] [367, 309] 11 3
[350, 370, 390, 410, 430, 450, 470, 490, 510, 530, 530] [230, 230, 230, 230, 230, 230, 230, 230, 230, 230, 250] [367, 309] 11 3
[350, 350, 370, 390, 410, 430, 450, 470, 490, 510, 530] [250, 230, 230, 230, 230, 230, 230, 230, 230, 230, 230] [367, 309] 11 0
[350, 350, 350, 370, 390, 410, 430, 450, 470, 490, 510] [270, 250, 230, 230, 230, 230, 230, 230, 230, 230, 230] [367, 309] 11 0
[350, 350, 350, 350, 370, 390, 410, 430, 450, 470, 490] [290, 270, 250, 230, 230, 230, 230, 230, 230, 230, 230] [367, 309] 11 0
[350, 350, 350, 350, 350, 370, 390, 410, 430, 450, 470, 490] [310, 290, 270, 250, 230, 230, 230, 230, 230, 230, 230, 230] [496, 364] 12 0
[370, 350, 350, 350, 350, 350, 370, 390, 410, 430, 450, 470] [310, 310, 290, 270, 250, 230, 230, 230, 230, 230, 230, 230] [496, 364] 12 1
[390, 370, 350, 350, 350, 350, 350, 370, 390, 410, 430, 450] [310, 310, 310, 290, 270, 250, 230, 230, 230, 230, 230, 230] [496, 364] 12 1
[410, 390, 370, 350, 350, 350, 350, 350, 370, 390, 410, 430] [310, 310, 310, 310, 290, 270, 250, 230, 230, 230, 230, 230] [496, 364] 12 1
[430, 410, 390, 370, 350, 350, 350, 350, 350, 370, 390, 410] [310, 310, 310, 310, 310, 290, 270, 250, 230, 230, 230, 230] [496, 364] 12 1
[450, 430, 410, 390, 370, 350, 350, 350, 350, 350, 370, 390] [310, 310, 310, 310, 310, 310, 290, 270, 250, 230, 230, 230] [496, 364] 12 1
[470, 450, 430, 410, 390, 370, 350, 350, 350, 350, 350, 370] [310, 310, 310, 310, 310, 310, 310, 290, 270, 250, 230, 230] [496, 364] 12 1
[490, 470, 450, 430, 410, 390, 370, 350, 350, 350, 350, 350] [310, 310, 310, 310, 310, 310, 310, 310, 290, 270, 250, 230] [496, 364] 12 1
[510, 490, 470, 450, 430, 410, 390, 370, 350, 350, 350, 350] [310, 310, 310, 310, 310, 310, 310, 310, 310, 290, 270, 250] [496, 364] 12 1
[510, 510, 490, 470, 450, 430, 410, 390, 370, 350, 350, 350] [330, 310, 310, 310, 310, 310, 310, 310, 310, 310, 290, 270] [496, 364] 12 0
[510, 510, 510, 490, 470, 450, 430, 410, 390, 370, 350, 350] [350, 330, 310, 310, 310, 310, 310, 310, 310, 310, 310, 290] [496, 364] 12 0
[490, 510, 510, 510, 490, 470, 450, 430, 410, 390, 370, 350] [350, 350, 330, 310, 310, 310, 310, 310, 310, 310, 310, 310] [496, 364] 12 3
[490, 490, 510, 510, 510, 490, 470, 450, 430, 410, 390, 370, 350] [370, 350, 350, 330, 310, 310, 310, 310, 310, 310, 310, 310, 310] [416, 297] 13 0
[490, 490, 490, 510, 510, 510, 490, 470, 450, 430, 410, 390, 370] [390, 370, 350, 350, 330, 310, 310, 310, 310, 310, 310, 310, 310] [416, 297] 13 0
[490, 490, 490, 490, 510, 510, 510, 490, 470, 450, 430, 410, 390] [410, 390, 370, 350, 350, 330, 310, 310, 310, 310, 310, 310, 310] [416, 297] 13 0
[490, 490, 490, 490, 490, 510, 510, 510, 490, 470, 450, 430, 410] [430, 410, 390, 370, 350, 350, 330, 310, 310, 310, 310, 310, 310] [416, 297] 13 0
[490, 490, 490, 490, 490, 490, 510, 510, 510, 490, 470, 450, 430] [450, 430, 410, 390, 370, 350, 350, 330, 310, 310, 310, 310, 310] [416, 297] 13 0
[470, 490, 490, 490, 490, 490, 490, 510, 510, 510, 490, 470, 450] [450, 450, 430, 410, 390, 370, 350, 350, 330, 310, 310, 310, 310] [416, 297] 13 3
[450, 470, 490, 490, 490, 490, 490, 490, 510, 510, 510, 490, 470] [450, 450, 450, 430, 410, 390, 370, 350, 350, 330, 310, 310, 310] [416, 297] 13 3
[430, 450, 470, 490, 490, 490, 490, 490, 490, 510, 510, 510, 490] [450, 450, 450, 450, 430, 410, 390, 370, 350, 350, 330, 310, 310] [416, 297] 13 3
[410, 430, 450, 470, 490, 490, 490, 490, 490, 490, 510, 510, 510] [450, 450, 450, 450, 450, 430, 410, 390, 370, 350, 350, 330, 310] [416, 297] 13 3
[390, 410, 430, 450, 470, 490, 490, 490, 490, 490, 490, 510, 510] [450, 450, 450, 450, 450, 450, 430, 410, 390, 370, 350, 350, 330] [416, 297] 13 3
[390, 390, 410, 430, 450, 470, 490, 490, 490, 490, 490, 490, 510] [430, 450, 450, 450, 450, 450, 450, 430, 410, 390, 370, 350, 350] [416, 297] 13 2
[390, 390, 390, 410, 430, 450, 470, 490, 490, 490, 490, 490, 490] [410, 430, 450, 450, 450, 450, 450, 450, 430, 410, 390, 370, 350] [416, 297] 13 2
[390, 390, 390, 390, 410, 430, 450, 470, 490, 490, 490, 490, 490] [390, 410, 430, 450, 450, 450, 450, 450, 450, 430, 410, 390, 370] [416, 297] 13 2
[390, 390, 390, 390, 390, 410, 430, 450, 470, 490, 490, 490, 490] [370, 390, 410, 430, 450, 450, 450, 450, 450, 450, 430, 410, 390] [416, 297] 13 2
[390, 390, 390, 390, 390, 390, 410, 430, 450, 470, 490, 490, 490] [350, 370, 390, 410, 430, 450, 450, 450, 450, 450, 450, 430, 410] [416, 297] 13 2
[390, 390, 390, 390, 390, 390, 390, 410, 430, 450, 470, 490, 490] [330, 350, 370, 390, 410, 430, 450, 450, 450, 450, 450, 450, 430] [416, 297] 13 2
[390, 390, 390, 390, 390, 390, 390, 390, 410, 430, 450, 470, 490] [310, 330, 350, 370, 390, 410, 430, 450, 450, 450, 450, 450, 450] [416, 297] 13 2
[390, 390, 390, 390, 390, 390, 390, 390, 390, 410, 430, 450, 470] [290, 310, 330, 350, 370, 390, 410, 430, 450, 450, 450, 450, 450] [416, 297] 13 2
[410, 390, 390, 390, 390, 390, 390, 390, 390, 390, 410, 430, 450] [290, 290, 310, 330, 350, 370, 390, 410, 430, 450, 450, 450, 450] [416, 297] 13 1
[430, 410, 390, 390, 390, 390, 390, 390, 390, 390, 390, 410, 430, 450] [290, 290, 290, 310, 330, 350, 370, 390, 410, 430, 450, 450, 450, 450] [454, 342] 14 1
[450, 430, 410, 390, 390, 390, 390, 390, 390, 390, 390, 390, 410, 430] [290, 290, 290, 290, 310, 330, 350, 370, 390, 410, 430, 450, 450, 450] [454, 342] 14 1
[450, 450, 430, 410, 390, 390, 390, 390, 390, 390, 390, 390, 390, 410] [310, 290, 290, 290, 290, 310, 330, 350, 370, 390, 410, 430, 450, 450] [454, 342] 14 0
[450, 450, 450, 430, 410, 390, 390, 390, 390, 390, 390, 390, 390, 390] [330, 310, 290, 290, 290, 290, 310, 330, 350, 370, 390, 410, 430, 450] [454, 342] 14 0
[450, 450, 450, 450, 430, 410, 390, 390, 390, 390, 390, 390, 390, 390, 390] [350, 330, 310, 290, 290, 290, 290, 310, 330, 350, 370, 390, 410, 430, 450] [347, 259] 15 0
[450, 450, 450, 450, 450, 430, 410, 390, 390, 390, 390, 390, 390, 390, 390] [370, 350, 330, 310, 290, 290, 290, 290, 310, 330, 350, 370, 390, 410, 430] [347, 259] 15 0
[450, 450, 450, 450, 450, 450, 430, 410, 390, 390, 390, 390, 390, 390, 390] [390, 370, 350, 330, 310, 290, 290, 290, 290, 310, 330, 350, 370, 390, 410] [347, 259] 15 0
[450, 450, 450, 450, 450, 450, 450, 430, 410, 390, 390, 390, 390, 390, 390] [410, 390, 370, 350, 330, 310, 290, 290, 290, 290, 310, 330, 350, 370, 390] [347, 259] 15 0
[450, 450, 450, 450, 450, 450, 450, 450, 430, 410, 390, 390, 390, 390, 390] [430, 410, 390, 370, 350, 330, 310, 290, 290, 290, 290, 310, 330, 350, 370] [347, 259] 15 0
[430, 450, 450, 450, 450, 450, 450, 450, 450, 430, 410, 390, 390, 390, 390] [430, 430, 410, 390, 370, 350, 330, 310, 290, 290, 290, 290, 310, 330, 350] [347, 259] 15 3
[410, 430, 450, 450, 450, 450, 450, 450, 450, 450, 430, 410, 390, 390, 390] [430, 430, 430, 410, 390, 370, 350, 330, 310, 290, 290, 290, 290, 310, 330] [347, 259] 15 3
[390, 410, 430, 450, 450, 450, 450, 450, 450, 450, 450, 430, 410, 390, 390] [430, 430, 430, 430, 410, 390, 370, 350, 330, 310, 290, 290, 290, 290, 310] [347, 259] 15 3
[370, 390, 410, 430, 450, 450, 450, 450, 450, 450, 450, 450, 430, 410, 390] [430, 430, 430, 430, 430, 410, 390, 370, 350, 330, 310, 290, 290, 290, 290] [347, 259] 15 3
[350, 370, 390, 410, 430, 450, 450, 450, 450, 450, 450, 450, 450, 430, 410] [430, 430, 430, 430, 430, 430, 410, 390, 370, 350, 330, 310, 290, 290, 290] [347, 259] 15 3
[330, 350, 370, 390, 410, 430, 450, 450, 450, 450, 450, 450, 450, 450, 430] [430, 430, 430, 430, 430, 430, 430, 410, 390, 370, 350, 330, 310, 290, 290] [347, 259] 15 3
[330, 330, 350, 370, 390, 410, 430, 450, 450, 450, 450, 450, 450, 450, 450] [410, 430, 430, 430, 430, 430, 430, 430, 410, 390, 370, 350, 330, 310, 290] [347, 259] 15 2
[330, 330, 330, 350, 370, 390, 410, 430, 450, 450, 450, 450, 450, 450, 450] [390, 410, 430, 430, 430, 430, 430, 430, 430, 410, 390, 370, 350, 330, 310] [347, 259] 15 2
[330, 330, 330, 330, 350, 370, 390, 410, 430, 450, 450, 450, 450, 450, 450] [370, 390, 410, 430, 430, 430, 430, 430, 430, 430, 410, 390, 370, 350, 330] [347, 259] 15 2
[330, 330, 330, 330, 330, 350, 370, 390, 410, 430, 450, 450, 450, 450, 450] [350, 370, 390, 410, 430, 430, 430, 430, 430, 430, 430, 410, 390, 370, 350] [347, 259] 15 2
[330, 330, 330, 330, 330, 330, 350, 370, 390, 410, 430, 450, 450, 450, 450] [330, 350, 370, 390, 410, 430, 430, 430, 430, 430, 430, 430, 410, 390, 370] [347, 259] 15 2
[330, 330, 330, 330, 330, 330, 330, 350, 370, 390, 410, 430, 450, 450, 450] [310, 330, 350, 370, 390, 410, 430, 430, 430, 430, 430, 430, 430, 410, 390] [347, 259] 15 2
[330, 330, 330, 330, 330, 330, 330, 330, 350, 370, 390, 410, 430, 450, 450] [290, 310, 330, 350, 370, 390, 410, 430, 430, 430, 430, 430, 430, 430, 410] [347, 259] 15 2
[330, 330, 330, 330, 330, 330, 330, 330, 330, 350, 370, 390, 410, 430, 450] [270, 290, 310, 330, 350, 370, 390, 410, 430, 430, 430, 430, 430, 430, 430] [347, 259] 15 2
[330, 330, 330, 330, 330, 330, 330, 330, 330, 330, 350, 370, 390, 410, 430] [250, 270, 290, 310, 330, 350, 370, 390, 410, 430, 430, 430, 430, 430, 430] [347, 259] 15 2
