[290, 290, 290, 290, 290] [290, 270, 250, 230, 210] [218, 161] 5 0
[270, 290, 290, 290, 290] [290, 290, 270, 250, 230] [218, 161] 5 3
[250, 270, 290, 290, 290] [290, 290, 290, 270, 250] [218, 161] 5 3
[230, 250, 270, 290, 290] [290, 290, 290, 290, 270] [218, 161] 5 3
[210, 230, 250, 270, 290] [290, 290, 290, 290, 290] [218, 161] 5 3
[210, 210, 230, 250, 270] [270, 290, 290, 290, 290] [218, 161] 5 2
[210, 210, 210, 230, 250] [250, 270, 290, 290, 290] [218, 161] 5 2
[210, 210, 210, 210, 230] [230, 250, 270, 290, 290] [218, 161] 5 2
[210, 210, 210, 210, 210] [210, 230, 250, 270, 290] [218, 161] 5 2
[210, 210, 210, 210, 210] [190, 210, 230, 250, 270] [218, 161] 5 2
[210, 210, 210, 210, 210] [170, 190, 210, 230, 250] [218, 161] 5 2
[210, 210, 210, 210, 210, 210] [150, 170, 190, 210, 230, 250] [467, 418] 6 2
[230, 210, 210, 210, 210, 210] [150, 150, 170, 190, 210, 230] [467, 418] 6 1
[250, 230, 210, 210, 210, 210] [150, 150, 150, 170, 190, 210] [467, 418] 6 1
[270, 250, 230, 210, 210, 210] [150, 150, 150, 150, 170, 190] [467, 418] 6 1
[290, 270, 250, 230, 210, 210] [150, 150, 150, 150, 150, 170] [467, 418] 6 1
[310, 290, 270, 250, 230, 210] [150, 150, 150, 150, 150, 150] [467, 418] 6 1
[330, 310, 290, 270, 250, 230] [150, 150, 150, 150, 150, 150] [467, 418] 6 1
[350, 330, 310, 290, 270, 250] [150, 150, 150, 150, 150, 150] [467, 418] 6 1
[370, 350, 330, 310, 290, 270] [150, 150, 150, 150, 150, 150] [467, 418] 6 1
[390, 370, 350, 330, 310, 290] [150, 150, 150, 150, 150, 150] [467, 418] 6 1
[410, 390, 370, 350, 330, 310] [150, 150, 150, 150, 150, 150] [467, 418] 6 1
[430, 410, 390, 370, 350, 330] [150, 150, 150, 150, 150, 150] [467, 418] 6 1
[450, 430, 410, 390, 370, 350] [150, 150, 150, 150, 150, 150] [467, 418] 6 1
[470, 450, 430, 410, 390, 370] [150, 150, 150, 150, 150, 150] [467, 418] 6 1
[470, 470, 450, 430, 410, 390] [170, 150, 150, 150, 150, 150] [467, 418] 6 0
[470, 470, 470, 450, 430, 410] [190, 170, 150, 150, 150, 150] [467, 418] 6 0
[470, 470, 470, 470, 450, 430] [210, 190, 170, 150, 150, 150] [467, 418] 6 0
[470, 470, 470, 470, 470, 450] [230, 210, 190, 170, 150, 150] [467, 418] 6 0
[470, 470, 470, 470, 470, 470] [250, 230, 210, 190, 170, 150] [467, 418] 6 0
[470, 470, 470, 470, 470, 470] [270, 250, 230, 210, 190, 170] [467, 418] 6 0
[470, 470, 470, 470, 470, 470] [290, 270, 250, 230, 210, 190] [467, 418] 6 0
[470, 470, 470, 470, 470, 470] [310, 290, 270, 250, 230, 210] [467, 418] 6 0
[470, 470, 470, 470, 470, 470] [330, 310, 290, 270, 250, 230] [467, 418] 6 0
[470, 470, 470, 470, 470, 470] [350, 330, 310, 290, 270, 250] [467, 418] 6 0
[470, 470, 470, 470, 470, 470] [370, 350, 330, 310, 290, 270] [467, 418] 6 0
[470, 470, 470, 470, 470, 470] [390, 370, 350, 330, 310, 290] [467, 418] 6 0
[470, 470, 470, 470, 470, 470] [410, 390, 370, 350, 330, 310] [467, 418] 6 0
[470, 470, 470, 470, 470, 470, 470] [430, 410, 390, 370, 350, 330, 310] [384, 117] 7 0
[450, 470, 470, 470, 470, 470, 470] [430, 430, 410, 390, 370, 350, 330] [384, 117] 7 3
[430, 450, 470, 470, 470, 470, 470] [430, 430, 430, 410, 390, 370, 350] [384, 117] 7 3
[410, 430, 450, 470, 470, 470, 470] [430, 430, 430, 430, 410, 390, 370] [384, 117] 7 3
[390, 410, 430, 450, 470, 470, 470] [430, 430, 430, 430, 430, 410, 390] [384, 117] 7 3
[370, 390, 410, 430, 450, 470, 470] [430, 430, 430, 430, 430, 430, 410] [384, 117] 7 3
[370, 370, 390, 410, 430, 450, 470] [410, 430, 430, 430, 430, 430, 430] [384, 117] 7 2
[370, 370, 370, 390, 410, 430, 450] [390, 410, 430, 430, 430, 430, 430] [384, 117] 7 2
[370, 370, 370, 370, 390, 410, 430] [370, 390, 410, 430, 430, 430, 430] [384, 117] 7 2
[370, 370, 370, 370, 370, 390, 410] [350, 370, 390, 410, 430, 430, 430] [384, 117] 7 2
[370, 370, 370, 370, 370, 370, 390] [330, 350, 370, 390, 410, 430, 430] [384, 117] 7 2
[370, 370, 370, 370, 370, 370, 370] [310, 330, 350, 370, 390, 410, 430] [384, 117] 7 2
[370, 370, 370, 370, 370, 370, 370] [290, 310, 330, 350, 370, 390, 410] [384, 117] 7 2
[370, 370, 370, 370, 370, 370, 370] [270, 290, 310, 330, 350, 370, 390] [384, 117] 7 2
[370, 370, 370, 370, 370, 370, 370] [250, 270, 290, 310, 330, 350, 370] [384, 117] 7 2
[370, 370, 370, 370, 370, 370, 370] [230, 250, 270, 290, 310, 330, 350] [384, 117] 7 2
[370, 370, 370, 370, 370, 370, 370] [210, 230, 250, 270, 290, 310, 330] [384, 117] 7 2
[370, 370, 370, 370, 370, 370, 370] [190, 210, 230, 250, 270, 290, 310] [384, 117] 7 2
[370, 370, 370, 370, 370, 370, 370] [170, 190, 210, 230, 250, 270, 290] [384, 117] 7 2
[370, 370, 370, 370, 370, 370, 370] [150, 170, 190, 210, 230, 250, 270] [384, 117] 7 2
[370, 370, 370, 370, 370, 370, 370] [130, 150, 170, 190, 210, 230, 250] [384, 117] 7 2
[370, 370, 370, 370, 370, 370, 370] [110, 130, 150, 170, 190, 210, 230] [384, 117] 7 2
[370, 370, 370, 370, 370, 370, 370, 370] [90, 110, 130, 150, 170, 190, 210, 230] [539, 434] 8 2
[390, 370, 370, 370, 370, 370, 370, 370] [90, 90, 110, 130, 150, 170, 190, 210] [539, 434] 8 1
[410, 390, 370, 370, 370, 370, 370, 370] [90, 90, 90, 110, 130, 150, 170, 190] [539, 434] 8 1
[430, 410, 390, 370, 370, 370, 370, 370] [90, 90, 90, 90, 110, 130, 150, 170] [539, 434] 8 1
[450, 430, 410, 390, 370, 370, 370, 370] [90, 90, 90, 90, 90, 110, 130, 150] [539, 434] 8 1
[470, 450, 430, 410, 390, 370, 370, 370] [90, 90, 90, 90, 90, 90, 110, 130] [539, 434] 8 1
[490, 470, 450, 430, 410, 390, 370, 370] [90, 90, 90, 90, 90, 90, 90, 110] [539, 434] 8 1
[510, 490, 470, 450, 430, 410, 390, 370] [90, 90, 90, 90, 90, 90, 90, 90] [539, 434] 8 1
[530, 510, 490, 470, 450, 430, 410, 390] [90, 90, 90, 90, 90, 90, 90, 90] [539, 434] 8 1
[530, 530, 510, 490, 470, 450, 430, 410] [110, 90, 90, 90, 90, 90, 90, 90] [539, 434] 8 0
[530, 530, 530, 510, 490, 470, 450, 430] [130, 110, 90, 90, 90, 90, 90, 90] [539, 434] 8 0
[530, 530, 530, 530, 510, 490, 470, 450] [150, 130, 110, 90, 90, 90, 90, 90] [539, 434] 8 0
[530, 530, 530, 530, 530, 510, 490, 470] [170, 150, 130, 110, 90, 90, 90, 90] [539, 434] 8 0
[530, 530, 530, 530, 530, 530, 510, 490] [190, 170, 150, 130, 110, 90, 90, 90] [539, 434] 8 0
[530, 530, 530, 530, 530, 530, 530, 510] [210, 190, 170, 150, 130, 110, 90, 90] [539, 434] 8 0
[530, 530, 530, 530, 530, 530, 530, 530] [230, 210, 190, 170, 150, 130, 110, 90] [539, 434] 8 0
[530, 530, 530, 530, 530, 530, 530, 530] [250, 230, 210, 190, 170, 150, 130, 110] [539, 434] 8 0
[530, 530, 530, 530, 530, 530, 530, 530] [270, 250, 230, 210, 190, 170, 150, 130] [539, 434] 8 0
[530, 530, 530, 530, 530, 530, 530, 530] [290, 270, 250, 230, 210, 190, 170, 150] [539, 434] 8 0
[530, 530, 530, 530, 530, 530, 530, 530] [310, 290, 270, 250, 230, 210, 190, 170] [539, 434] 8 0
[530, 530, 530, 530, 530, 530, 530, 530] [330, 310, 290, 270, 250, 230, 210, 190] [539, 434] 8 0
[530, 530, 530, 530, 530, 530, 530, 530] [350, 330, 310, 290, 270, 250, 230, 210] [539, 434] 8 0
[530, 530, 530, 530, 530, 530, 530, 530] [370, 350, 330, 310, 290, 270, 250, 230] [539, 434] 8 0
[530, 530, 530, 530, 530, 530, 530, 530] [390, 370, 350, 330, 310, 290, 270, 250] [539, 434] 8 0
[530, 530, 530, 530, 530, 530, 530, 530] [410, 390, 370, 350, 330, 310, 290, 270] [539, 434] 8 0
[530, 530, 530, 530, 530, 530, 530, 530] [430, 410, 390, 370, 350, 330, 310, 290] [539, 434] 8 0
[530, 530, 530, 530, 530, 530, 530, 530, 530] [450, 430, 410, 390, 370, 350, 330, 310, 290] [376, 431] 9 0
[510, 530, 530, 530, 530, 530, 530, 530, 530] [450, 450, 430, 410, 390, 370, 350, 330, 310] [376, 431] 9 3
[490, 510, 530, 530, 530, 530, 530, 530, 530] [450, 450, 450, 430, 410, 390, 370, 350, 330] [376, 431] 9 3
[470, 490, 510, 530, 530, 530, 530, 530, 530] [450, 450, 450, 450, 430, 410, 390, 370, 350] [376, 431] 9 3
[450, 470, 490, 510, 530, 530, 530, 530, 530] [450, 450, 450, 450, 450, 430, 410, 390, 370] [376, 431] 9 3
[430, 450, 470, 490, 510, 530, 530, 530, 530] [450, 450, 450, 450, 450, 450, 430, 410, 390] [376, 431] 9 3
[410, 430, 450, 470, 490, 510, 530, 530, 530] [450, 450, 450, 450, 450, 450, 450, 430, 410] [376, 431] 9 3
[390, 410, 430, 450, 470, 490, 510, 530, 530] [450, 450, 450, 450, 450, 450, 450, 450, 430] [376, 431] 9 3
[370, 390, 410, 430, 450, 470, 490, 510, 530] [450, 450, 450, 450, 450, 450, 450, 450, 450] [376, 431] 9 3
[370, 370, 390, 410, 430, 450, 470, 490, 510] [430, 450, 450, 450, 450, 450, 450, 450, 450] [376, 431] 9 2
[370, 370, 370, 390, 410, 430, 450, 470, 490, 510] [410, 430, 450, 450, 450, 450, 450, 450, 450, 450] [402, 418] 10 2
[390, 370, 370, 370, 390, 410, 430, 450, 470, 490] [410, 410, 430, 450, 450, 450, 450, 450, 450, 450] [402, 418] 10 1
[410, 390, 370, 370, 370, 390, 410, 430, 450, 470, 490] [410, 410, 410, 430, 450, 450, 450, 450, 450, 450, 450] [15, 329] 11 1
[410, 410, 390, 370, 370, 370, 390, 410, 430, 450, 470] [390, 410, 410, 410, 430, 450, 450, 450, 450, 450, 450] [15, 329] 11 2
[410, 410, 410, 390, 370, 370, 370, 390, 410, 430, 450] [370, 390, 410, 410, 410, 430, 450, 450, 450, 450, 450] [15, 329] 11 2
[410, 410, 410, 410, 390, 370, 370, 370, 390, 410, 430] [350, 370, 390, 410, 410, 410, 430, 450, 450, 450, 450] [15, 329] 11 2
[410, 410, 410, 410, 410, 390, 370, 370, 370, 390, 410] [330, 350, 370, 390, 410, 410, 410, 430, 450, 450, 450] [15, 329] 11 2
[390, 410, 410, 410, 410, 410, 390, 370, 370, 370, 390] [330, 330, 350, 370, 390, 410, 410, 410, 430, 450, 450] [15, 329] 11 3
[370, 390, 410, 410, 410, 410, 410, 390, 370, 370, 370] [330, 330, 330, 350, 370, 390, 410, 410, 410, 430, 450] [15, 329] 11 3
[350, 370, 390, 410, 410, 410, 410, 410, 390, 370, 370] [330, 330, 330, 330, 350, 370, 390, 410, 410, 410, 430] [15, 329] 11 3
[330, 350, 370, 390, 410, 410, 410, 410, 410, 390, 370] [330, 330, 330, 330, 330, 350, 370, 390, 410, 410, 410] [15, 329] 11 3
[310, 330, 350, 370, 390, 410, 410, 410, 410, 410, 390] [330, 330, 330, 330, 330, 330, 350, 370, 390, 410, 410] [15, 329] 11 3
[290, 310, 330, 350, 370, 390, 410, 410, 410, 410, 410] [330, 330, 330, 330, 330, 330, 330, 350, 370, 390, 410] [15, 329] 11 3
[270, 290, 310, 330, 350, 370, 390, 410, 410, 410, 410] [330, 330, 330, 330, 330, 330, 330, 330, 350, 370, 390] [15, 329] 11 3
[250, 270, 290, 310, 330, 350, 370, 390, 410, 410, 410] [330, 330, 330, 330, 330, 330, 330, 330, 330, 350, 370] [15, 329] 11 3
[230, 250, 270, 290, 310, 330, 350, 370, 390, 410, 410] [330, 330, 330, 330, 330, 330, 330, 330, 330, 330, 350] [15, 329] 11 3
[210, 230, 250, 270, 290, 310, 330, 350, 370, 390, 410] [330, 330, 330, 330, 330, 330, 330, 330, 330, 330, 330] [15, 329] 11 3
[190, 210, 230, 250, 270, 290, 310, 330, 350, 370, 390] [330, 330, 330, 330, 330, 330, 330, 330, 330, 330, 330] [15, 329] 11 3
[170, 190, 210, 230, 250, 270, 290, 310, 330, 350, 370] [330, 330, 330, 330, 330, 330, 330, 330, 330, 330, 330] [15, 329] 11 3
[150, 170, 190, 210, 230, 250, 270, 290, 310, 330, 350] [330, 330, 330, 330, 330, 330, 330, 330, 330, 330, 330] [15, 329] 11 3
[130, 150, 170, 190, 210, 230, 250, 270, 290, 310, 330] [330, 330, 330, 330, 330, 330, 330, 330, 330, 330, 330] [15, 329] 11 3
[110, 130, 150, 170, 190, 210, 230, 250, 270, 290, 310] [330, 330, 330, 330, 330, 330, 330, 330, 330, 330, 330] [15, 329] 11 3
[90, 110, 130, 150, 170, 190, 210, 230, 250, 270, 290] [330, 330, 330, 330, 330, 330, 330, 330, 330, 330, 330] [15, 329] 11 3
[70, 90, 110, 130, 150, 170, 190, 210, 230, 250, 270] [330, 330, 330, 330, 330, 330, 330, 330, 330, 330, 330] [15, 329] 11 3
[50, 70, 90, 110, 130, 150, 170, 190, 210, 230, 250] [330, 330, 330, 330, 330, 330, 330, 330, 330, 330, 330] [15, 329] 11 3
[30, 50, 70, 90, 110, 130, 150, 170, 190, 210, 230] [330, 330, 330, 330, 330, 330, 330, 330, 330, 330, 330] [15, 329] 11 3
[10, 30, 50, 70, 90, 110, 130, 150, 170, 190, 210] [330, 330, 330, 330, 330, 330, 330, 330, 330, 330, 330] [15, 329] 11 3
[10, 10, 30, 50, 70, 90, 110, 130, 150, 170, 190, 210] [350, 330, 330, 330, 330, 330, 330, 330, 330, 330, 330, 330] [267, 317] 12 0
[30, 10, 10, 30, 50, 70, 90, 110, 130, 150, 170, 190] [350, 350, 330, 330, 330, 330, 330, 330, 330, 330, 330, 330] [267, 317] 12 1
[50, 30, 10, 10, 30, 50, 70, 90, 110, 130, 150, 170] [350, 350, 350, 330, 330, 330, 330, 330, 330, 330, 330, 330] [267, 317] 12 1
[70, 50, 30, 10, 10, 30, 50, 70, 90, 110, 130, 150] [350, 350, 350, 350, 330, 330, 330, 330, 330, 330, 330, 330] [267, 317] 12 1
[90, 70, 50, 30, 10, 10, 30, 50, 70, 90, 110, 130] [350, 350, 350, 350, 350, 330, 330, 330, 330, 330, 330, 330] [267, 317] 12 1
[110, 90, 70, 50, 30, 10, 10, 30, 50, 70, 90, 110] [350, 350, 350, 350, 350, 350, 330, 330, 330, 330, 330, 330] [267, 317] 12 1
[130, 110, 90, 70, 50, 30, 10, 10, 30, 50, 70, 90] [350, 350, 350, 350, 350, 350, 350, 330, 330, 330, 330, 330] [267, 317] 12 1
[150, 130, 110, 90, 70, 50, 30, 10, 10, 30, 50, 70] [350, 350, 350, 350, 350, 350, 350, 350, 330, 330, 330, 330] [267, 317] 12 1
[170, 150, 130, 110, 90, 70, 50, 30, 10, 10, 30, 50] [350, 350, 350, 350, 350, 350, 350, 350, 350, 330, 330, 330] [267, 317] 12 1
[190, 170, 150, 130, 110, 90, 70, 50, 30, 10, 10, 30] [350, 350, 350, 350, 350, 350, 350, 350, 350, 350, 330, 330] [267, 317] 12 1
[210, 190, 170, 150, 130, 110, 90, 70, 50, 30, 10, 10] [350, 350, 350, 350, 350, 350, 350, 350, 350, 350, 350, 330] [267, 317] 12 1
[230, 210, 190, 170, 150, 130, 110, 90, 70, 50, 30, 10] [350, 350, 350, 350, 350, 350, 350, 350, 350, 350, 350, 350] [267, 317] 12 1
[250, 230, 210, 190, 170, 150, 130, 110, 90, 70, 50, 30] [350, 350, 350, 350, 350, 350, 350, 350, 350, 350, 350, 350] [267, 317] 12 1
[270, 250, 230, 210, 190, 170, 150, 130, 110, 90, 70, 50] [350, 350, 350, 350, 350, 350, 350, 350, 350, 350, 350, 350] [267, 317] 12 1
[270, 270, 250, 230, 210, 190, 170, 150, 130, 110, 90, 70] [330, 350, 350, 350, 350, 350, 350, 350, 350, 350, 350, 350] [267, 317] 12 2
[270, 270, 270, 250, 230, 210, 190, 170, 150, 130, 110, 90] [310, 330, 350, 350, 350, 350, 350, 350, 350, 350, 350, 350] [267, 317] 12 2
[270, 270, 270, 270, 250, 230, 210, 190, 170, 150, 130, 110, 90] [290, 310, 330, 350, 350, 350, 350, 350, 350, 350, 350, 350, 350] [204, 242] 13 2
[270, 270, 270, 270, 270, 250, 230, 210, 190, 170, 150, 130, 110] [270, 290, 310, 330, 350, 350, 350, 350, 350, 350, 350, 350, 350] [204, 242] 13 2
[270, 270, 270, 270, 270, 270, 250, 230, 210, 190, 170, 150, 130] [250, 270, 290, 310, 330, 350, 350, 350, 350, 350, 350, 350, 350] [204, 242] 13 2
[250, 270, 270, 270, 270, 270, 270, 250, 230, 210, 190, 170, 150] [250, 250, 270, 290, 310, 330, 350, 350, 350, 350, 350, 350, 350] [204, 242] 13 3
[230, 250, 270, 270, 270, 270, 270, 270, 250, 230, 210, 190, 170] [250, 250, 250, 270, 290, 310, 330, 350, 350, 350, 350, 350, 350] [204, 242] 13 3
[210, 230, 250, 270, 270, 270, 270, 270, 270, 250, 230, 210, 190] [250, 250, 250, 250, 270, 290, 310, 330, 350, 350, 350, 350, 350] [204, 242] 13 3
[190, 210, 230, 250, 270, 270, 270, 270, 270, 270, 250, 230, 210, 190] [250, 250, 250, 250, 250, 270, 290, 310, 330, 350, 350, 350, 350, 350] [534, 231] 14 3
[190, 190, 210, 230, 250, 270, 270, 270, 270, 270, 270, 250, 230, 210] [230, 250, 250, 250, 250, 250, 270, 290, 310, 330, 350, 350, 350, 350] [534, 231] 14 2
[210, 190, 190, 210, 230, 250, 270, 270, 270, 270, 270, 270, 250, 230] [230, 230, 250, 250, 250, 250, 250, 270, 290, 310, 330, 350, 350, 350] [534, 231] 14 1
[230, 210, 190, 190, 210, 230, 250, 270, 270, 270, 270, 270, 270, 250] [230, 230, 230, 250, 250, 250, 250, 250, 270, 290, 310, 330, 350, 350] [534, 231] 14 1
[250, 230, 210, 190, 190, 210, 230, 250, 270, 270, 270, 270, 270, 270] [230, 230, 230, 230, 250, 250, 250, 250, 250, 270, 290, 310, 330, 350] [534, 231] 14 1
[270, 250, 230, 210, 190, 190, 210, 230, 250, 270, 270, 270, 270, 270] [230, 230, 230, 230, 230, 250, 250, 250, 250, 250, 270, 290, 310, 330] [534, 231] 14 1
[290, 270, 250, 230, 210, 190, 190, 210, 230, 250, 270, 270, 270, 270] [230, 230, 230, 230, 230, 230, 250, 250, 250, 250, 250, 270, 290, 310] [534, 231] 14 1
[310, 290, 270, 250, 230, 210, 190, 190, 210, 230, 250, 270, 270, 270] [230, 230, 230, 230, 230, 230, 230, 250, 250, 250, 250, 250, 270, 290] [534, 231] 14 1
[330, 310, 290, 270, 250, 230, 210, 190, 190, 210, 230, 250, 270, 270] [230, 230, 230, 230, 230, 230, 230, 230, 250, 250, 250, 250, 250, 270] [534, 231] 14 1
[350, 330, 310, 290, 270, 250, 230, 210, 190, 190, 210, 230, 250, 270] [230, 230, 230, 230, 230, 230, 230, 230, 230, 250, 250, 250, 250, 250] [534, 231] 14 1
[370, 350, 330, 310, 290, 270, 250, 230, 210, 190, 190, 210, 230, 250] [230, 230, 230, 230, 230, 230, 230, 230, 230, 230, 250, 250, 250, 250] [534, 231] 14 1
[390, 370, 350, 330, 310, 290, 270, 250, 230, 210, 190, 190, 210, 230] [230, 230, 230, 230, 230, 230, 230, 230, 230, 230, 230, 250, 250, 250] [534, 231] 14 1
[410, 390, 370, 350, 330, 310, 290, 270, 250, 230, 210, 190, 190, 210] [230, 230, 230, 230, 230, 230, 230, 230, 230, 230, 230, 230, 250, 250] [534, 231] 14 1
[430, 410, 390, 370, 350, 330, 310, 290, 270, 250, 230, 210, 190, 190] [230, 230, 230, 230, 230, 230, 230, 230, 230, 230, 230, 230, 230, 250] [534, 231] 14 1
[450, 430, 410, 390, 370, 350, 330, 310, 290, 270, 250, 230, 210, 190] [230, 230, 230, 230, 230, 230, 230, 230, 230, 230, 230, 230, 230, 230] [534, 231] 14 1
[470, 450, 430, 410, 390, 370, 350, 330, 310, 290, 270, 250, 230, 210] [230, 230, 230, 230, 230, 230, 230, 230, 230, 230, 230, 230, 230, 230] [534, 231] 14 1
[490, 470, 450, 430, 410, 390, 370, 350, 330, 310, 290, 270, 250, 230] [230, 230, 230, 230, 230, 230, 230, 230, 230, 230, 230, 230, 230, 230] [534, 231] 14 1
[510, 490, 470, 450, 430, 410, 390, 370, 350, 330, 310, 290, 270, 250] [230, 230, 230, 230, 230, 230, 230, 230, 230, 230, 230, 230, 230, 230] [534, 231] 14 1
[530, 510, 490, 470, 450, 430, 410, 390, 370, 350, 330, 310, 290, 270] [230, 230, 230, 230, 230, 230, 230, 230, 230, 230, 230, 230, 230, 230] [534, 231] 14 1
[530, 530, 510, 490, 470, 450, 430, 410, 390, 370, 350, 330, 310, 290, 270] [250, 230, 230, 230, 230, 230, 230, 230, 230, 230, 230, 230, 230, 230, 230] [356, 126] 15 0
[510, 530, 530, 510, 490, 470, 450, 430, 410, 390, 370, 350, 330, 310, 290] [250, 250, 230, 230, 230, 230, 230, 230, 230, 230, 230, 230, 230, 230, 230] [356, 126] 15 3
[490, 510, 530, 530, 510, 490, 470, 450, 430, 410, 390, 370, 350, 330, 310] [250, 250, 250, 230, 230, 230, 230, 230, 230, 230, 230, 230, 230, 230, 230] [356, 126] 15 3
[470, 490, 510, 530, 530, 510, 490, 470, 450, 430, 410, 390, 370, 350, 330] [250, 250, 250, 250, 230, 230, 230, 230, 230, 230, 230, 230, 230, 230, 230] [356, 126] 15 3
[450, 470, 490, 510, 530, 530, 510, 490, 470, 450, 430, 410, 390, 370, 350] [250, 250, 250, 250, 250, 230, 230, 230, 230, 230, 230, 230, 230, 230, 230] [356, 126] 15 3
[430, 450, 470, 490, 510, 530, 530, 510, 490, 470, 450, 430, 410, 390, 370] [250, 250, 250, 250, 250, 250, 230, 230, 230, 230, 230, 230, 230, 230, 230] [356, 126] 15 3
[410, 430, 450, 470, 490, 510, 530, 530, 510, 490, 470, 450, 430, 410, 390] [250, 250, 250, 250, 250, 250, 250, 230, 230, 230, 230, 230, 230, 230, 230] [356, 126] 15 3
[390, 410, 430, 450, 470, 490, 510, 530, 530, 510, 490, 470, 450, 430, 410] [250, 250, 250, 250, 250, 250, 250, 250, 230, 230, 230, 230, 230, 230, 230] [356, 126] 15 3
[370, 390, 410, 430, 450, 470, 490, 510, 530, 530, 510, 490, 470, 450, 430] [250, 250, 250, 250, 250, 250, 250, 250, 250, 230, 230, 230, 230, 230, 230] [356, 126] 15 3
[350, 370, 390, 410, 430, 450, 470, 490, 510, 530, 530, 510, 490, 470, 450] [250, 250, 250, 250, 250, 250, 250, 250, 250, 250, 230, 230, 230, 230, 230] [356, 126] 15 3
[350, 350, 370, 390, 410, 430, 450, 470, 490, 510, 530, 530, 510, 490, 470] [230, 250, 250, 250, 250, 250, 250, 250, 250, 250, 250, 230, 230, 230, 230] [356, 126] 15 2
[350, 350, 350, 370, 390, 410, 430, 450, 470, 490, 510, 530, 530, 510, 490] [210, 230, 250, 250, 250, 250, 250, 250, 250, 250, 250, 250, 230, 230, 230] [356, 126] 15 2
[350, 350, 350, 350, 370, 390, 410, 430, 450, 470, 490, 510, 530, 530, 510] [190, 210, 230, 250, 250, 250, 250, 250, 250, 250, 250, 250, 250, 230, 230] [356, 126] 15 2
[350, 350, 350, 350, 350, 370, 390, 410, 430, 450, 470, 490, 510, 530, 530] [170, 190, 210, 230, 250, 250, 250, 250, 250, 250, 250, 250, 250, 250, 230] [356, 126] 15 2
[350, 350, 350, 350, 350, 350, 370, 390, 410, 430, 450, 470, 490, 510, 530] [150, 170, 190, 210, 230, 250, 250, 250, 250, 250, 250, 250, 250, 250, 250] [356, 126] 15 2
[350, 350, 350, 350, 350, 350, 350, 370, 390, 410, 430, 450, 470, 490, 510] [130, 150, 170, 190, 210, 230, 250, 250, 250, 250, 250, 250, 250, 250, 250] [356, 126] 15 2
