[290, 290, 290, 290, 290] [290, 270, 250, 230, 210] [450, 54] 5 0
[310, 290, 290, 290, 290] [290, 290, 270, 250, 230] [450, 54] 5 1
[330, 310, 290, 290, 290] [290, 290, 290, 270, 250] [450, 54] 5 1
[350, 330, 310, 290, 290] [290, 290, 290, 290, 270] [450, 54] 5 1
[370, 350, 330, 310, 290] [290, 290, 290, 290, 290] [450, 54] 5 1
[390, 370, 350, 330, 310] [290, 290, 290, 290, 290] [450, 54] 5 1
[410, 390, 370, 350, 330] [290, 290, 290, 290, 290] [450, 54] 5 1
[430, 410, 390, 370, 350] [290, 290, 290, 290, 290] [450, 54] 5 1
[450, 430, 410, 390, 370] [290, 290, 290, 290, 290] [450, 54] 5 1
[450, 450, 430, 410, 390] [270, 290, 290, 290, 290] [450, 54] 5 2
[450, 450, 450, 430, 410] [250, 270, 290, 290, 290] [450, 54] 5 2
[450, 450, 450, 450, 430] [230, 250, 270, 290, 290] [450, 54] 5 2
[450, 450, 450, 450, 450] [210, 230, 250, 270, 290] [450, 54] 5 2
[450, 450, 450, 450, 450] [190, 210, 230, 250, 270] [450, 54] 5 2
[450, 450, 450, 450, 450] [170, 190, 210, 230, 250] [450, 54] 5 2
[450, 450, 450, 450, 450] [150, 170, 190, 210, 230] [450, 54] 5 2
[450, 450, 450, 450, 450] [130, 150, 170, 190, 210] [450, 54] 5 2
[450, 450, 450, 450, 450] [110, 130, 150, 170, 190] [450, 54] 5 2
[450, 450, 450, 450, 450] [90, 110, 130, 150, 170] [450, 54] 5 2
[450, 450, 450, 450, 450] [70, 90, 110, 130, 150] [450, 54] 5 2
[450, 450, 450, 450, 450] [50, 70, 90, 110, 130] [450, 54] 5 2
[430, 450, 450, 450, 450, 450] [50, 50, 70, 90, 110, 130] [535, 219] 6 3
[430, 430, 450, 450, 450, 450] [70, 50, 50, 70, 90, 110] [535, 219] 6 0
[430, 430, 430, 450, 450, 450] [90, 70, 50, 50, 70, 90] [535, 219] 6 0
[430, 430, 430, 430, 450, 450] [110, 90, 70, 50, 50, 70] [535, 219] 6 0
[430, 430, 430, 430, 430, 450] [130, 110, 90, 70, 50, 50] [535, 219] 6 0
[430, 430, 430, 430, 430, 430] [150, 130, 110, 90, 70, 50] [535, 219] 6 0
[430, 430, 430, 430, 430, 430] [170, 150, 130, 110, 90, 70] [535, 219] 6 0
[430, 430, 430, 430, 430, 430] [190, 170, 150, 130, 110, 90] [535, 219] 6 0
[430, 430, 430, 430, 430, 430] [210, 190, 170, 150, 130, 110] [535, 219] 6 0
[430, 430, 430, 430, 430, 430] [230, 210, 190, 170, 150, 130] [535, 219] 6 0
[450, 430, 430, 430, 430, 430] [230, 230, 210, 190, 170, 150] [535, 219] 6 1
[470, 450, 430, 430, 430, 430] [230, 230, 230, 210, 190, 170] [535, 219] 6 1
[490, 470, 450, 430, 430, 430] [230, 230, 230, 230, 210, 190] [535, 219] 6 1
[510, 490, 470, 450, 430, 430] [230, 230, 230, 230, 230, 210] [535, 219] 6 1
[530, 510, 490, 470, 450, 430] [230, 230, 230, 230, 230, 230] [535, 219] 6 1
[530, 530, 510, 490, 470, 450] [210, 230, 230, 230, 230, 230] [535, 219] 6 2
[530, 530, 530, 510, 490, 470, 450] [190, 210, 230, 230, 230, 230, 230] [322, 161] 7 2
[530, 530, 530, 530, 510, 490, 470] [170, 190, 210, 230, 230, 230, 230] [322, 161] 7 2
[530, 530, 530, 530, 530, 510, 490] [150, 170, 190, 210, 230, 230, 230] [322, 161] 7 2
[510, 530, 530, 530, 530, 530, 510] [150, 150, 170, 190, 210, 230, 230] [322, 161] 7 3
[490, 510, 530, 530, 530, 530, 530] [150, 150, 150, 170, 190, 210, 230] [322, 161] 7 3
[470, 490, 510, 530, 530, 530, 530] [150, 150, 150, 150, 170, 190, 210] [322, 161] 7 3
[450, 470, 490, 510, 530, 530, 530] [150, 150, 150, 150, 150, 170, 190] [322, 161] 7 3
[430, 450, 470, 490, 510, 530, 530] [150, 150, 150, 150, 150, 150, 170] [322, 161] 7 3
[410, 430, 450, 470, 490, 510, 530] [150, 150, 150, 150, 150, 150, 150] [322, 161] 7 3
[390, 410, 430, 450, 470, 490, 510] [150, 150, 150, 150, 150, 150, 150] [322, 161] 7 3
[370, 390, 410, 430, 450, 470, 490] [150, 150, 150, 150, 150, 150, 150] [322, 161] 7 3
[350, 370, 390, 410, 430, 450, 470] [150, 150, 150, 150, 150, 150, 150] [322, 161] 7 3
[330, 350, 370, 390, 410, 430, 450] [150, 150, 150, 150, 150, 150, 150] [322, 161] 7 3
[310, 330, 350, 370, 390, 410, 430, 450] [150, 150, 150, 150, 150, 150, 150, 150] [213, 581] 8 3
[290, 310, 330, 350, 370, 390, 410, 430] [150, 150, 150, 150, 150, 150, 150, 150] [213, 581] 8 3
[270, 290, 310, 330, 350, 370, 390, 410] [150, 150, 150, 150, 150, 150, 150, 150] [213, 581] 8 3
[250, 270, 290, 310, 330, 350, 370, 390] [150, 150, 150, 150, 150, 150, 150, 150] [213, 581] 8 3
[230, 250, 270, 290, 310, 330, 350, 370] [150, 150, 150, 150, 150, 150, 150, 150] [213, 581] 8 3
[210, 230, 250, 270, 290, 310, 330, 350] [150, 150, 150, 150, 150, 150, 150, 150] [213, 581] 8 3
[190, 210, 230, 250, 270, 290, 310, 330] [150, 150, 150, 150, 150, 150, 150, 150] [213, 581] 8 3
[190, 190, 210, 230, 250, 270, 290, 310] [170, 150, 150, 150, 150, 150, 150, 150] [213, 581] 8 0
[190, 190, 190, 210, 230, 250, 270, 290] [190, 170, 150, 150, 150, 150, 150, 150] [213, 581] 8 0
[190, 190, 190, 190, 210, 230, 250, 270] [210, 190, 170, 150, 150, 150, 150, 150] [213, 581] 8 0
[190, 190, 190, 190, 190, 210, 230, 250] [230, 210, 190, 170, 150, 150, 150, 150] [213, 581] 8 0
[190, 190, 190, 190, 190, 190, 210, 230] [250, 230, 210, 190, 170, 150, 150, 150] [213, 581] 8 0
[190, 190, 190, 190, 190, 190, 190, 210] [270, 250, 230, 210, 190, 170, 150, 150] [213, 581] 8 0
[190, 190, 190, 190, 190, 190, 190, 190] [290, 270, 250, 230, 210, 190, 170, 150] [213, 581] 8 0
[190, 190, 190, 190, 190, 190, 190, 190] [310, 290, 270, 250, 230, 210, 190, 170] [213, 581] 8 0
[190, 190, 190, 190, 190, 190, 190, 190] [330, 310, 290, 270, 250, 230, 210, 190] [213, 581] 8 0
[190, 190, 190, 190, 190, 190, 190, 190] [350, 330, 310, 290, 270, 250, 230, 210] [213, 581] 8 0
[190, 190, 190, 190, 190, 190, 190, 190] [370, 350, 330, 310, 290, 270, 250, 230] [213, 581] 8 0
[190, 190, 190, 190, 190, 190, 190, 190] [390, 370, 350, 330, 310, 290, 270, 250] [213, 581] 8 0
[190, 190, 190, 190, 190, 190, 190, 190] [410, 390, 370, 350, 330, 310, 290, 270] [213, 581] 8 0
[190, 190, 190, 190, 190, 190, 190, 190] [430, 410, 390, 370, 350, 330, 310, 290] [213, 581] 8 0
[190, 190, 190, 190, 190, 190, 190, 190] [450, 430, 410, 390, 370, 350, 330, 310] [213, 581] 8 0
[190, 190, 190, 190, 190, 190, 190, 190] [470, 450, 430, 410, 390, 370, 350, 330] [213, 581] 8 0
[190, 190, 190, 190, 190, 190, 190, 190] [490, 470, 450, 430, 410, 390, 370, 350] [213, 581] 8 0
[190, 190, 190, 190, 190, 190, 190, 190] [510, 490, 470, 450, 430, 410, 390, 370] [213, 581] 8 0
[190, 190, 190, 190, 190, 190, 190, 190] [530, 510, 490, 470, 450, 430, 410, 390] [213, 581] 8 0
[190, 190, 190, 190, 190, 190, 190, 190] [550, 530, 510, 490, 470, 450, 430, 410] [213, 581] 8 0
[190, 190, 190, 190, 190, 190, 190, 190] [570, 550, 530, 510, 490, 470, 450, 430] [213, 581] 8 0
[210, 190, 190, 190, 190, 190, 190, 190] [570, 570, 550, 530, 510, 490, 470, 450] [213, 581] 8 1
[230, 210, 190, 190, 190, 190, 190, 190, 190] [570, 570, 570, 550, 530, 510, 490, 470, 450] [251, 26] 9 1
[230, 230, 210, 190, 190, 190, 190, 190, 190] [550, 570, 570, 570, 550, 530, 510, 490, 470] [251, 26] 9 2
[250, 230, 230, 210, 190, 190, 190, 190, 190] [550, 550, 570, 570, 570, 550, 530, 510, 490] [251, 26] 9 1
[250, 250, 230, 230, 210, 190, 190, 190, 190] [530, 550, 550, 570, 570, 570, 550, 530, 510] [251, 26] 9 2
[250, 250, 250, 230, 230, 210, 190, 190, 190] [510, 530, 550, 550, 570, 570, 570, 550, 530] [251, 26] 9 2
[250, 250, 250, 250, 230, 230, 210, 190, 190] [490, 510, 530, 550, 550, 570, 570, 570, 550] [251, 26] 9 2
[250, 250, 250, 250, 250, 230, 230, 210, 190] [470, 490, 510, 530, 550, 550, 570, 570, 570] [251, 26] 9 2
[250, 250, 250, 250, 250, 250, 230, 230, 210] [450, 470, 490, 510, 530, 550, 550, 570, 570] [251, 26] 9 2
[250, 250, 250, 250, 250, 250, 250, 230, 230] [430, 450, 470, 490, 510, 530, 550, 550, 570] [251, 26] 9 2
[250, 250, 250, 250, 250, 250, 250, 250, 230] [410, 430, 450, 470, 490, 510, 530, 550, 550] [251, 26] 9 2
[250, 250, 250, 250, 250, 250, 250, 250, 250] [390, 410, 430, 450, 470, 490, 510, 530, 550] [251, 26] 9 2
[250, 250, 250, 250, 250, 250, 250, 250, 250] [370, 390, 410, 430, 450, 470, 490, 510, 530] [251, 26] 9 2
[250, 250, 250, 250, 250, 250, 250, 250, 250] [350, 370, 390, 410, 430, 450, 470, 490, 510] [251, 26] 9 2
[250, 250, 250, 250, 250, 250, 250, 250, 250] [330, 350, 370, 390, 410, 430, 450, 470, 490] [251, 26] 9 2
[250, 250, 250, 250, 250, 250, 250, 250, 250] [310, 330, 350, 370, 390, 410, 430, 450, 470] [251, 26] 9 2
[250, 250, 250, 250, 250, 250, 250, 250, 250] [290, 310, 330, 350, 370, 390, 410, 430, 450] [251, 26] 9 2
[250, 250, 250, 250, 250, 250, 250, 250, 250] [270, 290, 310, 330, 350, 370, 390, 410, 430] [251, 26] 9 2
[250, 250, 250, 250, 250, 250, 250, 250, 250] [250, 270, 290, 310, 330, 350, 370, 390, 410] [251, 26] 9 2
[250, 250, 250, 250, 250, 250, 250, 250, 250] [230, 250, 270, 290, 310, 330, 350, 370, 390] [251, 26] 9 2
[250, 250, 250, 250, 250, 250, 250, 250, 250] [210, 230, 250, 270, 290, 310, 330, 350, 370] [251, 26] 9 2
[250, 250, 250, 250, 250, 250, 250, 250, 250] [190, 210, 230, 250, 270, 290, 310, 330, 350] [251, 26] 9 2
[250, 250, 250, 250, 250, 250, 250, 250, 250] [170, 190, 210, 230, 250, 270, 290, 310, 330] [251, 26] 9 2
[250, 250, 250, 250, 250, 250, 250, 250, 250] [150, 170, 190, 210, 230, 250, 270, 290, 310] [251, 26] 9 2
[250, 250, 250, 250, 250, 250, 250, 250, 250] [130, 150, 170, 190, 210, 230, 250, 270, 290] [251, 26] 9 2
[250, 250, 250, 250, 250, 250, 250, 250, 250] [110, 130, 150, 170, 190, 210, 230, 250, 270] [251, 26] 9 2
[250, 250, 250, 250, 250, 250, 250, 250, 250] [90, 110, 130, 150, 170, 190, 210, 230, 250] [251, 26] 9 2
[250, 250, 250, 250, 250, 250, 250, 250, 250] [70, 90, 110, 130, 150, 170, 190, 210, 230] [251, 26] 9 2
[250, 250, 250, 250, 250, 250, 250, 250, 250] [50, 70, 90, 110, 130, 150, 170, 190, 210] [251, 26] 9 2
[250, 250, 250, 250, 250, 250, 250, 250, 250] [30, 50, 70, 90, 110, 130, 150, 170, 190] [251, 26] 9 2
[270, 250, 250, 250, 250, 250, 250, 250, 250, 250] [30, 30, 50, 70, 90, 110, 130, 150, 170, 190] [130, 448] 10 1
[270, 270, 250, 250, 250, 250, 250, 250, 250, 250] [50, 30, 30, 50, 70, 90, 110, 130, 150, 170] [130, 448] 10 0
[270, 270, 270, 250, 250, 250, 250, 250, 250, 250] [70, 50, 30, 30, 50, 70, 90, 110, 130, 150] [130, 448] 10 0
[270, 270, 270, 270, 250, 250, 250, 250, 250, 250] [90, 70, 50, 30, 30, 50, 70, 90, 110, 130] [130, 448] 10 0
[270, 270, 270, 270, 270, 250, 250, 250, 250, 250] [110, 90, 70, 50, 30, 30, 50, 70, 90, 110] [130, 448] 10 0
[270, 270, 270, 270, 270, 270, 250, 250, 250, 250] [130, 110, 90, 70, 50, 30, 30, 50, 70, 90] [130, 448] 10 0
[270, 270, 270, 270, 270, 270, 270, 250, 250, 250] [150, 130, 110, 90, 70, 50, 30, 30, 50, 70] [130, 448] 10 0
[270, 270, 270, 270, 270, 270, 270, 270, 250, 250] [170, 150, 130, 110, 90, 70, 50, 30, 30, 50] [130, 448] 10 0
[270, 270, 270, 270, 270, 270, 270, 270, 270, 250] [190, 170, 150, 130, 110, 90, 70, 50, 30, 30] [130, 448] 10 0
[270, 270, 270, 270, 270, 270, 270, 270, 270, 270] [210, 190, 170, 150, 130, 110, 90, 70, 50, 30] [130, 448] 10 0
[270, 270, 270, 270, 270, 270, 270, 270, 270, 270] [230, 210, 190, 170, 150, 130, 110, 90, 70, 50] [130, 448] 10 0
[270, 270, 270, 270, 270, 270, 270, 270, 270, 270] [250, 230, 210, 190, 170, 150, 130, 110, 90, 70] [130, 448] 10 0
[270, 270, 270, 270, 270, 270, 270, 270, 270, 270] [270, 250, 230, 210, 190, 170, 150, 130, 110, 90] [130, 448] 10 0
[270, 270, 270, 270, 270, 270, 270, 270, 270, 270] [290, 270, 250, 230, 210, 190, 170, 150, 130, 110] [130, 448] 10 0
[270, 270, 270, 270, 270, 270, 270, 270, 270, 270] [310, 290, 270, 250, 230, 210, 190, 170, 150, 130] [130, 448] 10 0
[270, 270, 270, 270, 270, 270, 270, 270, 270, 270] [330, 310, 290, 270, 250, 230, 210, 190, 170, 150] [130, 448] 10 0
[270, 270, 270, 270, 270, 270, 270, 270, 270, 270] [350, 330, 310, 290, 270, 250, 230, 210, 190, 170] [130, 448] 10 0
[270, 270, 270, 270, 270, 270, 270, 270, 270, 270] [370, 350, 330, 310, 290, 270, 250, 230, 210, 190] [130, 448] 10 0
[270, 270, 270, 270, 270, 270, 270, 270, 270, 270] [390, 370, 350, 330, 310, 290, 270, 250, 230, 210] [130, 448] 10 0
[270, 270, 270, 270, 270, 270, 270, 270, 270, 270] [410, 390, 370, 350, 330, 310, 290, 270, 250, 230] [130, 448] 10 0
[270, 270, 270, 270, 270, 270, 270, 270, 270, 270] [430, 410, 390, 370, 350, 330, 310, 290, 270, 250] [130, 448] 10 0
[270, 270, 270, 270, 270, 270, 270, 270, 270, 270] [450, 430, 410, 390, 370, 350, 330, 310, 290, 270] [130, 448] 10 0
[250, 270, 270, 270, 270, 270, 270, 270, 270, 270] [450, 450, 430, 410, 390, 370, 350, 330, 310, 290] [130, 448] 10 3
[230, 250, 270, 270, 270, 270, 270, 270, 270, 270] [450, 450, 450, 430, 410, 390, 370, 350, 330, 310] [130, 448] 10 3
[210, 230, 250, 270, 270, 270, 270, 270, 270, 270] [450, 450, 450, 450, 430, 410, 390, 370, 350, 330] [130, 448] 10 3
[190, 210, 230, 250, 270, 270, 270, 270, 270, 270] [450, 450, 450, 450, 450, 430, 410, 390, 370, 350] [130, 448] 10 3
[170, 190, 210, 230, 250, 270, 270, 270, 270, 270] [450, 450, 450, 450, 450, 450, 430, 410, 390, 370] [130, 448] 10 3
[150, 170, 190, 210, 230, 250, 270, 270, 270, 270] [450, 450, 450, 450, 450, 450, 450, 430, 410, 390] [130, 448] 10 3
[130, 150, 170, 190, 210, 230, 250, 270, 270, 270] [450, 450, 450, 450, 450, 450, 450, 450, 430, 410] [130, 448] 10 3
[110, 130, 150, 170, 190, 210, 230, 250, 270, 270, 270] [450, 450, 450, 450, 450, 450, 450, 450, 450, 430, 410] [454, 8] 11 3
[110, 110, 130, 150, 170, 190, 210, 230, 250, 270, 270] [430, 450, 450, 450, 450, 450, 450, 450, 450, 450, 430] [454, 8] 11 2
[110, 110, 110, 130, 150, 170, 190, 210, 230, 250, 270] [410, 430, 450, 450, 450, 450, 450, 450, 450, 450, 450] [454, 8] 11 2
[110, 110, 110, 110, 130, 150, 170, 190, 210, 230, 250] [390, 410, 430, 450, 450, 450, 450, 450, 450, 450, 450] [454, 8] 11 2
[110, 110, 110, 110, 110, 130, 150, 170, 190, 210, 230] [370, 390, 410, 430, 450, 450, 450, 450, 450, 450, 450] [454, 8] 11 2
[110, 110, 110, 110, 110, 110, 130, 150, 170, 190, 210] [350, 370, 390, 410, 430, 450, 450, 450, 450, 450, 450] [454, 8] 11 2
[110, 110, 110, 110, 110, 110, 110, 130, 150, 170, 190] [330, 350, 370, 390, 410, 430, 450, 450, 450, 450, 450] [454, 8] 11 2
[110, 110, 110, 110, 110, 110, 110, 110, 130, 150, 170] [310, 330, 350, 370, 390, 410, 430, 450, 450, 450, 450] [454, 8] 11 2
[110, 110, 110, 110, 110, 110, 110, 110, 110, 130, 150] [290, 310, 330, 350, 370, 390, 410, 430, 450, 450, 450] [454, 8] 11 2
[110, 110, 110, 110, 110, 110, 110, 110, 110, 110, 130] [270, 290, 310, 330, 350, 370, 390, 410, 430, 450, 450] [454, 8] 11 2
[110, 110, 110, 110, 110, 110, 110, 110, 110, 110, 110] [250, 270, 290, 310, 330, 350, 370, 390, 410, 430, 450] [454, 8] 11 2
[110, 110, 110, 110, 110, 110, 110, 110, 110, 110, 110] [230, 250, 270, 290, 310, 330, 350, 370, 390, 410, 430] [454, 8] 11 2
[110, 110, 110, 110, 110, 110, 110, 110, 110, 110, 110] [210, 230, 250, 270, 290, 310, 330, 350, 370, 390, 410] [454, 8] 11 2
[110, 110, 110, 110, 110, 110, 110, 110, 110, 110, 110] [190, 210, 230, 250, 270, 290, 310, 330, 350, 370, 390] [454, 8] 11 2
[110, 110, 110, 110, 110, 110, 110, 110, 110, 110, 110] [170, 190, 210, 230, 250, 270, 290, 310, 330, 350, 370] [454, 8] 11 2
[110, 110, 110, 110, 110, 110, 110, 110, 110, 110, 110] [150, 170, 190, 210, 230, 250, 270, 290, 310, 330, 350] [454, 8] 11 2
[110, 110, 110, 110, 110, 110, 110, 110, 110, 110, 110] [130, 150, 170, 190, 210, 230, 250, 270, 290, 310, 330] [454, 8] 11 2
[110, 110, 110, 110, 110, 110, 110, 110, 110, 110, 110] [110, 130, 150, 170, 190, 210, 230, 250, 270, 290, 310] [454, 8] 11 2
[110, 110, 110, 110, 110, 110, 110, 110, 110, 110, 110] [90, 110, 130, 150, 170, 190, 210, 230, 250, 270, 290] [454, 8] 11 2
[110, 110, 110, 110, 110, 110, 110, 110, 110, 110, 110] [70, 90, 110, 130, 150, 170, 190, 210, 230, 250, 270] [454, 8] 11 2
[110, 110, 110, 110, 110, 110, 110, 110, 110, 110, 110] [50, 70, 90, 110, 130, 150, 170, 190, 210, 230, 250] [454, 8] 11 2
[110, 110, 110, 110, 110, 110, 110, 110, 110, 110, 110] [30, 50, 70, 90, 110, 130, 150, 170, 190, 210, 230] [454, 8] 11 2
[110, 110, 110, 110, 110, 110, 110, 110, 110, 110, 110] [10, 30, 50, 70, 90, 110, 130, 150, 170, 190, 210] [454, 8] 11 2
[130, 110, 110, 110, 110, 110, 110, 110, 110, 110, 110] [10, 10, 30, 50, 70, 90, 110, 130, 150, 170, 190] [454, 8] 11 1
[150, 130, 110, 110, 110, 110, 110, 110, 110, 110, 110] [10, 10, 10, 30, 50, 70, 90, 110, 130, 150, 170] [454, 8] 11 1
[170, 150, 130, 110, 110, 110, 110, 110, 110, 110, 110] [10, 10, 10, 10, 30, 50, 70, 90, 110, 130, 150] [454, 8] 11 1
[190, 170, 150, 130, 110, 110, 110, 110, 110, 110, 110] [10, 10, 10, 10, 10, 30, 50, 70, 90, 110, 130] [454, 8] 11 1
[210, 190, 170, 150, 130, 110, 110, 110, 110, 110, 110] [10, 10, 10, 10, 10, 10, 30, 50, 70, 90, 110] [454, 8] 11 1
[230, 210, 190, 170, 150, 130, 110, 110, 110, 110, 110] [10, 10, 10, 10, 10, 10, 10, 30, 50, 70, 90] [454, 8] 11 1
[250, 230, 210, 190, 170, 150, 130, 110, 110, 110, 110] [10, 10, 10, 10, 10, 10, 10, 10, 30, 50, 70] [454, 8] 11 1
[270, 250, 230, 210, 190, 170, 150, 130, 110, 110, 110] [10, 10, 10, 10, 10, 10, 10, 10, 10, 30, 50] [454, 8] 11 1
[290, 270, 250, 230, 210, 190, 170, 150, 130, 110, 110] [10, 10, 10, 10, 10, 10, 10, 10, 10, 10, 30] [454, 8] 11 1
[310, 290, 270, 250, 230, 210, 190, 170, 150, 130, 110] [10, 10, 10, 10, 10, 10, 10, 10, 10, 10, 10] [454, 8] 11 1
[330, 310, 290, 270, 250, 230, 210, 190, 170, 150, 130] [10, 10, 10, 10, 10, 10, 10, 10, 10, 10, 10] [454, 8] 11 1
[350, 330, 310, 290, 270, 250, 230, 210, 190, 170, 150] [10, 10, 10, 10, 10, 10, 10, 10, 10, 10, 10] [454, 8] 11 1
[370, 350, 330, 310, 290, 270, 250, 230, 210, 190, 170] [10, 10, 10, 10, 10, 10, 10, 10, 10, 10, 10] [454, 8] 11 1
[390, 370, 350, 330, 310, 290, 270, 250, 230, 210, 190] [10, 10, 10, 10, 10, 10, 10, 10, 10, 10, 10] [454, 8] 11 1
[410, 390, 370, 350, 330, 310, 290, 270, 250, 230, 210] [10, 10, 10, 10, 10, 10, 10, 10, 10, 10, 10] [454, 8] 11 1
[430, 410, 390, 370, 350, 330, 310, 290, 270, 250, 230] [10, 10, 10, 10, 10, 10, 10, 10, 10, 10, 10] [454, 8] 11 1
[450, 430, 410, 390, 370, 350, 330, 310, 290, 270, 250] [10, 10, 10, 10, 10, 10, 10, 10, 10, 10, 10] [454, 8] 11 1
[450, 450, 430, 410, 390, 370, 350, 330, 310, 290, 270, 250] [30, 10, 10, 10, 10, 10, 10, 10, 10, 10, 10, 10] [436, 373] 12 0
[450, 450, 450, 430, 410, 390, 370, 350, 330, 310, 290, 270] [50, 30, 10, 10, 10, 10, 10, 10, 10, 10, 10, 10] [436, 373] 12 0
[450, 450, 450, 450, 430, 410, 390, 370, 350, 330, 310, 290] [70, 50, 30, 10, 10, 10, 10, 10, 10, 10, 10, 10] [436, 373] 12 0
[450, 450, 450, 450, 450, 430, 410, 390, 370, 350, 330, 310] [90, 70, 50, 30, 10, 10, 10, 10, 10, 10, 10, 10] [436, 373] 12 0
[450, 450, 450, 450, 450, 450, 430, 410, 390, 370, 350, 330] [110, 90, 70, 50, 30, 10, 10, 10, 10, 10, 10, 10] [436, 373] 12 0
[450, 450, 450, 450, 450, 450, 450, 430, 410, 390, 370, 350] [130, 110, 90, 70, 50, 30, 10, 10, 10, 10, 10, 10] [436, 373] 12 0
[450, 450, 450, 450, 450, 450, 450, 450, 430, 410, 390, 370] [150, 130, 110, 90, 70, 50, 30, 10, 10, 10, 10, 10] [436, 373] 12 0
[450, 450, 450, 450, 450, 450, 450, 450, 450, 430, 410, 390] [170, 150, 130, 110, 90, 70, 50, 30, 10, 10, 10, 10] [436, 373] 12 0
[450, 450, 450, 450, 450, 450, 450, 450, 450, 450, 430, 410] [190, 170, 150, 130, 110, 90, 70, 50, 30, 10, 10, 10] [436, 373] 12 0
[450, 450, 450, 450, 450, 450, 450, 450, 450, 450, 450, 430] [210, 190, 170, 150, 130, 110, 90, 70, 50, 30, 10, 10] [436, 373] 12 0
[450, 450, 450, 450, 450, 450, 450, 450, 450, 450, 450, 450] [230, 210, 190, 170, 150, 130, 110, 90, 70, 50, 30, 10] [436, 373] 12 0
[450, 450, 450, 450, 450, 450, 450, 450, 450, 450, 450, 450] [250, 230, 210, 190, 170, 150, 130, 110, 90, 70, 50, 30] [436, 373] 12 0
[450, 450, 450, 450, 450, 450, 450, 450, 450, 450, 450, 450] [270, 250, 230, 210, 190, 170, 150, 130, 110, 90, 70, 50] [436, 373] 12 0
[450, 450, 450, 450, 450, 450, 450, 450, 450, 450, 450, 450] [290, 270, 250, 230, 210, 190, 170, 150, 130, 110, 90, 70] [436, 373] 12 0
[450, 450, 450, 450, 450, 450, 450, 450, 450, 450, 450, 450] [310, 290, 270, 250, 230, 210, 190, 170, 150, 130, 110, 90] [436, 373] 12 0
[450, 450, 450, 450, 450, 450, 450, 450, 450, 450, 450, 450] [330, 310, 290, 270, 250, 230, 210, 190, 170, 150, 130, 110] [436, 373] 12 0
[450, 450, 450, 450, 450, 450, 450, 450, 450, 450, 450, 450] [350, 330, 310, 290, 270, 250, 230, 210, 190, 170, 150, 130] [436, 373] 12 0
[450, 450, 450, 450, 450, 450, 450, 450, 450, 450, 450, 450] [370, 350, 330, 310, 290, 270, 250, 230, 210, 190, 170, 150] [436, 373] 12 0
[430, 450, 450, 450, 450, 450, 450, 450, 450, 450, 450, 450] [370, 370, 350, 330, 310, 290, 270, 250, 230, 210, 190, 170] [436, 373] 12 3
[410, 430, 450, 450, 450, 450, 450, 450, 450, 450, 450, 450, 450] [370, 370, 370, 350, 330, 310, 290, 270, 250, 230, 210, 190, 170] [248, 41] 13 3
[390, 410, 430, 450, 450, 450, 450, 450, 450, 450, 450, 450, 450] [370, 370, 370, 370, 350, 330, 310, 290, 270, 250, 230, 210, 190] [248, 41] 13 3
[370, 390, 410, 430, 450, 450, 450, 450, 450, 450, 450, 450, 450] [370, 370, 370, 370, 370, 350, 330, 310, 290, 270, 250, 230, 210] [248, 41] 13 3
[350, 370, 390, 410, 430, 450, 450, 450, 450, 450, 450, 450, 450] [370, 370, 370, 370, 370, 370, 350, 330, 310, 290, 270, 250, 230] [248, 41] 13 3
[330, 350, 370, 390, 410, 430, 450, 450, 450, 450, 450, 450, 450] [370, 370, 370, 370, 370, 370, 370, 350, 330, 310, 290, 270, 250] [248, 41] 13 3
[310, 330, 350, 370, 390, 410, 430, 450, 450, 450, 450, 450, 450] [370, 370, 370, 370, 370, 370, 370, 370, 350, 330, 310, 290, 270] [248, 41] 13 3
[290, 310, 330, 350, 370, 390, 410, 430, 450, 450, 450, 450, 450] [370, 370, 370, 370, 370, 370, 370, 370, 370, 350, 330, 310, 290] [248, 41] 13 3
[270, 290, 310, 330, 350, 370, 390, 410, 430, 450, 450, 450, 450] [370, 370, 370, 370, 370, 370, 370, 370, 370, 370, 350, 330, 310] [248, 41] 13 3
[250, 270, 290, 310, 330, 350, 370, 390, 410, 430, 450, 450, 450] [370, 370, 370, 370, 370, 370, 370, 370, 370, 370, 370, 350, 330] [248, 41] 13 3
[230, 250, 270, 290, 310, 330, 350, 370, 390, 410, 430, 450, 450] [370, 370, 370, 370, 370, 370, 370, 370, 370, 370, 370, 370, 350] [248, 41] 13 3
[230, 230, 250, 270, 290, 310, 330, 350, 370, 390, 410, 430, 450] [350, 370, 370, 370, 370, 370, 370, 370, 370, 370, 370, 370, 370] [248, 41] 13 2
[230, 230, 230, 250, 270, 290, 310, 330, 350, 370, 390, 410, 430] [330, 350, 370, 370, 370, 370, 370, 370, 370, 370, 370, 370, 370] [248, 41] 13 2
[230, 230, 230, 230, 250, 270, 290, 310, 330, 350, 370, 390, 410] [310, 330, 350, 370, 370, 370, 370, 370, 370, 370, 370, 370, 370] [248, 41] 13 2
[230, 230, 230, 230, 230, 250, 270, 290, 310, 330, 350, 370, 390] [290, 310, 330, 350, 370, 370, 370, 370, 370, 370, 370, 370, 370] [248, 41] 13 2
[230, 230, 230, 230, 230, 230, 250, 270, 290, 310, 330, 350, 370] [270, 290, 310, 330, 350, 370, 370, 370, 370, 370, 370, 370, 370] [248, 41] 13 2
[230, 230, 230, 230, 230, 230, 230, 250, 270, 290, 310, 330, 350] [250, 270, 290, 310, 330, 350, 370, 370, 370, 370, 370, 370, 370] [248, 41] 13 2
[230, 230, 230, 230, 230, 230, 230, 230, 250, 270, 290, 310, 330] [230, 250, 270, 290, 310, 330, 350, 370, 370, 370, 370, 370, 370] [248, 41] 13 2
[230, 230, 230, 230, 230, 230, 230, 230, 230, 250, 270, 290, 310] [210, 230, 250, 270, 290, 310, 330, 350, 370, 370, 370, 370, 370] [248, 41] 13 2
[230, 230, 230, 230, 230, 230, 230, 230, 230, 230, 250, 270, 290] [190, 210, 230, 250, 270, 290, 310, 330, 350, 370, 370, 370, 370] [248, 41] 13 2
[230, 230, 230, 230, 230, 230, 230, 230, 230, 230, 230, 250, 270] [170, 190, 210, 230, 250, 270, 290, 310, 330, 350, 370, 370, 370] [248, 41] 13 2
[230, 230, 230, 230, 230, 230, 230, 230, 230, 230, 230, 230, 250] [150, 170, 190, 210, 230, 250, 270, 290, 310, 330, 350, 370, 370] [248, 41] 13 2
[230, 230, 230, 230, 230, 230, 230, 230, 230, 230, 230, 230, 230] [130, 150, 170, 190, 210, 230, 250, 270, 290, 310, 330, 350, 370] [248, 41] 13 2
[230, 230, 230, 230, 230, 230, 230, 230, 230, 230, 230, 230, 230] [110, 130, 150, 170, 190, 210, 230, 250, 270, 290, 310, 330, 350] [248, 41] 13 2
[230, 230, 230, 230, 230, 230, 230, 230, 230, 230, 230, 230, 230] [90, 110, 130, 150, 170, 190, 210, 230, 250, 270, 290, 310, 330] [248, 41] 13 2
[230, 230, 230, 230, 230, 230, 230, 230, 230, 230, 230, 230, 230] [70, 90, 110, 130, 150, 170, 190, 210, 230, 250, 270, 290, 310] [248, 41] 13 2
[230, 230, 230, 230, 230, 230, 230, 230, 230, 230, 230, 230, 230] [50, 70, 90, 110, 130, 150, 170, 190, 210, 230, 250, 270, 290] [248, 41] 13 2
[250, 230, 230, 230, 230, 230, 230, 230, 230, 230, 230, 230, 230, 230] [50, 50, 70, 90, 110, 130, 150, 170, 190, 210, 230, 250, 270, 290] [435, 224] 14 1
[270, 250, 230, 230, 230, 230, 230, 230, 230, 230, 230, 230, 230, 230] [50, 50, 50, 70, 90, 110, 130, 150, 170, 190, 210, 230, 250, 270] [435, 224] 14 1
[290, 270, 250, 230, 230, 230, 230, 230, 230, 230, 230, 230, 230, 230] [50, 50, 50, 50, 70, 90, 110, 130, 150, 170, 190, 210, 230, 250] [435, 224] 14 1
[310, 290, 270, 250, 230, 230, 230, 230, 230, 230, 230, 230, 230, 230] [50, 50, 50, 50, 50, 70, 90, 110, 130, 150, 170, 190, 210, 230] [435, 224] 14 1
[330, 310, 290, 270, 250, 230, 230, 230, 230, 230, 230, 230, 230, 230] [50, 50, 50, 50, 50, 50, 70, 90, 110, 130, 150, 170, 190, 210] [435, 224] 14 1
[350, 330, 310, 290, 270, 250, 230, 230, 230, 230, 230, 230, 230, 230] [50, 50, 50, 50, 50, 50, 50, 70, 90, 110, 130, 150, 170, 190] [435, 224] 14 1
[370, 350, 330, 310, 290, 270, 250, 230, 230, 230, 230, 230, 230, 230] [50, 50, 50, 50, 50, 50, 50, 50, 70, 90, 110, 130, 150, 170] [435, 224] 14 1
[390, 370, 350, 330, 310, 290, 270, 250, 230, 230, 230, 230, 230, 230] [50, 50, 50, 50, 50, 50, 50, 50, 50, 70, 90, 110, 130, 150] [435, 224] 14 1
[410, 390, 370, 350, 330, 310, 290, 270, 250, 230, 230, 230, 230, 230] [50, 50, 50, 50, 50, 50, 50, 50, 50, 50, 70, 90, 110, 130] [435, 224] 14 1
[430, 410, 390, 370, 350, 330, 310, 290, 270, 250, 230, 230, 230, 230] [50, 50, 50, 50, 50, 50, 50, 50, 50, 50, 50, 70, 90, 110] [435, 224] 14 1
[430, 430, 410, 390, 370, 350, 330, 310, 290, 270, 250, 230, 230, 230] [70, 50, 50, 50, 50, 50, 50, 50, 50, 50, 50, 50, 70, 90] [435, 224] 14 0
[430, 430, 430, 410, 390, 370, 350, 330, 310, 290, 270, 250, 230, 230] [90, 70, 50, 50, 50, 50, 50, 50, 50, 50, 50, 50, 50, 70] [435, 224] 14 0
[430, 430, 430, 430, 410, 390, 370, 350, 330, 310, 290, 270, 250, 230] [110, 90, 70, 50, 50, 50, 50, 50, 50, 50, 50, 50, 50, 50] [435, 224] 14 0
[430, 430, 430, 430, 430, 410, 390, 370, 350, 330, 310, 290, 270, 250] [130, 110, 90, 70, 50, 50, 50, 50, 50, 50, 50, 50, 50, 50] [435, 224] 14 0
[430, 430, 430, 430, 430, 430, 410, 390, 370, 350, 330, 310, 290, 270] [150, 130, 110, 90, 70, 50, 50, 50, 50, 50, 50, 50, 50, 50] [435, 224] 14 0
[430, 430, 430, 430, 430, 430, 430, 410, 390, 370, 350, 330, 310, 290] [170, 150, 130, 110, 90, 70, 50, 50, 50, 50, 50, 50, 50, 50] [435, 224] 14 0
[430, 430, 430, 430, 430, 430, 430, 430, 410, 390, 370, 350, 330, 310] [190, 170, 150, 130, 110, 90, 70, 50, 50, 50, 50, 50, 50, 50] [435, 224] 14 0
[430, 430, 430, 430, 430, 430, 430, 430, 430, 410, 390, 370, 350, 330] [210, 190, 170, 150, 130, 110, 90, 70, 50, 50, 50, 50, 50, 50] [435, 224] 14 0
[430, 430, 430, 430, 430, 430, 430, 430, 430, 430, 410, 390, 370, 350, 330] [230, 210, 190, 170, 150, 130, 110, 90, 70, 50, 50, 50, 50, 50, 50] [397, 156] 15 0
[430, 430, 430, 430, 430, 430, 430, 430, 430, 430, 430, 410, 390, 370, 350] [250, 230, 210, 190, 170, 150, 130, 110, 90, 70, 50, 50, 50, 50, 50] [397, 156] 15 0
[430, 430, 430, 430, 430, 430, 430, 430, 430, 430, 430, 430, 410, 390, 370] [270, 250, 230, 210, 190, 170, 150, 130, 110, 90, 70, 50, 50, 50, 50] [397, 156] 15 0
[410, 430, 430, 430, 430, 430, 430, 430, 430, 430, 430, 430, 430, 410, 390] [270, 270, 250, 230, 210, 190, 170, 150, 130, 110, 90, 70, 50, 50, 50] [397, 156] 15 3
[390, 410, 430, 430, 430, 430, 430, 430, 430, 430, 430, 430, 430, 430, 410] [270, 270, 270, 250, 230, 210, 190, 170, 150, 130, 110, 90, 70, 50, 50] [397, 156] 15 3
[370, 390, 410, 430, 430, 430, 430, 430, 430, 430, 430, 430, 430, 430, 430] [270, 270, 270, 270, 250, 230, 210, 190, 170, 150, 130, 110, 90, 70, 50] [397, 156] 15 3
[370, 370, 390, 410, 430, 430, 430, 430, 430, 430, 430, 430, 430, 430, 430] [250, 270, 270, 270, 270, 250, 230, 210, 190, 170, 150, 130, 110, 90, 70] [397, 156] 15 2
[370, 370, 370, 390, 410, 430, 430, 430, 430, 430, 430, 430, 430, 430, 430] [230, 250, 270, 270, 270, 270, 250, 230, 210, 190, 170, 150, 130, 110, 90] [397, 156] 15 2
[370, 370, 370, 370, 390, 410, 430, 430, 430, 430, 430, 430, 430, 430, 430] [210, 230, 250, 270, 270, 270, 270, 250, 230, 210, 190, 170, 150, 130, 110] [397, 156] 15 2
[370, 370, 370, 370, 370, 390, 410, 430, 430, 430, 430, 430, 430, 430, 430] [190, 210, 230, 250, 270, 270, 270, 270, 250, 230, 210, 190, 170, 150, 130] [397, 156] 15 2
[370, 370, 370, 370, 370, 370, 390, 410, 430, 430, 430, 430, 430, 430, 430] [170, 190, 210, 230, 250, 270, 270, 270, 270, 250, 230, 210, 190, 170, 150] [397, 156] 15 2
[370, 370, 370, 370, 370, 370, 370, 390, 410, 430, 430, 430, 430, 430, 430] [150, 170, 190, 210, 230, 250, 270, 270, 270, 270, 250, 230, 210, 190, 170] [397, 156] 15 2
[390, 370, 370, 370, 370, 370, 370, 370, 390, 410, 430, 430, 430, 430, 430] [150, 150, 170, 190, 210, 230, 250, 270, 270, 270, 270, 250, 230, 210, 190] [397, 156] 15 1
[410, 390, 370, 370, 370, 370, 370, 370, 370, 390, 410, 430, 430, 430, 430, 430] [150, 150, 150, 170, 190, 210, 230, 250, 270, 270, 270, 270, 250, 230, 210, 190] [446, 200] 16 1
[430, 410, 390, 370, 370, 370, 370, 370, 370, 370, 390, 410, 430, 430, 430, 430] [150, 150, 150, 150, 170, 190, 210, 230, 250, 270, 270, 270, 270, 250, 230, 210] [446, 200] 16 1
[430, 430, 410, 390, 370, 370, 370, 370, 370, 370, 370, 390, 410, 430, 430, 430] [170, 150, 150, 150, 150, 170, 190, 210, 230, 250, 270, 270, 270, 270, 250, 230] [446, 200] 16 0
[430, 430, 430, 410, 390, 370, 370, 370, 370, 370, 370, 370, 390, 410, 430, 430] [190, 170, 150, 150, 150, 150, 170, 190, 210, 230, 250, 270, 270, 270, 270, 250] [446, 200] 16 0
