[290, 290, 290, 290, 290] [290, 270, 250, 230, 210] [379, 184] 5 0
[310, 290, 290, 290, 290] [290, 290, 270, 250, 230] [379, 184] 5 1
[330, 310, 290, 290, 290] [290, 290, 290, 270, 250] [379, 184] 5 1
[350, 330, 310, 290, 290] [290, 290, 290, 290, 270] [379, 184] 5 1
[370, 350, 330, 310, 290] [290, 290, 290, 290, 290] [379, 184] 5 1
[370, 370, 350, 330, 310] [270, 290, 290, 290, 290] [379, 184] 5 2
[370, 370, 370, 350, 330] [250, 270, 290, 290, 290] [379, 184] 5 2
[370, 370, 370, 370, 350] [230, 250, 270, 290, 290] [379, 184] 5 2
[370, 370, 370, 370, 370] [210, 230, 250, 270, 290] [379, 184] 5 2
[370, 370, 370, 370, 370] [190, 210, 230, 250, 270] [379, 184] 5 2
[370, 370, 370, 370, 370, 370] [170, 190, 210, 230, 250, 270] [30, 418] 6 2
[350, 370, 370, 370, 370, 370] [170, 170, 190, 210, 230, 250] [30, 418] 6 3
[330, 350, 370, 370, 370, 370] [170, 170, 170, 190, 210, 230] [30, 418] 6 3
[310, 330, 350, 370, 370, 370] [170, 170, 170, 170, 190, 210] [30, 418] 6 3
[290, 310, 330, 350, 370, 370] [170, 170, 170, 170, 170, 190] [30, 418] 6 3
[270, 290, 310, 330, 350, 370] [170, 170, 170, 170, 170, 170] [30, 418] 6 3
[250, 270, 290, 310, 330, 350] [170, 170, 170, 170, 170, 170] [30, 418] 6 3
[230, 250, 270, 290, 310, 330] [170, 170, 170, 170, 170, 170] [30, 418] 6 3
[210, 230, 250, 270, 290, 310] [170, 170, 170, 170, 170, 170] [30, 418] 6 3
[190, 210, 230, 250, 270, 290] [170, 170, 170, 170, 170, 170] [30, 418] 6 3
[170, 190, 210, 230, 250, 270] [170, 170, 170, 170, 170, 170] [30, 418] 6 3
[150, 170, 190, 210, 230, 250] [170, 170, 170, 170, 170, 170] [30, 418] 6 3
[130, 150, 170, 190, 210, 230] [170, 170, 170, 170, 170, 170] [30, 418] 6 3
[110, 130, 150, 170, 190, 210] [170, 170, 170, 170, 170, 170] [30, 418] 6 3
[90, 110, 130, 150, 170, 190] [170, 170, 170, 170, 170, 170] [30, 418] 6 3
[70, 90, 110, 130, 150, 170] [170, 170, 170, 170, 170, 170] [30, 418] 6 3
[50, 70, 90, 110, 130, 150] [170, 170, 170, 170, 170, 170] [30, 418] 6 3
[30, 50, 70, 90, 110, 130] [170, 170, 170, 170, 170, 170] [30, 418] 6 3
[30, 30, 50, 70, 90, 110] [190, 170, 170, 170, 170, 170] [30, 418] 6 0
[30, 30, 30, 50, 70, 90] [210, 190, 170, 170, 170, 170] [30, 418] 6 0
[30, 30, 30, 30, 50, 70] [230, 210, 190, 170, 170, 170] [30, 418] 6 0
[30, 30, 30, 30, 30, 50] [250, 230, 210, 190, 170, 170] [30, 418] 6 0
[30, 30, 30, 30, 30, 30] [270, 250, 230, 210, 190, 170] [30, 418] 6 0
[30, 30, 30, 30, 30, 30] [290, 270, 250, 230, 210, 190] [30, 418] 6 0
[30, 30, 30, 30, 30, 30] [310, 290, 270, 250, 230, 210] [30, 418] 6 0
[30, 30, 30, 30, 30, 30] [330, 310, 290, 270, 250, 230] [30, 418] 6 0
[30, 30, 30, 30, 30, 30] [350, 330, 310, 290, 270, 250] [30, 418] 6 0
[30, 30, 30, 30, 30, 30] [370, 350, 330, 310, 290, 270] [30, 418] 6 0
[30, 30, 30, 30, 30, 30] [390, 370, 350, 330, 310, 290] [30, 418] 6 0
[30, 30, 30, 30, 30, 30] [410, 390, 370, 350, 330, 310] [30, 418] 6 0
[30, 30, 30, 30, 30, 30, 30] [430, 410, 390, 370, 350, 330, 310] [62, 203] 7 0
[50, 30, 30, 30, 30, 30, 30] [430, 430, 410, 390, 370, 350, 330] [62, 203] 7 1
[50, 50, 30, 30, 30, 30, 30] [410, 430, 430, 410, 390, 370, 350] [62, 203] 7 2
[50, 50, 50, 30, 30, 30, 30] [390, 410, 430, 430, 410, 390, 370] [62, 203] 7 2
[50, 50, 50, 50, 30, 30, 30] [370, 390, 410, 430, 430, 410, 390] [62, 203] 7 2
[50, 50, 50, 50, 50, 30, 30] [350, 370, 390, 410, 430, 430, 410] [62, 203] 7 2
[50, 50, 50, 50, 50, 50, 30] [330, 350, 370, 390, 410, 430, 430] [62, 203] 7 2
[50, 50, 50, 50, 50, 50, 50] [310, 330, 350, 370, 390, 410, 430] [62, 203] 7 2
[50, 50, 50, 50, 50, 50, 50] [290, 310, 330, 350, 370, 390, 410] [62, 203] 7 2
[50, 50, 50, 50, 50, 50, 50] [270, 290, 310, 330, 350, 370, 390] [62, 203] 7 2
[50, 50, 50, 50, 50, 50, 50] [250, 270, 290, 310, 330, 350, 370] [62, 203] 7 2
[50, 50, 50, 50, 50, 50, 50] [230, 250, 270, 290, 310, 330, 350] [62, 203] 7 2
[50, 50, 50, 50, 50, 50, 50] [210, 230, 250, 270, 290, 310, 330] [62, 203] 7 2
[50, 50, 50, 50, 50, 50, 50, 50] [190, 210, 230, 250, 270, 290, 310, 330] [42, 41] 8 2
[50, 50, 50, 50, 50, 50, 50, 50] [170, 190, 210, 230, 250, 270, 290, 310] [42, 41] 8 2
[50, 50, 50, 50, 50, 50, 50, 50] [150, 170, 190, 210, 230, 250, 270, 290] [42, 41] 8 2
[50, 50, 50, 50, 50, 50, 50, 50] [130, 150, 170, 190, 210, 230, 250, 270] [42, 41] 8 2
[50, 50, 50, 50, 50, 50, 50, 50] [110, 130, 150, 170, 190, 210, 230, 250] [42, 41] 8 2
[50, 50, 50, 50, 50, 50, 50, 50] [90, 110, 130, 150, 170, 190, 210, 230] [42, 41] 8 2
[50, 50, 50, 50, 50, 50, 50, 50] [70, 90, 110, 130, 150, 170, 190, 210] [42, 41] 8 2
[50, 50, 50, 50, 50, 50, 50, 50] [50, 70, 90, 110, 130, 150, 170, 190] [42, 41] 8 2
[50, 50, 50, 50, 50, 50, 50, 50, 50] [30, 50, 70, 90, 110, 130, 150, 170, 190] [508, 375] 9 2
[70, 50, 50, 50, 50, 50, 50, 50, 50] [30, 30, 50, 70, 90, 110, 130, 150, 170] [508, 375] 9 1
[90, 70, 50, 50, 50, 50, 50, 50, 50] [30, 30, 30, 50, 70, 90, 110, 130, 150] [508, 375] 9 1
[110, 90, 70, 50, 50, 50, 50, 50, 50] [30, 30, 30, 30, 50, 70, 90, 110, 130] [508, 375] 9 1
[130, 110, 90, 70, 50, 50, 50, 50, 50] [30, 30, 30, 30, 30, 50, 70, 90, 110] [508, 375] 9 1
[150, 130, 110, 90, 70, 50, 50, 50, 50] [30, 30, 30, 30, 30, 30, 50, 70, 90] [508, 375] 9 1
[170, 150, 130, 110, 90, 70, 50, 50, 50] [30, 30, 30, 30, 30, 30, 30, 50, 70] [508, 375] 9 1
[190, 170, 150, 130, 110, 90, 70, 50, 50] [30, 30, 30, 30, 30, 30, 30, 30, 50] [508, 375] 9 1
[210, 190, 170, 150, 130, 110, 90, 70, 50] [30, 30, 30, 30, 30, 30, 30, 30, 30] [508, 375] 9 1
[230, 210, 190, 170, 150, 130, 110, 90, 70] [30, 30, 30, 30, 30, 30, 30, 30, 30] [508, 375] 9 1
[250, 230, 210, 190, 170, 150, 130, 110, 90] [30, 30, 30, 30, 30, 30, 30, 30, 30] [508, 375] 9 1
[270, 250, 230, 210, 190, 170, 150, 130, 110] [30, 30, 30, 30, 30, 30, 30, 30, 30] [508, 375] 9 1
[290, 270, 250, 230, 210, 190, 170, 150, 130] [30, 30, 30, 30, 30, 30, 30, 30, 30] [508, 375] 9 1
[310, 290, 270, 250, 230, 210, 190, 170, 150] [30, 30, 30, 30, 30, 30, 30, 30, 30] [508, 375] 9 1
[330, 310, 290, 270, 250, 230, 210, 190, 170] [30, 30, 30, 30, 30, 30, 30, 30, 30] [508, 375] 9 1
[350, 330, 310, 290, 270, 250, 230, 210, 190] [30, 30, 30, 30, 30, 30, 30, 30, 30] [508, 375] 9 1
[370, 350, 330, 310, 290, 270, 250, 230, 210] [30, 30, 30, 30, 30, 30, 30, 30, 30] [508, 375] 9 1
[390, 370, 350, 330, 310, 290, 270, 250, 230] [30, 30, 30, 30, 30, 30, 30, 30, 30] [508, 375] 9 1
[410, 390, 370, 350, 330, 310, 290, 270, 250] [30, 30, 30, 30, 30, 30, 30, 30, 30] [508, 375] 9 1
[430, 410, 390, 370, 350, 330, 310, 290, 270] [30, 30, 30, 30, 30, 30, 30, 30, 30] [508, 375] 9 1
[450, 430, 410, 390, 370, 350, 330, 310, 290] [30, 30, 30, 30, 30, 30, 30, 30, 30] [508, 375] 9 1
[470, 450, 430, 410, 390, 370, 350, 330, 310] [30, 30, 30, 30, 30, 30, 30, 30, 30] [508, 375] 9 1
[470, 470, 450, 430, 410, 390, 370, 350, 330] [50, 30, 30, 30, 30, 30, 30, 30, 30] [508, 375] 9 0
[490, 470, 470, 450, 430, 410, 390, 370, 350] [50, 50, 30, 30, 30, 30, 30, 30, 30] [508, 375] 9 1
[490, 490, 470, 470, 450, 430, 410, 390, 370] [70, 50, 50, 30, 30, 30, 30, 30, 30] [508, 375] 9 0
[490, 490, 490, 470, 470, 450, 430, 410, 390] [90, 70, 50, 50, 30, 30, 30, 30, 30] [508, 375] 9 0
[490, 490, 490, 490, 470, 470, 450, 430, 410] [110, 90, 70, 50, 50, 30, 30, 30, 30] [508, 375] 9 0
[490, 490, 490, 490, 490, 470, 470, 450, 430] [130, 110, 90, 70, 50, 50, 30, 30, 30] [508, 375] 9 0
[490, 490, 490, 490, 490, 490, 470, 470, 450] [150, 130, 110, 90, 70, 50, 50, 30, 30] [508, 375] 9 0
[510, 490, 490, 490, 490, 490, 490, 470, 470] [150, 150, 130, 110, 90, 70, 50, 50, 30] [508, 375] 9 1
[510, 510, 490, 490, 490, 490, 490, 490, 470] [170, 150, 150, 130, 110, 90, 70, 50, 50] [508, 375] 9 0
[510, 510, 510, 490, 490, 490, 490, 490, 490] [190, 170, 150, 150, 130, 110, 90, 70, 50] [508, 375] 9 0
[510, 510, 510, 510, 490, 490, 490, 490, 490] [210, 190, 170, 150, 150, 130, 110, 90, 70] [508, 375] 9 0
[510, 510, 510, 510, 510, 490, 490, 490, 490] [230, 210, 190, 170, 150, 150, 130, 110, 90] [508, 375] 9 0
[510, 510, 510, 510, 510, 510, 490, 490, 490] [250, 230, 210, 190, 170, 150, 150, 130, 110] [508, 375] 9 0
[510, 510, 510, 510, 510, 510, 510, 490, 490] [270, 250, 230, 210, 190, 170, 150, 150, 130] [508, 375] 9 0
[510, 510, 510, 510, 510, 510, 510, 510, 490] [290, 270, 250, 230, 210, 190, 170, 150, 150] [508, 375] 9 0
[510, 510, 510, 510, 510, 510, 510, 510, 510] [310, 290, 270, 250, 230, 210, 190, 170, 150] [508, 375] 9 0
[510, 510, 510, 510, 510, 510, 510, 510, 510] [330, 310, 290, 270, 250, 230, 210, 190, 170] [508, 375] 9 0
[510, 510, 510, 510, 510, 510, 510, 510, 510] [350, 330, 310, 290, 270, 250, 230, 210, 190] [508, 375] 9 0
[510, 510, 510, 510, 510, 510, 510, 510, 510] [370, 350, 330, 310, 290, 270, 250, 230, 210] [508, 375] 9 0
[510, 510, 510, 510, 510, 510, 510, 510, 510, 510] [390, 370, 350, 330, 310, 290, 270, 250, 230, 210] [466, 181] 10 0
[490, 510, 510, 510, 510, 510, 510, 510, 510, 510] [390, 390, 370, 350, 330, 310, 290, 270, 250, 230] [466, 181] 10 3
[470, 490, 510, 510, 510, 510, 510, 510, 510, 510] [390, 390, 390, 370, 350, 330, 310, 290, 270, 250] [466, 181] 10 3
[450, 470, 490, 510, 510, 510, 510, 510, 510, 510] [390, 390, 390, 390, 370, 350, 330, 310, 290, 270] [466, 181] 10 3
[450, 450, 470, 490, 510, 510, 510, 510, 510, 510] [370, 390, 390, 390, 390, 370, 350, 330, 310, 290] [466, 181] 10 2
[450, 450, 450, 470, 490, 510, 510, 510, 510, 510] [350, 370, 390, 390, 390, 390, 370, 350, 330, 310] [466, 181] 10 2
[450, 450, 450, 450, 470, 490, 510, 510, 510, 510] [330, 350, 370, 390, 390, 390, 390, 370, 350, 330] [466, 181] 10 2
[450, 450, 450, 450, 450, 470, 490, 510, 510, 510] [310, 330, 350, 370, 390, 390, 390, 390, 370, 350] [466, 181] 10 2
[450, 450, 450, 450, 450, 450, 470, 490, 510, 510] [290, 310, 330, 350, 370, 390, 390, 390, 390, 370] [466, 181] 10 2
[450, 450, 450, 450, 450, 450, 450, 470, 490, 510] [270, 290, 310, 330, 350, 370, 390, 390, 390, 390] [466, 181] 10 2
[450, 450, 450, 450, 450, 450, 450, 450, 470, 490] [250, 270, 290, 310, 330, 350, 370, 390, 390, 390] [466, 181] 10 2
[450, 450, 450, 450, 450, 450, 450, 450, 450, 470] [230, 250, 270, 290, 310, 330, 350, 370, 390, 390] [466, 181] 10 2
[450, 450, 450, 450, 450, 450, 450, 450, 450, 450] [210, 230, 250, 270, 290, 310, 330, 350, 370, 390] [466, 181] 10 2
[450, 450, 450, 450, 450, 450, 450, 450, 450, 450] [190, 210, 230, 250, 270, 290, 310, 330, 350, 370] [466, 181] 10 2
[450, 450, 450, 450, 450, 450, 450, 450, 450, 450, 450] [170, 190, 210, 230, 250, 270, 290, 310, 330, 350, 370] [293, 311] 11 2
[450, 450, 450, 450, 450, 450, 450, 450, 450, 450, 450] [150, 170, 190, 210, 230, 250, 270, 290, 310, 330, 350] [293, 311] 11 2
[430, 450, 450, 450, 450, 450, 450, 450, 450, 450, 450] [150, 150, 170, 190, 210, 230, 250, 270, 290, 310, 330] [293, 311] 11 3
[410, 430, 450, 450, 450, 450, 450, 450, 450, 450, 450] [150, 150, 150, 170, 190, 210, 230, 250, 270, 290, 310] [293, 311] 11 3
[390, 410, 430, 450, 450, 450, 450, 450, 450, 450, 450] [150, 150, 150, 150, 170, 190, 210, 230, 250, 270, 290] [293, 311] 11 3
[370, 390, 410, 430, 450, 450, 450, 450, 450, 450, 450] [150, 150, 150, 150, 150, 170, 190, 210, 230, 250, 270] [293, 311] 11 3
[350, 370, 390, 410, 430, 450, 450, 450, 450, 450, 450] [150, 150, 150, 150, 150, 150, 170, 190, 210, 230, 250] [293, 311] 11 3
[330, 350, 370, 390, 410, 430, 450, 450, 450, 450, 450] [150, 150, 150, 150, 150, 150, 150, 170, 190, 210, 230] [293, 311] 11 3
[310, 330, 350, 370, 390, 410, 430, 450, 450, 450, 450] [150, 150, 150, 150, 150, 150, 150, 150, 170, 190, 210] [293, 311] 11 3
[290, 310, 330, 350, 370, 390, 410, 430, 450, 450, 450] [150, 150, 150, 150, 150, 150, 150, 150, 150, 170, 190] [293, 311] 11 3
[290, 290, 310, 330, 350, 370, 390, 410, 430, 450, 450] [170, 150, 150, 150, 150, 150, 150, 150, 150, 150, 170] [293, 311] 11 0
[290, 290, 290, 310, 330, 350, 370, 390, 410, 430, 450] [190, 170, 150, 150, 150, 150, 150, 150, 150, 150, 150] [293, 311] 11 0
[290, 290, 290, 290, 310, 330, 350, 370, 390, 410, 430] [210, 190, 170, 150, 150, 150, 150, 150, 150, 150, 150] [293, 311] 11 0
[290, 290, 290, 290, 290, 310, 330, 350, 370, 390, 410] [230, 210, 190, 170, 150, 150, 150, 150, 150, 150, 150] [293, 311] 11 0
[290, 290, 290, 290, 290, 290, 310, 330, 350, 370, 390] [250, 230, 210, 190, 170, 150, 150, 150, 150, 150, 150] [293, 311] 11 0
[290, 290, 290, 290, 290, 290, 290, 310, 330, 350, 370] [270, 250, 230, 210, 190, 170, 150, 150, 150, 150, 150] [293, 311] 11 0
[290, 290, 290, 290, 290, 290, 290, 290, 310, 330, 350] [290, 270, 250, 230, 210, 190, 170, 150, 150, 150, 150] [293, 311] 11 0
[290, 290, 290, 290, 290, 290, 290, 290, 290, 310, 330] [310, 290, 270, 250, 230, 210, 190, 170, 150, 150, 150] [293, 311] 11 0
[290, 290, 290, 290, 290, 290, 290, 290, 290, 290, 310, 330] [330, 310, 290, 270, 250, 230, 210, 190, 170, 150, 150, 150] [514, 23] 12 0
[310, 290, 290, 290, 290, 290, 290, 290, 290, 290, 290, 310] [330, 330, 310, 290, 270, 250, 230, 210, 190, 170, 150, 150] [514, 23] 12 1
[330, 310, 290, 290, 290, 290, 290, 290, 290, 290, 290, 290] [330, 330, 330, 310, 290, 270, 250, 230, 210, 190, 170, 150] [514, 23] 12 1
[350, 330, 310, 290, 290, 290, 290, 290, 290, 290, 290, 290] [330, 330, 330, 330, 310, 290, 270, 250, 230, 210, 190, 170] [514, 23] 12 1
[370, 350, 330, 310, 290, 290, 290, 290, 290, 290, 290, 290] [330, 330, 330, 330, 330, 310, 290, 270, 250, 230, 210, 190] [514, 23] 12 1
[390, 370, 350, 330, 310, 290, 290, 290, 290, 290, 290, 290] [330, 330, 330, 330, 330, 330, 310, 290, 270, 250, 230, 210] [514, 23] 12 1
[410, 390, 370, 350, 330, 310, 290, 290, 290, 290, 290, 290] [330, 330, 330, 330, 330, 330, 330, 310, 290, 270, 250, 230] [514, 23] 12 1
[430, 410, 390, 370, 350, 330, 310, 290, 290, 290, 290, 290] [330, 330, 330, 330, 330, 330, 330, 330, 310, 290, 270, 250] [514, 23] 12 1
[450, 430, 410, 390, 370, 350, 330, 310, 290, 290, 290, 290] [330, 330, 330, 330, 330, 330, 330, 330, 330, 310, 290, 270] [514, 23] 12 1
[470, 450, 430, 410, 390, 370, 350, 330, 310, 290, 290, 290] [330, 330, 330, 330, 330, 330, 330, 330, 330, 330, 310, 290] [514, 23] 12 1
[490, 470, 450, 430, 410, 390, 370, 350, 330, 310, 290, 290] [330, 330, 330, 330, 330, 330, 330, 330, 330, 330, 330, 310] [514, 23] 12 1
[510, 490, 470, 450, 430, 410, 390, 370, 350, 330, 310, 290] [330, 330, 330, 330, 330, 330, 330, 330, 330, 330, 330, 330] [514, 23] 12 1
[530, 510, 490, 470, 450, 430, 410, 390, 370, 350, 330, 310] [330, 330, 330, 330, 330, 330, 330, 330, 330, 330, 330, 330] [514, 23] 12 1
[530, 530, 510, 490, 470, 450, 430, 410, 390, 370, 350, 330] [310, 330, 330, 330, 330, 330, 330, 330, 330, 330, 330, 330] [514, 23] 12 2
[530, 530, 530, 510, 490, 470, 450, 430, 410, 390, 370, 350] [290, 310, 330, 330, 330, 330, 330, 330, 330, 330, 330, 330] [514, 23] 12 2
[530, 530, 530, 530, 510, 490, 470, 450, 430, 410, 390, 370] [270, 290, 310, 330, 330, 330, 330, 330, 330, 330, 330, 330] [514, 23] 12 2
[530, 530, 530, 530, 530, 510, 490, 470, 450, 430, 410, 390] [250, 270, 290, 310, 330, 330, 330, 330, 330, 330, 330, 330] [514, 23] 12 2
[530, 530, 530, 530, 530, 530, 510, 490, 470, 450, 430, 410] [230, 250, 270, 290, 310, 330, 330, 330, 330, 330, 330, 330] [514, 23] 12 2
[530, 530, 530, 530, 530, 530, 530, 510, 490, 470, 450, 430] [210, 230, 250, 270, 290, 310, 330, 330, 330, 330, 330, 330] [514, 23] 12 2
[530, 530, 530, 530, 530, 530, 530, 530, 510, 490, 470, 450] [190, 210, 230, 250, 270, 290, 310, 330, 330, 330, 330, 330] [514, 23] 12 2
[530, 530, 530, 530, 530, 530, 530, 530, 530, 510, 490, 470] [170, 190, 210, 230, 250, 270, 290, 310, 330, 330, 330, 330] [514, 23] 12 2
[530, 530, 530, 530, 530, 530, 530, 530, 530, 530, 510, 490] [150, 170, 190, 210, 230, 250, 270, 290, 310, 330, 330, 330] [514, 23] 12 2
[530, 530, 530, 530, 530, 530, 530, 530, 530, 530, 530, 510] [130, 150, 170, 190, 210, 230, 250, 270, 290, 310, 330, 330] [514, 23] 12 2
[530, 530, 530, 530, 530, 530, 530, 530, 530, 530, 530, 530] [110, 130, 150, 170, 190, 210, 230, 250, 270, 290, 310, 330] [514, 23] 12 2
[530, 530, 530, 530, 530, 530, 530, 530, 530, 530, 530, 530] [90, 110, 130, 150, 170, 190, 210, 230, 250, 270, 290, 310] [514, 23] 12 2
[530, 530, 530, 530, 530, 530, 530, 530, 530, 530, 530, 530] [70, 90, 110, 130, 150, 170, 190, 210, 230, 250, 270, 290] [514, 23] 12 2
[530, 530, 530, 530, 530, 530, 530, 530, 530, 530, 530, 530] [50, 70, 90, 110, 130, 150, 170, 190, 210, 230, 250, 270] [514, 23] 12 2
[530, 530, 530, 530, 530, 530, 530, 530, 530, 530, 530, 530] [30, 50, 70, 90, 110, 130, 150, 170, 190, 210, 230, 250] [514, 23] 12 2
[510, 530, 530, 530, 530, 530, 530, 530, 530, 530, 530, 530] [30, 30, 50, 70, 90, 110, 130, 150, 170, 190, 210, 230] [514, 23] 12 3
[490, 510, 530, 530, 530, 530, 530, 530, 530, 530, 530, 530, 530] [30, 30, 30, 50, 70, 90, 110, 130, 150, 170, 190, 210, 230] [366, 507] 13 3
[470, 490, 510, 530, 530, 530, 530, 530, 530, 530, 530, 530, 530] [30, 30, 30, 30, 50, 70, 90, 110, 130, 150, 170, 190, 210] [366, 507] 13 3
[450, 470, 490, 510, 530, 530, 530, 530, 530, 530, 530, 530, 530] [30, 30, 30, 30, 30, 50, 70, 90, 110, 130, 150, 170, 190] [366, 507] 13 3
[430, 450, 470, 490, 510, 530, 530, 530, 530, 530, 530, 530, 530] [30, 30, 30, 30, 30, 30, 50, 70, 90, 110, 130, 150, 170] [366, 507] 13 3
[410, 430, 450, 470, 490, 510, 530, 530, 530, 530, 530, 530, 530] [30, 30, 30, 30, 30, 30, 30, 50, 70, 90, 110, 130, 150] [366, 507] 13 3
[390, 410, 430, 450, 470, 490, 510, 530, 530, 530, 530, 530, 530] [30, 30, 30, 30, 30, 30, 30, 30, 50, 70, 90, 110, 130] [366, 507] 13 3
[370, 390, 410, 430, 450, 470, 490, 510, 530, 530, 530, 530, 530] [30, 30, 30, 30, 30, 30, 30, 30, 30, 50, 70, 90, 110] [366, 507] 13 3
[350, 370, 390, 410, 430, 450, 470, 490, 510, 530, 530, 530, 530] [30, 30, 30, 30, 30, 30, 30, 30, 30, 30, 50, 70, 90] [366, 507] 13 3
[350, 350, 370, 390, 410, 430, 450, 470, 490, 510, 530, 530, 530] [50, 30, 30, 30, 30, 30, 30, 30, 30, 30, 30, 50, 70] [366, 507] 13 0
[350, 350, 350, 370, 390, 410, 430, 450, 470, 490, 510, 530, 530] [70, 50, 30, 30, 30, 30, 30, 30, 30, 30, 30, 30, 50] [366, 507] 13 0
[350, 350, 350, 350, 370, 390, 410, 430, 450, 470, 490, 510, 530] [90, 70, 50, 30, 30, 30, 30, 30, 30, 30, 30, 30, 30] [366, 507] 13 0
[350, 350, 350, 350, 350, 370, 390, 410, 430, 450, 470, 490, 510] [110, 90, 70, 50, 30, 30, 30, 30, 30, 30, 30, 30, 30] [366, 507] 13 0
[350, 350, 350, 350, 350, 350, 370, 390, 410, 430, 450, 470, 490] [130, 110, 90, 70, 50, 30, 30, 30, 30, 30, 30, 30, 30] [366, 507] 13 0
[350, 350, 350, 350, 350, 350, 350, 370, 390, 410, 430, 450, 470] [150, 130, 110, 90, 70, 50, 30, 30, 30, 30, 30, 30, 30] [366, 507] 13 0
[350, 350, 350, 350, 350, 350, 350, 350, 370, 390, 410, 430, 450] [170, 150, 130, 110, 90, 70, 50, 30, 30, 30, 30, 30, 30] [366, 507] 13 0
[350, 350, 350, 350, 350, 350, 350, 350, 350, 370, 390, 410, 430] [190, 170, 150, 130, 110, 90, 70, 50, 30, 30, 30, 30, 30] [366, 507] 13 0
[350, 350, 350, 350, 350, 350, 350, 350, 350, 350, 370, 390, 410] [210, 190, 170, 150, 130, 110, 90, 70, 50, 30, 30, 30, 30] [366, 507] 13 0
[350, 350, 350, 350, 350, 350, 350, 350, 350, 350, 350, 370, 390] [230, 210, 190, 170, 150, 130, 110, 90, 70, 50, 30, 30, 30] [366, 507] 13 0
[350, 350, 350, 350, 350, 350, 350, 350, 350, 350, 350, 350, 370] [250, 230, 210, 190, 170, 150, 130, 110, 90, 70, 50, 30, 30] [366, 507] 13 0
[350, 350, 350, 350, 350, 350, 350, 350, 350, 350, 350, 350, 350] [270, 250, 230, 210, 190, 170, 150, 130, 110, 90, 70, 50, 30] [366, 507] 13 0
[350, 350, 350, 350, 350, 350, 350, 350, 350, 350, 350, 350, 350] [290, 270, 250, 230, 210, 190, 170, 150, 130, 110, 90, 70, 50] [366, 507] 13 0
[350, 350, 350, 350, 350, 350, 350, 350, 350, 350, 350, 350, 350] [310, 290, 270, 250, 230, 210, 190, 170, 150, 130, 110, 90, 70] [366, 507] 13 0
[350, 350, 350, 350, 350, 350, 350, 350, 350, 350, 350, 350, 350] [330, 310, 290, 270, 250, 230, 210, 190, 170, 150, 130, 110, 90] [366, 507] 13 0
[350, 350, 350, 350, 350, 350, 350, 350, 350, 350, 350, 350, 350] [350, 330, 310, 290, 270, 250, 230, 210, 190, 170, 150, 130, 110] [366, 507] 13 0
[350, 350, 350, 350, 350, 350, 350, 350, 350, 350, 350, 350, 350] [370, 350, 330, 310, 290, 270, 250, 230, 210, 190, 170, 150, 130] [366, 507] 13 0
[350, 350, 350, 350, 350, 350, 350, 350, 350, 350, 350, 350, 350] [390, 370, 350, 330, 310, 290, 270, 250, 230, 210, 190, 170, 150] [366, 507] 13 0
[350, 350, 350, 350, 350, 350, 350, 350, 350, 350, 350, 350, 350] [410, 390, 370, 350, 330, 310, 290, 270, 250, 230, 210, 190, 170] [366, 507] 13 0
[350, 350, 350, 350, 350, 350, 350, 350, 350, 350, 350, 350, 350] [430, 410, 390, 370, 350, 330, 310, 290, 270, 250, 230, 210, 190] [366, 507] 13 0
[350, 350, 350, 350, 350, 350, 350, 350, 350, 350, 350, 350, 350] [450, 430, 410, 390, 370, 350, 330, 310, 290, 270, 250, 230, 210] [366, 507] 13 0
[350, 350, 350, 350, 350, 350, 350, 350, 350, 350, 350, 350, 350] [470, 450, 430, 410, 390, 370, 350, 330, 310, 290, 270, 250, 230] [366, 507] 13 0
[350, 350, 350, 350, 350, 350, 350, 350, 350, 350, 350, 350, 350] [490, 470, 450, 430, 410, 390, 370, 350, 330, 310, 290, 270, 250] [366, 507] 13 0
[350, 350, 350, 350, 350, 350, 350, 350, 350, 350, 350, 350, 350, 350] [510, 490, 470, 450, 430, 410, 390, 370, 350, 330, 310, 290, 270, 250] [108, 411] 14 0
[330, 350, 350, 350, 350, 350, 350, 350, 350, 350, 350, 350, 350, 350] [510, 510, 490, 470, 450, 430, 410, 390, 370, 350, 330, 310, 290, 270] [108, 411] 14 3
[310, 330, 350, 350, 350, 350, 350, 350, 350, 350, 350, 350, 350, 350] [510, 510, 510, 490, 470, 450, 430, 410, 390, 370, 350, 330, 310, 290] [108, 411] 14 3
[290, 310, 330, 350, 350, 350, 350, 350, 350, 350, 350, 350, 350, 350] [510, 510, 510, 510, 490, 470, 450, 430, 410, 390, 370, 350, 330, 310] [108, 411] 14 3
[270, 290, 310, 330, 350, 350, 350, 350, 350, 350, 350, 350, 350, 350] [510, 510, 510, 510, 510, 490, 470, 450, 430, 410, 390, 370, 350, 330] [108, 411] 14 3
[250, 270, 290, 310, 330, 350, 350, 350, 350, 350, 350, 350, 350, 350] [510, 510, 510, 510, 510, 510, 490, 470, 450, 430, 410, 390, 370, 350] [108, 411] 14 3
[230, 250, 270, 290, 310, 330, 350, 350, 350, 350, 350, 350, 350, 350] [510, 510, 510, 510, 510, 510, 510, 490, 470, 450, 430, 410, 390, 370] [108, 411] 14 3
[210, 230, 250, 270, 290, 310, 330, 350, 350, 350, 350, 350, 350, 350] [510, 510, 510, 510, 510, 510, 510, 510, 490, 470, 450, 430, 410, 390] [108, 411] 14 3
[190, 210, 230, 250, 270, 290, 310, 330, 350, 350, 350, 350, 350, 350] [510, 510, 510, 510, 510, 510, 510, 510, 510, 490, 470, 450, 430, 410] [108, 411] 14 3
[170, 190, 210, 230, 250, 270, 290, 310, 330, 350, 350, 350, 350, 350] [510, 510, 510, 510, 510, 510, 510, 510, 510, 510, 490, 470, 450, 430] [108, 411] 14 3
[150, 170, 190, 210, 230, 250, 270, 290, 310, 330, 350, 350, 350, 350] [510, 510, 510, 510, 510, 510, 510, 510, 510, 510, 510, 490, 470, 450] [108, 411] 14 3
[130, 150, 170, 190, 210, 230, 250, 270, 290, 310, 330, 350, 350, 350] [510, 510, 510, 510, 510, 510, 510, 510, 510, 510, 510, 510, 490, 470] [108, 411] 14 3
[110, 130, 150, 170, 190, 210, 230, 250, 270, 290, 310, 330, 350, 350] [510, 510, 510, 510, 510, 510, 510, 510, 510, 510, 510, 510, 510, 490] [108, 411] 14 3
[90, 110, 130, 150, 170, 190, 210, 230, 250, 270, 290, 310, 330, 350] [510, 510, 510, 510, 510, 510, 510, 510, 510, 510, 510, 510, 510, 510] [108, 411] 14 3
[90, 90, 110, 130, 150, 170, 190, 210, 230, 250, 270, 290, 310, 330] [490, 510, 510, 510, 510, 510, 510, 510, 510, 510, 510, 510, 510, 510] [108, 411] 14 2
[90, 90, 90, 110, 130, 150, 170, 190, 210, 230, 250, 270, 290, 310] [470, 490, 510, 510, 510, 510, 510, 510, 510, 510, 510, 510, 510, 510] [108, 411] 14 2
[90, 90, 90, 90, 110, 130, 150, 170, 190, 210, 230, 250, 270, 290] [450, 470, 490, 510, 510, 510, 510, 510, 510, 510, 510, 510, 510, 510] [108, 411] 14 2
[90, 90, 90, 90, 90, 110, 130, 150, 170, 190, 210, 230, 250, 270] [430, 450, 470, 490, 510, 510, 510, 510, 510, 510, 510, 510, 510, 510] [108, 411] 14 2
[90, 90, 90, 90, 90, 90, 110, 130, 150, 170, 190, 210, 230, 250] [410, 430, 450, 470, 490, 510, 510, 510, 510, 510, 510, 510, 510, 510] [108, 411] 14 2
[90, 90, 90, 90, 90, 90, 90, 110, 130, 150, 170, 190, 210, 230, 250] [390, 410, 430, 450, 470, 490, 510, 510, 510, 510, 510, 510, 510, 510, 510] [534, 39] 15 2
[90, 90, 90, 90, 90, 90, 90, 90, 110, 130, 150, 170, 190, 210, 230] [370, 390, 410, 430, 450, 470, 490, 510, 510, 510, 510, 510, 510, 510, 510] [534, 39] 15 2
[90, 90, 90, 90, 90, 90, 90, 90, 90, 110, 130, 150, 170, 190, 210] [350, 370, 390, 410, 430, 450, 470, 490, 510, 510, 510, 510, 510, 510, 510] [534, 39] 15 2
[90, 90, 90, 90, 90, 90, 90, 90, 90, 90, 110, 130, 150, 170, 190] [330, 350, 370, 390, 410, 430, 450, 470, 490, 510, 510, 510, 510, 510, 510] [534, 39] 15 2
[90, 90, 90, 90, 90, 90, 90, 90, 90, 90, 90, 110, 130, 150, 170] [310, 330, 350, 370, 390, 410, 430, 450, 470, 490, 510, 510, 510, 510, 510] [534, 39] 15 2
[90, 90, 90, 90, 90, 90, 90, 90, 90, 90, 90, 90, 110, 130, 150] [290, 310, 330, 350, 370, 390, 410, 430, 450, 470, 490, 510, 510, 510, 510] [534, 39] 15 2
[90, 90, 90, 90, 90, 90, 90, 90, 90, 90, 90, 90, 90, 110, 130] [270, 290, 310, 330, 350, 370, 390, 410, 430, 450, 470, 490, 510, 510, 510] [534, 39] 15 2
[90, 90, 90, 90, 90, 90, 90, 90, 90, 90, 90, 90, 90, 90, 110] [250, 270, 290, 310, 330, 350, 370, 390, 410, 430, 450, 470, 490, 510, 510] [534, 39] 15 2
[90, 90, 90, 90, 90, 90, 90, 90, 90, 90, 90, 90, 90, 90, 90] [230, 250, 270, 290, 310, 330, 350, 370, 390, 410, 430, 450, 470, 490, 510] [534, 39] 15 2
[90, 90, 90, 90, 90, 90, 90, 90, 90, 90, 90, 90, 90, 90, 90] [210, 230, 250, 270, 290, 310, 330, 350, 370, 390, 410, 430, 450, 470, 490] [534, 39] 15 2
[90, 90, 90, 90, 90, 90, 90, 90, 90, 90, 90, 90, 90, 90, 90] [190, 210, 230, 250, 270, 290, 310, 330, 350, 370, 390, 410, 430, 450, 470] [534, 39] 15 2
[90, 90, 90, 90, 90, 90, 90, 90, 90, 90, 90, 90, 90, 90, 90] [170, 190, 210, 230, 250, 270, 290, 310, 330, 350, 370, 390, 410, 430, 450] [534, 39] 15 2
[90, 90, 90, 90, 90, 90, 90, 90, 90, 90, 90, 90, 90, 90, 90] [150, 170, 190, 210, 230, 250, 270, 290, 310, 330, 350, 370, 390, 410, 430] [534, 39] 15 2
[90, 90, 90, 90, 90, 90, 90, 90, 90, 90, 90, 90, 90, 90, 90] [130, 150, 170, 190, 210, 230, 250, 270, 290, 310, 330, 350, 370, 390, 410] [534, 39] 15 2
[90, 90, 90, 90, 90, 90, 90, 90, 90, 90, 90, 90, 90, 90, 90] [110, 130, 150, 170, 190, 210, 230, 250, 270, 290, 310, 330, 350, 370, 390] [534, 39] 15 2
[90, 90, 90, 90, 90, 90, 90, 90, 90, 90, 90, 90, 90, 90, 90] [90, 110, 130, 150, 170, 190, 210, 230, 250, 270, 290, 310, 330, 350, 370] [534, 39] 15 2
[90, 90, 90, 90, 90, 90, 90, 90, 90, 90, 90, 90, 90, 90, 90] [70, 90, 110, 130, 150, 170, 190, 210, 230, 250, 270, 290, 310, 330, 350] [534, 39] 15 2
[90, 90, 90, 90, 90, 90, 90, 90, 90, 90, 90, 90, 90, 90, 90] [50, 70, 90, 110, 130, 150, 170, 190, 210, 230, 250, 270, 290, 310, 330] [534, 39] 15 2
[90, 90, 90, 90, 90, 90, 90, 90, 90, 90, 90, 90, 90, 90, 90] [30, 50, 70, 90, 110, 130, 150, 170, 190, 210, 230, 250, 270, 290, 310] [534, 39] 15 2
[110, 90, 90, 90, 90, 90, 90, 90, 90, 90, 90, 90, 90, 90, 90] [30, 30, 50, 70, 90, 110, 130, 150, 170, 190, 210, 230, 250, 270, 290] [534, 39] 15 1
[130, 110, 90, 90, 90, 90, 90, 90, 90, 90, 90, 90, 90, 90, 90] [30, 30, 30, 50, 70, 90, 110, 130, 150, 170, 190, 210, 230, 250, 270] [534, 39] 15 1
[150, 130, 110, 90, 90, 90, 90, 90, 90, 90, 90, 90, 90, 90, 90] [30, 30, 30, 30, 50, 70, 90, 110, 130, 150, 170, 190, 210, 230, 250] [534, 39] 15 1
[170, 150, 130, 110, 90, 90, 90, 90, 90, 90, 90, 90, 90, 90, 90] [30, 30, 30, 30, 30, 50, 70, 90, 110, 130, 150, 170, 190, 210, 230] [534, 39] 15 1
[190, 170, 150, 130, 110, 90, 90, 90, 90, 90, 90, 90, 90, 90, 90] [30, 30, 30, 30, 30, 30, 50, 70, 90, 110, 130, 150, 170, 190, 210] [534, 39] 15 1
[210, 190, 170, 150, 130, 110, 90, 90, 90, 90, 90, 90, 90, 90, 90] [30, 30, 30, 30, 30, 30, 30, 50, 70, 90, 110, 130, 150, 170, 190] [534, 39] 15 1
[230, 210, 190, 170, 150, 130, 110, 90, 90, 90, 90, 90, 90, 90, 90] [30, 30, 30, 30, 30, 30, 30, 30, 50, 70, 90, 110, 130, 150, 170] [534, 39] 15 1
[250, 230, 210, 190, 170, 150, 130, 110, 90, 90, 90, 90, 90, 90, 90] [30, 30, 30, 30, 30, 30, 30, 30, 30, 50, 70, 90, 110, 130, 150] [534, 39] 15 1
[270, 250, 230, 210, 190, 170, 150, 130, 110, 90, 90, 90, 90, 90, 90] [30, 30, 30, 30, 30, 30, 30, 30, 30, 30, 50, 70, 90, 110, 130] [534, 39] 15 1
[290, 270, 250, 230, 210, 190, 170, 150, 130, 110, 90, 90, 90, 90, 90] [30, 30, 30, 30, 30, 30, 30, 30, 30, 30, 30, 50, 70, 90, 110] [534, 39] 15 1
[310, 290, 270, 250, 230, 210, 190, 170, 150, 130, 110, 90, 90, 90, 90] [30, 30, 30, 30, 30, 30, 30, 30, 30, 30, 30, 30, 50, 70, 90] [534, 39] 15 1
[330, 310, 290, 270, 250, 230, 210, 190, 170, 150, 130, 110, 90, 90, 90] [30, 30, 30, 30, 30, 30, 30, 30, 30, 30, 30, 30, 30, 50, 70] [534, 39] 15 1
[350, 330, 310, 290, 270, 250, 230, 210, 190, 170, 150, 130, 110, 90, 90] [30, 30, 30, 30, 30, 30, 30, 30, 30, 30, 30, 30, 30, 30, 50] [534, 39] 15 1
[370, 350, 330, 310, 290, 270, 250, 230, 210, 190, 170, 150, 130, 110, 90] [30, 30, 30, 30, 30, 30, 30, 30, 30, 30, 30, 30, 30, 30, 30] [534, 39] 15 1
[390, 370, 350, 330, 310, 290, 270, 250, 230, 210, 190, 170, 150, 130, 110] [30, 30, 30, 30, 30, 30, 30, 30, 30, 30, 30, 30, 30, 30, 30] [534, 39] 15 1
[410, 390, 370, 350, 330, 310, 290, 270, 250, 230, 210, 190, 170, 150, 130] [30, 30, 30, 30, 30, 30, 30, 30, 30, 30, 30, 30, 30, 30, 30] [534, 39] 15 1
[430, 410, 390, 370, 350, 330, 310, 290, 270, 250, 230, 210, 190, 170, 150] [30, 30, 30, 30, 30, 30, 30, 30, 30, 30, 30, 30, 30, 30, 30] [534, 39] 15 1
[450, 430, 410, 390, 370, 350, 330, 310, 290, 270, 250, 230, 210, 190, 170] [30, 30, 30, 30, 30, 30, 30, 30, 30, 30, 30, 30, 30, 30, 30] [534, 39] 15 1
[470, 450, 430, 410, 390, 370, 350, 330, 310, 290, 270, 250, 230, 210, 190] [30, 30, 30, 30, 30, 30, 30, 30, 30, 30, 30, 30, 30, 30, 30] [534, 39] 15 1
[490, 470, 450, 430, 410, 390, 370, 350, 330, 310, 290, 270, 250, 230, 210] [30, 30, 30, 30, 30, 30, 30, 30, 30, 30, 30, 30, 30, 30, 30] [534, 39] 15 1
[510, 490, 470, 450, 430, 410, 390, 370, 350, 330, 310, 290, 270, 250, 230] [30, 30, 30, 30, 30, 30, 30, 30, 30, 30, 30, 30, 30, 30, 30] [534, 39] 15 1
[530, 510, 490, 470, 450, 430, 410, 390, 370, 350, 330, 310, 290, 270, 250] [30, 30, 30, 30, 30, 30, 30, 30, 30, 30, 30, 30, 30, 30, 30] [534, 39] 15 1
