[290, 290, 290, 290, 290] [290, 270, 250, 230, 210] [81, 208] 5 0
[270, 290, 290, 290, 290] [290, 290, 270, 250, 230] [81, 208] 5 3
[250, 270, 290, 290, 290] [290, 290, 290, 270, 250] [81, 208] 5 3
[230, 250, 270, 290, 290] [290, 290, 290, 290, 270] [81, 208] 5 3
[210, 230, 250, 270, 290] [290, 290, 290, 290, 290] [81, 208] 5 3
[190, 210, 230, 250, 270] [290, 290, 290, 290, 290] [81, 208] 5 3
[170, 190, 210, 230, 250] [290, 290, 290, 290, 290] [81, 208] 5 3
[150, 170, 190, 210, 230] [290, 290, 290, 290, 290] [81, 208] 5 3
[130, 150, 170, 190, 210] [290, 290, 290, 290, 290] [81, 208] 5 3
[110, 130, 150, 170, 190] [290, 290, 290, 290, 290] [81, 208] 5 3
[90, 110, 130, 150, 170] [290, 290, 290, 290, 290] [81, 208] 5 3
[70, 90, 110, 130, 150] [290, 290, 290, 290, 290] [81, 208] 5 3
[70, 70, 90, 110, 130] [270, 290, 290, 290, 290] [81, 208] 5 2
[70, 70, 70, 90, 110] [250, 270, 290, 290, 290] [81, 208] 5 2
[70, 70, 70, 70, 90] [230, 250, 270, 290, 290] [81, 208] 5 2
[70, 70, 70, 70, 70] [210, 230, 250, 270, 290] [81, 208] 5 2
[70, 70, 70, 70, 70, 70] [190, 210, 230, 250, 270, 290] [145, 457] 6 2
[90, 70, 70, 70, 70, 70] [190, 190, 210, 230, 250, 270] [145, 457] 6 1
[110, 90, 70, 70, 70, 70] [190, 190, 190, 210, 230, 250] [145, 457] 6 1
[130, 110, 90, 70, 70, 70] [190, 190, 190, 190, 210, 230] [145, 457] 6 1
[150, 130, 110, 90, 70, 70] [190, 190, 190, 190, 190, 210] [145, 457] 6 1
[150, 150, 130, 110, 90, 70] [210, 190, 190, 190, 190, 190] [145, 457] 6 0
[150, 150, 150, 130, 110, 90] [230, 210, 190, 190, 190, 190] [145, 457] 6 0
[150, 150, 150, 150, 130, 110] [250, 230, 210, 190, 190, 190] [145, 457] 6 0
[150, 150, 150, 150, 150, 130] [270, 250, 230, 210, 190, 190] [145, 457] 6 0
[150, 150, 150, 150, 150, 150] [290, 270, 250, 230, 210, 190] [145, 457] 6 0
[150, 150, 150, 150, 150, 150] [310, 290, 270, 250, 230, 210] [145, 457] 6 0
[150, 150, 150, 150, 150, 150] [330, 310, 290, 270, 250, 230] [145, 457] 6 0
[150, 150, 150, 150, 150, 150] [350, 330, 310, 290, 270, 250] [145, 457] 6 0
[150, 150, 150, 150, 150, 150] [370, 350, 330, 310, 290, 270] [145, 457] 6 0
[150, 150, 150, 150, 150, 150] [390, 370, 350, 330, 310, 290] [145, 457] 6 0
[150, 150, 150, 150, 150, 150] [410, 390, 370, 350, 330, 310] [145, 457] 6 0
[150, 150, 150, 150, 150, 150] [430, 410, 390, 370, 350, 330] [145, 457] 6 0
[150, 150, 150, 150, 150, 150] [450, 430, 410, 390, 370, 350] [145, 457] 6 0
[150, 150, 150, 150, 150, 150, 150] [470, 450, 430, 410, 390, 370, 350] [206, 557] 7 0
[150, 150, 150, 150, 150, 150, 150] [490, 470, 450, 430, 410, 390, 370] [206, 557] 7 0
[150, 150, 150, 150, 150, 150, 150] [510, 490, 470, 450, 430, 410, 390] [206, 557] 7 0
[150, 150, 150, 150, 150, 150, 150] [530, 510, 490, 470, 450, 430, 410] [206, 557] 7 0
[170, 150, 150, 150, 150, 150, 150] [530, 530, 510, 490, 470, 450, 430] [206, 557] 7 1
[170, 170, 150, 150, 150, 150, 150] [550, 530, 530, 510, 490, 470, 450] [206, 557] 7 0
[190, 170, 170, 150, 150, 150, 150] [550, 550, 530, 530, 510, 490, 470] [206, 557] 7 1
[210, 190, 170, 170, 150, 150, 150, 150] [550, 550, 550, 530, 530, 510, 490, 470] [509, 119] 8 1
[230, 210, 190, 170, 170, 150, 150, 150] [550, 550, 550, 550, 530, 530, 510, 490] [509, 119] 8 1
[250, 230, 210, 190, 170, 170, 150, 150] [550, 550, 550, 550, 550, 530, 530, 510] [509, 119] 8 1
[270, 250, 230, 210, 190, 170, 170, 150] [550, 550, 550, 550, 550, 550, 530, 530] [509, 119] 8 1
[290, 270, 250, 230, 210, 190, 170, 170] [550, 550, 550, 550, 550, 550, 550, 530] [509, 119] 8 1
[310, 290, 270, 250, 230, 210, 190, 170] [550, 550, 550, 550, 550, 550, 550, 550] [509, 119] 8 1
[330, 310, 290, 270, 250, 230, 210, 190] [550, 550, 550, 550, 550, 550, 550, 550] [509, 119] 8 1
[350, 330, 310, 290, 270, 250, 230, 210] [550, 550, 550, 550, 550, 550, 550, 550] [509, 119] 8 1
[370, 350, 330, 310, 290, 270, 250, 230] [550, 550, 550, 550, 550, 550, 550, 550] [509, 119] 8 1
[390, 370, 350, 330, 310, 290, 270, 250] [550, 550, 550, 550, 550, 550, 550, 550] [509, 119] 8 1
[410, 390, 370, 350, 330, 310, 290, 270] [550, 550, 550, 550, 550, 550, 550, 550] [509, 119] 8 1
[430, 410, 390, 370, 350, 330, 310, 290] [550, 550, 550, 550, 550, 550, 550, 550] [509, 119] 8 1
[450, 430, 410, 390, 370, 350, 330, 310] [550, 550, 550, 550, 550, 550, 550, 550] [509, 119] 8 1
[470, 450, 430, 410, 390, 370, 350, 330] [550, 550, 550, 550, 550, 550, 550, 550] [509, 119] 8 1
[490, 470, 450, 430, 410, 390, 370, 350] [550, 550, 550, 550, 550, 550, 550, 550] [509, 119] 8 1
[510, 490, 470, 450, 430, 410, 390, 370] [550, 550, 550, 550, 550, 550, 550, 550] [509, 119] 8 1
[510, 510, 490, 470, 450, 430, 410, 390] [530, 550, 550, 550, 550, 550, 550, 550] [509, 119] 8 2
[510, 510, 510, 490, 470, 450, 430, 410] [510, 530, 550, 550, 550, 550, 550, 550] [509, 119] 8 2
[510, 510, 510, 510, 490, 470, 450, 430] [490, 510, 530, 550, 550, 550, 550, 550] [509, 119] 8 2
[510, 510, 510, 510, 510, 490, 470, 450] [470, 490, 510, 530, 550, 550, 550, 550] [509, 119] 8 2
[510, 510, 510, 510, 510, 510, 490, 470] [450, 470, 490, 510, 530, 550, 550, 550] [509, 119] 8 2
[510, 510, 510, 510, 510, 510, 510, 490] [430, 450, 470, 490, 510, 530, 550, 550] [509, 119] 8 2
[510, 510, 510, 510, 510, 510, 510, 510] [410, 430, 450, 470, 490, 510, 530, 550] [509, 119] 8 2
[510, 510, 510, 510, 510, 510, 510, 510] [390, 410, 430, 450, 470, 490, 510, 530] [509, 119] 8 2
[510, 510, 510, 510, 510, 510, 510, 510] [370, 390, 410, 430, 450, 470, 490, 510] [509, 119] 8 2
[510, 510, 510, 510, 510, 510, 510, 510] [350, 370, 390, 410, 430, 450, 470, 490] [509, 119] 8 2
[510, 510, 510, 510, 510, 510, 510, 510] [330, 350, 370, 390, 410, 430, 450, 470] [509, 119] 8 2
[510, 510, 510, 510, 510, 510, 510, 510] [310, 330, 350, 370, 390, 410, 430, 450] [509, 119] 8 2
[510, 510, 510, 510, 510, 510, 510, 510] [290, 310, 330, 350, 370, 390, 410, 430] [509, 119] 8 2
[510, 510, 510, 510, 510, 510, 510, 510] [270, 290, 310, 330, 350, 370, 390, 410] [509, 119] 8 2
[510, 510, 510, 510, 510, 510, 510, 510] [250, 270, 290, 310, 330, 350, 370, 390] [509, 119] 8 2
[510, 510, 510, 510, 510, 510, 510, 510] [230, 250, 270, 290, 310, 330, 350, 370] [509, 119] 8 2
[510, 510, 510, 510, 510, 510, 510, 510] [210, 230, 250, 270, 290, 310, 330, 350] [509, 119] 8 2
[510, 510, 510, 510, 510, 510, 510, 510] [190, 210, 230, 250, 270, 290, 310, 330] [509, 119] 8 2
[510, 510, 510, 510, 510, 510, 510, 510] [170, 190, 210, 230, 250, 270, 290, 310] [509, 119] 8 2
[510, 510, 510, 510, 510, 510, 510, 510] [150, 170, 190, 210, 230, 250, 270, 290] [509, 119] 8 2
[510, 510, 510, 510, 510, 510, 510, 510] [130, 150, 170, 190, 210, 230, 250, 270] [509, 119] 8 2
[510, 510, 510, 510, 510, 510, 510, 510] [110, 130, 150, 170, 190, 210, 230, 250] [509, 119] 8 2
[510, 510, 510, 510, 510, 510, 510, 510, 510] [90, 110, 130, 150, 170, 190, 210, 230, 250] [547, 319] 9 2
[530, 510, 510, 510, 510, 510, 510, 510, 510] [90, 90, 110, 130, 150, 170, 190, 210, 230] [547, 319] 9 1
[550, 530, 510, 510, 510, 510, 510, 510, 510] [90, 90, 90, 110, 130, 150, 170, 190, 210] [547, 319] 9 1
[550, 550, 530, 510, 510, 510, 510, 510, 510] [110, 90, 90, 90, 110, 130, 150, 170, 190] [547, 319] 9 0
[550, 550, 550, 530, 510, 510, 510, 510, 510] [130, 110, 90, 90, 90, 110, 130, 150, 170] [547, 319] 9 0
[550, 550, 550, 550, 530, 510, 510, 510, 510] [150, 130, 110, 90, 90, 90, 110, 130, 150] [547, 319] 9 0
[550, 550, 550, 550, 550, 530, 510, 510, 510] [170, 150, 130, 110, 90, 90, 90, 110, 130] [547, 319] 9 0
[550, 550, 550, 550, 550, 550, 530, 510, 510] [190, 170, 150, 130, 110, 90, 90, 90, 110] [547, 319] 9 0
[550, 550, 550, 550, 550, 550, 550, 530, 510] [210, 190, 170, 150, 130, 110, 90, 90, 90] [547, 319] 9 0
[550, 550, 550, 550, 550, 550, 550, 550, 530] [230, 210, 190, 170, 150, 130, 110, 90, 90] [547, 319] 9 0
[550, 550, 550, 550, 550, 550, 550, 550, 550] [250, 230, 210, 190, 170, 150, 130, 110, 90] [547, 319] 9 0
[550, 550, 550, 550, 550, 550, 550, 550, 550] [270, 250, 230, 210, 190, 170, 150, 130, 110] [547, 319] 9 0
[550, 550, 550, 550, 550, 550, 550, 550, 550] [290, 270, 250, 230, 210, 190, 170, 150, 130] [547, 319] 9 0
[550, 550, 550, 550, 550, 550, 550, 550, 550] [310, 290, 270, 250, 230, 210, 190, 170, 150] [547, 319] 9 0
[550, 550, 550, 550, 550, 550, 550, 550, 550, 550] [330, 310, 290, 270, 250, 230, 210, 190, 170, 150] [196, 490] 10 0
[550, 550, 550, 550, 550, 550, 550, 550, 550, 550] [350, 330, 310, 290, 270, 250, 230, 210, 190, 170] [196, 490] 10 0
[550, 550, 550, 550, 550, 550, 550, 550, 550, 550] [370, 350, 330, 310, 290, 270, 250, 230, 210, 190] [196, 490] 10 0
[550, 550, 550, 550, 550, 550, 550, 550, 550, 550] [390, 370, 350, 330, 310, 290, 270, 250, 230, 210] [196, 490] 10 0
[550, 550, 550, 550, 550, 550, 550, 550, 550, 550] [410, 390, 370, 350, 330, 310, 290, 270, 250, 230] [196, 490] 10 0
[550, 550, 550, 550, 550, 550, 550, 550, 550, 550] [430, 410, 390, 370, 350, 330, 310, 290, 270, 250] [196, 490] 10 0
[550, 550, 550, 550, 550, 550, 550, 550, 550, 550] [450, 430, 410, 390, 370, 350, 330, 310, 290, 270] [196, 490] 10 0
[550, 550, 550, 550, 550, 550, 550, 550, 550, 550] [470, 450, 430, 410, 390, 370, 350, 330, 310, 290] [196, 490] 10 0
[550, 550, 550, 550, 550, 550, 550, 550, 550, 550] [490, 470, 450, 430, 410, 390, 370, 350, 330, 310] [196, 490] 10 0
[530, 550, 550, 550, 550, 550, 550, 550, 550, 550] [490, 490, 470, 450, 430, 410, 390, 370, 350, 330] [196, 490] 10 3
[510, 530, 550, 550, 550, 550, 550, 550, 550, 550] [490, 490, 490, 470, 450, 430, 410, 390, 370, 350] [196, 490] 10 3
[490, 510, 530, 550, 550, 550, 550, 550, 550, 550] [490, 490, 490, 490, 470, 450, 430, 410, 390, 370] [196, 490] 10 3
[470, 490, 510, 530, 550, 550, 550, 550, 550, 550] [490, 490, 490, 490, 490, 470, 450, 430, 410, 390] [196, 490] 10 3
[450, 470, 490, 510, 530, 550, 550, 550, 550, 550] [490, 490, 490, 490, 490, 490, 470, 450, 430, 410] [196, 490] 10 3
[430, 450, 470, 490, 510, 530, 550, 550, 550, 550] [490, 490, 490, 490, 490, 490, 490, 470, 450, 430] [196, 490] 10 3
[410, 430, 450, 470, 490, 510, 530, 550, 550, 550] [490, 490, 490, 490, 490, 490, 490, 490, 470, 450] [196, 490] 10 3
[390, 410, 430, 450, 470, 490, 510, 530, 550, 550] [490, 490, 490, 490, 490, 490, 490, 490, 490, 470] [196, 490] 10 3
[370, 390, 410, 430, 450, 470, 490, 510, 530, 550] [490, 490, 490, 490, 490, 490, 490, 490, 490, 490] [196, 490] 10 3
[350, 370, 390, 410, 430, 450, 470, 490, 510, 530] [490, 490, 490, 490, 490, 490, 490, 490, 490, 490] [196, 490] 10 3
[330, 350, 370, 390, 410, 430, 450, 470, 490, 510] [490, 490, 490, 490, 490, 490, 490, 490, 490, 490] [196, 490] 10 3
[310, 330, 350, 370, 390, 410, 430, 450, 470, 490] [490, 490, 490, 490, 490, 490, 490, 490, 490, 490] [196, 490] 10 3
[290, 310, 330, 350, 370, 390, 410, 430, 450, 470] [490, 490, 490, 490, 490, 490, 490, 490, 490, 490] [196, 490] 10 3
[270, 290, 310, 330, 350, 370, 390, 410, 430, 450] [490, 490, 490, 490, 490, 490, 490, 490, 490, 490] [196, 490] 10 3
[250, 270, 290, 310, 330, 350, 370, 390, 410, 430] [490, 490, 490, 490, 490, 490, 490, 490, 490, 490] [196, 490] 10 3
[230, 250, 270, 290, 310, 330, 350, 370, 390, 410] [490, 490, 490, 490, 490, 490, 490, 490, 490, 490] [196, 490] 10 3
[210, 230, 250, 270, 290, 310, 330, 350, 370, 390] [490, 490, 490, 490, 490, 490, 490, 490, 490, 490] [196, 490] 10 3
[190, 210, 230, 250, 270, 290, 310, 330, 350, 370] [490, 490, 490, 490, 490, 490, 490, 490, 490, 490] [196, 490] 10 3
[170, 190, 210, 230, 250, 270, 290, 310, 330, 350, 370] [490, 490, 490, 490, 490, 490, 490, 490, 490, 490, 490] [420, 465] 11 3
[170, 170, 190, 210, 230, 250, 270, 290, 310, 330, 350] [470, 490, 490, 490, 490, 490, 490, 490, 490, 490, 490] [420, 465] 11 2
[190, 170, 170, 190, 210, 230, 250, 270, 290, 310, 330] [470, 470, 490, 490, 490, 490, 490, 490, 490, 490, 490] [420, 465] 11 1
[210, 190, 170, 170, 190, 210, 230, 250, 270, 290, 310] [470, 470, 470, 490, 490, 490, 490, 490, 490, 490, 490] [420, 465] 11 1
[230, 210, 190, 170, 170, 190, 210, 230, 250, 270, 290] [470, 470, 470, 470, 490, 490, 490, 490, 490, 490, 490] [420, 465] 11 1
[250, 230, 210, 190, 170, 170, 190, 210, 230, 250, 270] [470, 470, 470, 470, 470, 490, 490, 490, 490, 490, 490] [420, 465] 11 1
[270, 250, 230, 210, 190, 170, 170, 190, 210, 230, 250] [470, 470, 470, 470, 470, 470, 490, 490, 490, 490, 490] [420, 465] 11 1
[290, 270, 250, 230, 210, 190, 170, 170, 190, 210, 230] [470, 470, 470, 470, 470, 470, 470, 490, 490, 490, 490] [420, 465] 11 1
[310, 290, 270, 250, 230, 210, 190, 170, 170, 190, 210] [470, 470, 470, 470, 470, 470, 470, 470, 490, 490, 490] [420, 465] 11 1
[330, 310, 290, 270, 250, 230, 210, 190, 170, 170, 190] [470, 470, 470, 470, 470, 470, 470, 470, 470, 490, 490] [420, 465] 11 1
[350, 330, 310, 290, 270, 250, 230, 210, 190, 170, 170] [470, 470, 470, 470, 470, 470, 470, 470, 470, 470, 490] [420, 465] 11 1
[370, 350, 330, 310, 290, 270, 250, 230, 210, 190, 170] [470, 470, 470, 470, 470, 470, 470, 470, 470, 470, 470] [420, 465] 11 1
[390, 370, 350, 330, 310, 290, 270, 250, 230, 210, 190] [470, 470, 470, 470, 470, 470, 470, 470, 470, 470, 470] [420, 465] 11 1
[410, 390, 370, 350, 330, 310, 290, 270, 250, 230, 210] [470, 470, 470, 470, 470, 470, 470, 470, 470, 470, 470] [420, 465] 11 1
[430, 410, 390, 370, 350, 330, 310, 290, 270, 250, 230, 210] [470, 470, 470, 470, 470, 470, 470, 470, 470, 470, 470, 470] [391, 441] 12 1
[430, 430, 410, 390, 370, 350, 330, 310, 290, 270, 250, 230] [450, 470, 470, 470, 470, 470, 470, 470, 470, 470, 470, 470] [391, 441] 12 2
[410, 430, 430, 410, 390, 370, 350, 330, 310, 290, 270, 250] [450, 450, 470, 470, 470, 470, 470, 470, 470, 470, 470, 470] [391, 441] 12 3
[390, 410, 430, 430, 410, 390, 370, 350, 330, 310, 290, 270] [450, 450, 450, 470, 470, 470, 470, 470, 470, 470, 470, 470] [391, 441] 12 3
[370, 390, 410, 430, 430, 410, 390, 370, 350, 330, 310, 290, 270] [450, 450, 450, 450, 470, 470, 470, 470, 470, 470, 470, 470, 470] [101, 400] 13 3
[350, 370, 390, 410, 430, 430, 410, 390, 370, 350, 330, 310, 290] [450, 450, 450, 450, 450, 470, 470, 470, 470, 470, 470, 470, 470] [101, 400] 13 3
[330, 350, 370, 390, 410, 430, 430, 410, 390, 370, 350, 330, 310] [450, 450, 450, 450, 450, 450, 470, 470, 470, 470, 470, 470, 470] [101, 400] 13 3
[310, 330, 350, 370, 390, 410, 430, 430, 410, 390, 370, 350, 330] [450, 450, 450, 450, 450, 450, 450, 470, 470, 470, 470, 470, 470] [101, 400] 13 3
[290, 310, 330, 350, 370, 390, 410, 430, 430, 410, 390, 370, 350] [450, 450, 450, 450, 450, 450, 450, 450, 470, 470, 470, 470, 470] [101, 400] 13 3
[270, 290, 310, 330, 350, 370, 390, 410, 430, 430, 410, 390, 370] [450, 450, 450, 450, 450, 450, 450, 450, 450, 470, 470, 470, 470] [101, 400] 13 3
[250, 270, 290, 310, 330, 350, 370, 390, 410, 430, 430, 410, 390] [450, 450, 450, 450, 450, 450, 450, 450, 450, 450, 470, 470, 470] [101, 400] 13 3
[230, 250, 270, 290, 310, 330, 350, 370, 390, 410, 430, 430, 410] [450, 450, 450, 450, 450, 450, 450, 450, 450, 450, 450, 470, 470] [101, 400] 13 3
[210, 230, 250, 270, 290, 310, 330, 350, 370, 390, 410, 430, 430] [450, 450, 450, 450, 450, 450, 450, 450, 450, 450, 450, 450, 470] [101, 400] 13 3
[190, 210, 230, 250, 270, 290, 310, 330, 350, 370, 390, 410, 430] [450, 450, 450, 450, 450, 450, 450, 450, 450, 450, 450, 450, 450] [101, 400] 13 3
[170, 190, 210, 230, 250, 270, 290, 310, 330, 350, 370, 390, 410] [450, 450, 450, 450, 450, 450, 450, 450, 450, 450, 450, 450, 450] [101, 400] 13 3
[150, 170, 190, 210, 230, 250, 270, 290, 310, 330, 350, 370, 390] [450, 450, 450, 450, 450, 450, 450, 450, 450, 450, 450, 450, 450] [101, 400] 13 3
[130, 150, 170, 190, 210, 230, 250, 270, 290, 310, 330, 350, 370] [450, 450, 450, 450, 450, 450, 450, 450, 450, 450, 450, 450, 450] [101, 400] 13 3
[110, 130, 150, 170, 190, 210, 230, 250, 270, 290, 310, 330, 350] [450, 450, 450, 450, 450, 450, 450, 450, 450, 450, 450, 450, 450] [101, 400] 13 3
[90, 110, 130, 150, 170, 190, 210, 230, 250, 270, 290, 310, 330] [450, 450, 450, 450, 450, 450, 450, 450, 450, 450, 450, 450, 450] [101, 400] 13 3
[90, 90, 110, 130, 150, 170, 190, 210, 230, 250, 270, 290, 310] [430, 450, 450, 450, 450, 450, 450, 450, 450, 450, 450, 450, 450] [101, 400] 13 2
[90, 90, 90, 110, 130, 150, 170, 190, 210, 230, 250, 270, 290] [410, 430, 450, 450, 450, 450, 450, 450, 450, 450, 450, 450, 450] [101, 400] 13 2
[90, 90, 90, 90, 110, 130, 150, 170, 190, 210, 230, 250, 270] [390, 410, 430, 450, 450, 450, 450, 450, 450, 450, 450, 450, 450] [101, 400] 13 2
[90, 90, 90, 90, 90, 110, 130, 150, 170, 190, 210, 230, 250, 270] [370, 390, 410, 430, 450, 450, 450, 450, 450, 450, 450, 450, 450, 450] [81, 515] 14 2
[70, 90, 90, 90, 90, 90, 110, 130, 150, 170, 190, 210, 230, 250] [370, 370, 390, 410, 430, 450, 450, 450, 450, 450, 450, 450, 450, 450] [81, 515] 14 3
[70, 70, 90, 90, 90, 90, 90, 110, 130, 150, 170, 190, 210, 230] [390, 370, 370, 390, 410, 430, 450, 450, 450, 450, 450, 450, 450, 450] [81, 515] 14 0
[70, 70, 70, 90, 90, 90, 90, 90, 110, 130, 150, 170, 190, 210] [410, 390, 370, 370, 390, 410, 430, 450, 450, 450, 450, 450, 450, 450] [81, 515] 14 0
[70, 70, 70, 70, 90, 90, 90, 90, 90, 110, 130, 150, 170, 190] [430, 410, 390, 370, 370, 390, 410, 430, 450, 450, 450, 450, 450, 450] [81, 515] 14 0
[70, 70, 70, 70, 70, 90, 90, 90, 90, 90, 110, 130, 150, 170] [450, 430, 410, 390, 370, 370, 390, 410, 430, 450, 450, 450, 450, 450] [81, 515] 14 0
[70, 70, 70, 70, 70, 70, 90, 90, 90, 90, 90, 110, 130, 150] [470, 450, 430, 410, 390, 370, 370, 390, 410, 430, 450, 450, 450, 450] [81, 515] 14 0
[70, 70, 70, 70, 70, 70, 70, 90, 90, 90, 90, 90, 110, 130] [490, 470, 450, 430, 410, 390, 370, 370, 390, 410, 430, 450, 450, 450] [81, 515] 14 0
[70, 70, 70, 70, 70, 70, 70, 70, 90, 90, 90, 90, 90, 110] [510, 490, 470, 450, 430, 410, 390, 370, 370, 390, 410, 430, 450, 450] [81, 515] 14 0
