[290, 290, 290, 290, 290] [290, 270, 250, 230, 210] [275, 231] 5 0
[270, 290, 290, 290, 290] [290, 290, 270, 250, 230] [275, 231] 5 3
[270, 270, 290, 290, 290] [270, 290, 290, 270, 250] [275, 231] 5 2
[270, 270, 270, 290, 290] [250, 270, 290, 290, 270] [275, 231] 5 2
[270, 270, 270, 270, 290] [230, 250, 270, 290, 290] [275, 231] 5 2
[270, 270, 270, 270, 270, 290] [210, 230, 250, 270, 290, 290] [510, 242] 6 2
[290, 270, 270, 270, 270, 270] [210, 210, 230, 250, 270, 290] [510, 242] 6 1
[310, 290, 270, 270, 270, 270] [210, 210, 210, 230, 250, 270] [510, 242] 6 1
[330, 310, 290, 270, 270, 270] [210, 210, 210, 210, 230, 250] [510, 242] 6 1
[350, 330, 310, 290, 270, 270] [210, 210, 210, 210, 210, 230] [510, 242] 6 1
[370, 350, 330, 310, 290, 270] [210, 210, 210, 210, 210, 210] [510, 242] 6 1
[390, 370, 350, 330, 310, 290] [210, 210, 210, 210, 210, 210] [510, 242] 6 1
[410, 390, 370, 350, 330, 310] [210, 210, 210, 210, 210, 210] [510, 242] 6 1
[430, 410, 390, 370, 350, 330] [210, 210, 210, 210, 210, 210] [510, 242] 6 1
[450, 430, 410, 390, 370, 350] [210, 210, 210, 210, 210, 210] [510, 242] 6 1
[470, 450, 430, 410, 390, 370] [210, 210, 210, 210, 210, 210] [510, 242] 6 1
[490, 470, 450, 430, 410, 390] [210, 210, 210, 210, 210, 210] [510, 242] 6 1
[510, 490, 470, 450, 430, 410] [210, 210, 210, 210, 210, 210] [510, 242] 6 1
[530, 510, 490, 470, 450, 430] [210, 210, 210, 210, 210, 210] [510, 242] 6 1
[550, 530, 510, 490, 470, 450] [210, 210, 210, 210, 210, 210] [510, 242] 6 1
[550, 550, 530, 510, 490, 470] [230, 210, 210, 210, 210, 210] [510, 242] 6 0
[530, 550, 550, 530, 510, 490] [230, 230, 210, 210, 210, 210] [510, 242] 6 3
[510, 530, 550, 550, 530, 510] [230, 230, 230, 210, 210, 210] [510, 242] 6 3
[490, 510, 530, 550, 550, 530, 510] [230, 230, 230, 230, 210, 210, 210] [470, 7] 7 3
[490, 490, 510, 530, 550, 550, 530] [210, 230, 230, 230, 230, 210, 210] [470, 7] 7 2
[470, 490, 490, 510, 530, 550, 550] [210, 210, 230, 230, 230, 230, 210] [470, 7] 7 3
[470, 470, 490, 490, 510, 530, 550] [190, 210, 210, 230, 230, 230, 230] [470, 7] 7 2
[470, 470, 470, 490, 490, 510, 530] [170, 190, 210, 210, 230, 230, 230] [470, 7] 7 2
[470, 470, 470, 470, 490, 490, 510] [150, 170, 190, 210, 210, 230, 230] [470, 7] 7 2
[470, 470, 470, 470, 470, 490, 490] [130, 150, 170, 190, 210, 210, 230] [470, 7] 7 2
[470, 470, 470, 470, 470, 470, 490] [110, 130, 150, 170, 190, 210, 210] [470, 7] 7 2
[470, 470, 470, 470, 470, 470, 470] [90, 110, 130, 150, 170, 190, 210] [470, 7] 7 2
[470, 470, 470, 470, 470, 470, 470] [70, 90, 110, 130, 150, 170, 190] [470, 7] 7 2
[470, 470, 470, 470, 470, 470, 470] [50, 70, 90, 110, 130, 150, 170] [470, 7] 7 2
[470, 470, 470, 470, 470, 470, 470] [30, 50, 70, 90, 110, 130, 150] [470, 7] 7 2
[470, 470, 470, 470, 470, 470, 470] [10, 30, 50, 70, 90, 110, 130] [470, 7] 7 2
[450, 470, 470, 470, 470, 470, 470, 470] [10, 10, 30, 50, 70, 90, 110, 130] [15, 251] 8 3
[430, 450, 470, 470, 470, 470, 470, 470] [10, 10, 10, 30, 50, 70, 90, 110] [15, 251] 8 3
[410, 430, 450, 470, 470, 470, 470, 470] [10, 10, 10, 10, 30, 50, 70, 90] [15, 251] 8 3
[390, 410, 430, 450, 470, 470, 470, 470] [10, 10, 10, 10, 10, 30, 50, 70] [15, 251] 8 3
[370, 390, 410, 430, 450, 470, 470, 470] [10, 10, 10, 10, 10, 10, 30, 50] [15, 251] 8 3
[350, 370, 390, 410, 430, 450, 470, 470] [10, 10, 10, 10, 10, 10, 10, 30] [15, 251] 8 3
[330, 350, 370, 390, 410, 430, 450, 470] [10, 10, 10, 10, 10, 10, 10, 10] [15, 251] 8 3
[310, 330, 350, 370, 390, 410, 430, 450] [10, 10, 10, 10, 10, 10, 10, 10] [15, 251] 8 3
[290, 310, 330, 350, 370, 390, 410, 430] [10, 10, 10, 10, 10, 10, 10, 10] [15, 251] 8 3
[270, 290, 310, 330, 350, 370, 390, 410] [10, 10, 10, 10, 10, 10, 10, 10] [15, 251] 8 3
[250, 270, 290, 310, 330, 350, 370, 390] [10, 10, 10, 10, 10, 10, 10, 10] [15, 251] 8 3
[230, 250, 270, 290, 310, 330, 350, 370] [10, 10, 10, 10, 10, 10, 10, 10] [15, 251] 8 3
[210, 230, 250, 270, 290, 310, 330, 350] [10, 10, 10, 10, 10, 10, 10, 10] [15, 251] 8 3
[190, 210, 230, 250, 270, 290, 310, 330] [10, 10, 10, 10, 10, 10, 10, 10] [15, 251] 8 3
[170, 190, 210, 230, 250, 270, 290, 310] [10, 10, 10, 10, 10, 10, 10, 10] [15, 251] 8 3
[150, 170, 190, 210, 230, 250, 270, 290] [10, 10, 10, 10, 10, 10, 10, 10] [15, 251] 8 3
[130, 150, 170, 190, 210, 230, 250, 270] [10, 10, 10, 10, 10, 10, 10, 10] [15, 251] 8 3
[110, 130, 150, 170, 190, 210, 230, 250] [10, 10, 10, 10, 10, 10, 10, 10] [15, 251] 8 3
[90, 110, 130, 150, 170, 190, 210, 230] [10, 10, 10, 10, 10, 10, 10, 10] [15, 251] 8 3
[70, 90, 110, 130, 150, 170, 190, 210] [10, 10, 10, 10, 10, 10, 10, 10] [15, 251] 8 3
[50, 70, 90, 110, 130, 150, 170, 190] [10, 10, 10, 10, 10, 10, 10, 10] [15, 251] 8 3
[30, 50, 70, 90, 110, 130, 150, 170] [10, 10, 10, 10, 10, 10, 10, 10] [15, 251] 8 3
[10, 30, 50, 70, 90, 110, 130, 150] [10, 10, 10, 10, 10, 10, 10, 10] [15, 251] 8 3
[10, 10, 30, 50, 70, 90, 110, 130] [30, 10, 10, 10, 10, 10, 10, 10] [15, 251] 8 0
[10, 10, 10, 30, 50, 70, 90, 110] [50, 30, 10, 10, 10, 10, 10, 10] [15, 251] 8 0
[10, 10, 10, 10, 30, 50, 70, 90] [70, 50, 30, 10, 10, 10, 10, 10] [15, 251] 8 0
[10, 10, 10, 10, 10, 30, 50, 70] [90, 70, 50, 30, 10, 10, 10, 10] [15, 251] 8 0
[10, 10, 10, 10, 10, 10, 30, 50] [110, 90, 70, 50, 30, 10, 10, 10] [15, 251] 8 0
[10, 10, 10, 10, 10, 10, 10, 30] [130, 110, 90, 70, 50, 30, 10, 10] [15, 251] 8 0
[10, 10, 10, 10, 10, 10, 10, 10] [150, 130, 110, 90, 70, 50, 30, 10] [15, 251] 8 0
[10, 10, 10, 10, 10, 10, 10, 10] [170, 150, 130, 110, 90, 70, 50, 30] [15, 251] 8 0
[10, 10, 10, 10, 10, 10, 10, 10] [190, 170, 150, 130, 110, 90, 70, 50] [15, 251] 8 0
[10, 10, 10, 10, 10, 10, 10, 10] [210, 190, 170, 150, 130, 110, 90, 70] [15, 251] 8 0
[10, 10, 10, 10, 10, 10, 10, 10] [230, 210, 190, 170, 150, 130, 110, 90] [15, 251] 8 0
[10, 10, 10, 10, 10, 10, 10, 10] [250, 230, 210, 190, 170, 150, 130, 110] [15, 251] 8 0
[10, 10, 10, 10, 10, 10, 10, 10, 10] [270, 250, 230, 210, 190, 170, 150, 130, 110] [210, 305] 9 0
[10, 10, 10, 10, 10, 10, 10, 10, 10] [290, 270, 250, 230, 210, 190, 170, 150, 130] [210, 305] 9 0
[10, 10, 10, 10, 10, 10, 10, 10, 10] [310, 290, 270, 250, 230, 210, 190, 170, 150] [210, 305] 9 0
[10, 10, 10, 10, 10, 10, 10, 10, 10] [330, 310, 290, 270, 250, 230, 210, 190, 170] [210, 305] 9 0
[10, 10, 10, 10, 10, 10, 10, 10, 10] [350, 330, 310, 290, 270, 250, 230, 210, 190] [210, 305] 9 0
[10, 10, 10, 10, 10, 10, 10, 10, 10] [370, 350, 330, 310, 290, 270, 250, 230, 210] [210, 305] 9 0
[10, 10, 10, 10, 10, 10, 10, 10, 10] [390, 370, 350, 330, 310, 290, 270, 250, 230] [210, 305] 9 0
[30, 10, 10, 10, 10, 10, 10, 10, 10] [390, 390, 370, 350, 330, 310, 290, 270, 250] [210, 305] 9 1
[50, 30, 10, 10, 10, 10, 10, 10, 10] [390, 390, 390, 370, 350, 330, 310, 290, 270] [210, 305] 9 1
[70, 50, 30, 10, 10, 10, 10, 10, 10] [390, 390, 390, 390, 370, 350, 330, 310, 290] [210, 305] 9 1
[90, 70, 50, 30, 10, 10, 10, 10, 10] [390, 390, 390, 390, 390, 370, 350, 330, 310] [210, 305] 9 1
[110, 90, 70, 50, 30, 10, 10, 10, 10] [390, 390, 390, 390, 390, 390, 370, 350, 330] [210, 305] 9 1
[130, 110, 90, 70, 50, 30, 10, 10, 10] [390, 390, 390, 390, 390, 390, 390, 370, 350] [210, 305] 9 1
[150, 130, 110, 90, 70, 50, 30, 10, 10] [390, 390, 390, 390, 390, 390, 390, 390, 370] [210, 305] 9 1
[170, 150, 130, 110, 90, 70, 50, 30, 10] [390, 390, 390, 390, 390, 390, 390, 390, 390] [210, 305] 9 1
[190, 170, 150, 130, 110, 90, 70, 50, 30] [390, 390, 390, 390, 390, 390, 390, 390, 390] [210, 305] 9 1
[210, 190, 170, 150, 130, 110, 90, 70, 50] [390, 390, 390, 390, 390, 390, 390, 390, 390] [210, 305] 9 1
[210, 210, 190, 170, 150, 130, 110, 90, 70] [370, 390, 390, 390, 390, 390, 390, 390, 390] [210, 305] 9 2
[210, 210, 210, 190, 170, 150, 130, 110, 90] [350, 370, 390, 390, 390, 390, 390, 390, 390] [210, 305] 9 2
[210, 210, 210, 210, 190, 170, 150, 130, 110] [330, 350, 370, 390, 390, 390, 390, 390, 390] [210, 305] 9 2
[210, 210, 210, 210, 210, 190, 170, 150, 130] [310, 330, 350, 370, 390, 390, 390, 390, 390] [210, 305] 9 2
[210, 210, 210, 210, 210, 210, 190, 170, 150, 130] [290, 310, 330, 350, 370, 390, 390, 390, 390, 390] [130, 189] 10 2
[210, 210, 210, 210, 210, 210, 210, 190, 170, 150] [270, 290, 310, 330, 350, 370, 390, 390, 390, 390] [130, 189] 10 2
[190, 210, 210, 210, 210, 210, 210, 210, 190, 170] [270, 270, 290, 310, 330, 350, 370, 390, 390, 390] [130, 189] 10 3
[170, 190, 210, 210, 210, 210, 210, 210, 210, 190] [270, 270, 270, 290, 310, 330, 350, 370, 390, 390] [130, 189] 10 3
[150, 170, 190, 210, 210, 210, 210, 210, 210, 210] [270, 270, 270, 270, 290, 310, 330, 350, 370, 390] [130, 189] 10 3
[130, 150, 170, 190, 210, 210, 210, 210, 210, 210] [270, 270, 270, 270, 270, 290, 310, 330, 350, 370] [130, 189] 10 3
[130, 130, 150, 170, 190, 210, 210, 210, 210, 210] [250, 270, 270, 270, 270, 270, 290, 310, 330, 350] [130, 189] 10 2
[130, 130, 130, 150, 170, 190, 210, 210, 210, 210] [230, 250, 270, 270, 270, 270, 270, 290, 310, 330] [130, 189] 10 2
[130, 130, 130, 130, 150, 170, 190, 210, 210, 210] [210, 230, 250, 270, 270, 270, 270, 270, 290, 310] [130, 189] 10 2
[130, 130, 130, 130, 130, 150, 170, 190, 210, 210] [190, 210, 230, 250, 270, 270, 270, 270, 270, 290] [130, 189] 10 2
[130, 130, 130, 130, 130, 130, 150, 170, 190, 210, 210] [170, 190, 210, 230, 250, 270, 270, 270, 270, 270, 290] [353, 490] 11 2
[150, 130, 130, 130, 130, 130, 130, 150, 170, 190, 210] [170, 170, 190, 210, 230, 250, 270, 270, 270, 270, 270] [353, 490] 11 1
[170, 150, 130, 130, 130, 130, 130, 130, 150, 170, 190] [170, 170, 170, 190, 210, 230, 250, 270, 270, 270, 270] [353, 490] 11 1
[190, 170, 150, 130, 130, 130, 130, 130, 130, 150, 170] [170, 170, 170, 170, 190, 210, 230, 250, 270, 270, 270] [353, 490] 11 1
[210, 190, 170, 150, 130, 130, 130, 130, 130, 130, 150] [170, 170, 170, 170, 170, 190, 210, 230, 250, 270, 270] [353, 490] 11 1
[230, 210, 190, 170, 150, 130, 130, 130, 130, 130, 130] [170, 170, 170, 170, 170, 170, 190, 210, 230, 250, 270] [353, 490] 11 1
[250, 230, 210, 190, 170, 150, 130, 130, 130, 130, 130] [170, 170, 170, 170, 170, 170, 170, 190, 210, 230, 250] [353, 490] 11 1
[270, 250, 230, 210, 190, 170, 150, 130, 130, 130, 130] [170, 170, 170, 170, 170, 170, 170, 170, 190, 210, 230] [353, 490] 11 1
[290, 270, 250, 230, 210, 190, 170, 150, 130, 130, 130] [170, 170, 170, 170, 170, 170, 170, 170, 170, 190, 210] [353, 490] 11 1
[310, 290, 270, 250, 230, 210, 190, 170, 150, 130, 130] [170, 170, 170, 170, 170, 170, 170, 170, 170, 170, 190] [353, 490] 11 1
[330, 310, 290, 270, 250, 230, 210, 190, 170, 150, 130] [170, 170, 170, 170, 170, 170, 170, 170, 170, 170, 170] [353, 490] 11 1
[350, 330, 310, 290, 270, 250, 230, 210, 190, 170, 150] [170, 170, 170, 170, 170, 170, 170, 170, 170, 170, 170] [353, 490] 11 1
[350, 350, 330, 310, 290, 270, 250, 230, 210, 190, 170] [190, 170, 170, 170, 170, 170, 170, 170, 170, 170, 170] [353, 490] 11 0
[350, 350, 350, 330, 310, 290, 270, 250, 230, 210, 190] [210, 190, 170, 170, 170, 170, 170, 170, 170, 170, 170] [353, 490] 11 0
[350, 350, 350, 350, 330, 310, 290, 270, 250, 230, 210] [230, 210, 190, 170, 170, 170, 170, 170, 170, 170, 170] [353, 490] 11 0
[350, 350, 350, 350, 350, 330, 310, 290, 270, 250, 230] [250, 230, 210, 190, 170, 170, 170, 170, 170, 170, 170] [353, 490] 11 0
[350, 350, 350, 350, 350, 350, 330, 310, 290, 270, 250] [270, 250, 230, 210, 190, 170, 170, 170, 170, 170, 170] [353, 490] 11 0
[350, 350, 350, 350, 350, 350, 350, 330, 310, 290, 270] [290, 270, 250, 230, 210, 190, 170, 170, 170, 170, 170] [353, 490] 11 0
[350, 350, 350, 350, 350, 350, 350, 350, 330, 310, 290] [310, 290, 270, 250, 230, 210, 190, 170, 170, 170, 170] [353, 490] 11 0
[350, 350, 350, 350, 350, 350, 350, 350, 350, 330, 310] [330, 310, 290, 270, 250, 230, 210, 190, 170, 170, 170] [353, 490] 11 0
[350, 350, 350, 350, 350, 350, 350, 350, 350, 350, 330] [350, 330, 310, 290, 270, 250, 230, 210, 190, 170, 170] [353, 490] 11 0
[350, 350, 350, 350, 350, 350, 350, 350, 350, 350, 350] [370, 350, 330, 310, 290, 270, 250, 230, 210, 190, 170] [353, 490] 11 0
[350, 350, 350, 350, 350, 350, 350, 350, 350, 350, 350] [390, 370, 350, 330, 310, 290, 270, 250, 230, 210, 190] [353, 490] 11 0
[350, 350, 350, 350, 350, 350, 350, 350, 350, 350, 350] [410, 390, 370, 350, 330, 310, 290, 270, 250, 230, 210] [353, 490] 11 0
[350, 350, 350, 350, 350, 350, 350, 350, 350, 350, 350] [430, 410, 390, 370, 350, 330, 310, 290, 270, 250, 230] [353, 490] 11 0
[350, 350, 350, 350, 350, 350, 350, 350, 350, 350, 350] [450, 430, 410, 390, 370, 350, 330, 310, 290, 270, 250] [353, 490] 11 0
[350, 350, 350, 350, 350, 350, 350, 350, 350, 350, 350] [470, 450, 430, 410, 390, 370, 350, 330, 310, 290, 270] [353, 490] 11 0
[350, 350, 350, 350, 350, 350, 350, 350, 350, 350, 350] [490, 470, 450, 430, 410, 390, 370, 350, 330, 310, 290] [353, 490] 11 0
[350, 350, 350, 350, 350, 350, 350, 350, 350, 350, 350, 350] [510, 490, 470, 450, 430, 410, 390, 370, 350, 330, 310, 290] [468, 406] 12 0
[370, 350, 350, 350, 350, 350, 350, 350, 350, 350, 350, 350] [510, 510, 490, 470, 450, 430, 410, 390, 370, 350, 330, 310] [468, 406] 12 1
[390, 370, 350, 350, 350, 350, 350, 350, 350, 350, 350, 350] [510, 510, 510, 490, 470, 450, 430, 410, 390, 370, 350, 330] [468, 406] 12 1
[410, 390, 370, 350, 350, 350, 350, 350, 350, 350, 350, 350] [510, 510, 510, 510, 490, 470, 450, 430, 410, 390, 370, 350] [468, 406] 12 1
[430, 410, 390, 370, 350, 350, 350, 350, 350, 350, 350, 350] [510, 510, 510, 510, 510, 490, 470, 450, 430, 410, 390, 370] [468, 406] 12 1
[450, 430, 410, 390, 370, 350, 350, 350, 350, 350, 350, 350] [510, 510, 510, 510, 510, 510, 490, 470, 450, 430, 410, 390] [468, 406] 12 1
[470, 450, 430, 410, 390, 370, 350, 350, 350, 350, 350, 350] [510, 510, 510, 510, 510, 510, 510, 490, 470, 450, 430, 410] [468, 406] 12 1
[470, 470, 450, 430, 410, 390, 370, 350, 350, 350, 350, 350] [490, 510, 510, 510, 510, 510, 510, 510, 490, 470, 450, 430] [468, 406] 12 2
[470, 470, 470, 450, 430, 410, 390, 370, 350, 350, 350, 350] [470, 490, 510, 510, 510, 510, 510, 510, 510, 490, 470, 450] [468, 406] 12 2
[470, 470, 470, 470, 450, 430, 410, 390, 370, 350, 350, 350] [450, 470, 490, 510, 510, 510, 510, 510, 510, 510, 490, 470] [468, 406] 12 2
[470, 470, 470, 470, 470, 450, 430, 410, 390, 370, 350, 350] [430, 450, 470, 490, 510, 510, 510, 510, 510, 510, 510, 490] [468, 406] 12 2
[470, 470, 470, 470, 470, 470, 450, 430, 410, 390, 370, 350] [410, 430, 450, 470, 490, 510, 510, 510, 510, 510, 510, 510] [468, 406] 12 2
[470, 470, 470, 470, 470, 470, 470, 450, 430, 410, 390, 370, 350] [390, 410, 430, 450, 470, 490, 510, 510, 510, 510, 510, 510, 510] [578, 270] 13 2
[470, 470, 470, 470, 470, 470, 470, 470, 450, 430, 410, 390, 370] [370, 390, 410, 430, 450, 470, 490, 510, 510, 510, 510, 510, 510] [578, 270] 13 2
[470, 470, 470, 470, 470, 470, 470, 470, 470, 450, 430, 410, 390] [350, 370, 390, 410, 430, 450, 470, 490, 510, 510, 510, 510, 510] [578, 270] 13 2
[470, 470, 470, 470, 470, 470, 470, 470, 470, 470, 450, 430, 410] [330, 350, 370, 390, 410, 430, 450, 470, 490, 510, 510, 510, 510] [578, 270] 13 2
[470, 470, 470, 470, 470, 470, 470, 470, 470, 470, 470, 450, 430] [310, 330, 350, 370, 390, 410, 430, 450, 470, 490, 510, 510, 510] [578, 270] 13 2
[470, 470, 470, 470, 470, 470, 470, 470, 470, 470, 470, 470, 450] [290, 310, 330, 350, 370, 390, 410, 430, 450, 470, 490, 510, 510] [578, 270] 13 2
[470, 470, 470, 470, 470, 470, 470, 470, 470, 470, 470, 470, 470] [270, 290, 310, 330, 350, 370, 390, 410, 430, 450, 470, 490, 510] [578, 270] 13 2
[490, 470, 470, 470, 470, 470, 470, 470, 470, 470, 470, 470, 470] [270, 270, 290, 310, 330, 350, 370, 390, 410, 430, 450, 470, 490] [578, 270] 13 1
[510, 490, 470, 470, 470, 470, 470, 470, 470, 470, 470, 470, 470] [270, 270, 270, 290, 310, 330, 350, 370, 390, 410, 430, 450, 470] [578, 270] 13 1
[530, 510, 490, 470, 470, 470, 470, 470, 470, 470, 470, 470, 470] [270, 270, 270, 270, 290, 310, 330, 350, 370, 390, 410, 430, 450] [578, 270] 13 1
[550, 530, 510, 490, 470, 470, 470, 470, 470, 470, 470, 470, 470] [270, 270, 270, 270, 270, 290, 310, 330, 350, 370, 390, 410, 430] [578, 270] 13 1
[570, 550, 530, 510, 490, 470, 470, 470, 470, 470, 470, 470, 470] [270, 270, 270, 270, 270, 270, 290, 310, 330, 350, 370, 390, 410] [578, 270] 13 1
[570, 570, 550, 530, 510, 490, 470, 470, 470, 470, 470, 470, 470, 470] [250, 270, 270, 270, 270, 270, 270, 290, 310, 330, 350, 370, 390, 410] [80, 457] 14 2
[550, 570, 570, 550, 530, 510, 490, 470, 470, 470, 470, 470, 470, 470] [250, 250, 270, 270, 270, 270, 270, 270, 290, 310, 330, 350, 370, 390] [80, 457] 14 3
[530, 550, 570, 570, 550, 530, 510, 490, 470, 470, 470, 470, 470, 470] [250, 250, 250, 270, 270, 270, 270, 270, 270, 290, 310, 330, 350, 370] [80, 457] 14 3
[510, 530, 550, 570, 570, 550, 530, 510, 490, 470, 470, 470, 470, 470] [250, 250, 250, 250, 270, 270, 270, 270, 270, 270, 290, 310, 330, 350] [80, 457] 14 3
[490, 510, 530, 550, 570, 570, 550, 530, 510, 490, 470, 470, 470, 470] [250, 250, 250, 250, 250, 270, 270, 270, 270, 270, 270, 290, 310, 330] [80, 457] 14 3
[470, 490, 510, 530, 550, 570, 570, 550, 530, 510, 490, 470, 470, 470] [250, 250, 250, 250, 250, 250, 270, 270, 270, 270, 270, 270, 290, 310] [80, 457] 14 3
[450, 470, 490, 510, 530, 550, 570, 570, 550, 530, 510, 490, 470, 470] [250, 250, 250, 250, 250, 250, 250, 270, 270, 270, 270, 270, 270, 290] [80, 457] 14 3
[430, 450, 470, 490, 510, 530, 550, 570, 570, 550, 530, 510, 490, 470] [250, 250, 250, 250, 250, 250, 250, 250, 270, 270, 270, 270, 270, 270] [80, 457] 14 3
[410, 430, 450, 470, 490, 510, 530, 550, 570, 570, 550, 530, 510, 490] [250, 250, 250, 250, 250, 250, 250, 250, 250, 270, 270, 270, 270, 270] [80, 457] 14 3
[390, 410, 430, 450, 470, 490, 510, 530, 550, 570, 570, 550, 530, 510] [250, 250, 250, 250, 250, 250, 250, 250, 250, 250, 270, 270, 270, 270] [80, 457] 14 3
[370, 390, 410, 430, 450, 470, 490, 510, 530, 550, 570, 570, 550, 530] [250, 250, 250, 250, 250, 250, 250, 250, 250, 250, 250, 270, 270, 270] [80, 457] 14 3
[350, 370, 390, 410, 430, 450, 470, 490, 510, 530, 550, 570, 570, 550] [250, 250, 250, 250, 250, 250, 250, 250, 250, 250, 250, 250, 270, 270] [80, 457] 14 3
[330, 350, 370, 390, 410, 430, 450, 470, 490, 510, 530, 550, 570, 570] [250, 250, 250, 250, 250, 250, 250, 250, 250, 250, 250, 250, 250, 270] [80, 457] 14 3
[310, 330, 350, 370, 390, 410, 430, 450, 470, 490, 510, 530, 550, 570] [250, 250, 250, 250, 250, 250, 250, 250, 250, 250, 250, 250, 250, 250] [80, 457] 14 3
[290, 310, 330, 350, 370, 390, 410, 430, 450, 470, 490, 510, 530, 550] [250, 250, 250, 250, 250, 250, 250, 250, 250, 250, 250, 250, 250, 250] [80, 457] 14 3
[270, 290, 310, 330, 350, 370, 390, 410, 430, 450, 470, 490, 510, 530] [250, 250, 250, 250, 250, 250, 250, 250, 250, 250, 250, 250, 250, 250] [80, 457] 14 3
[250, 270, 290, 310, 330, 350, 370, 390, 410, 430, 450, 470, 490, 510] [250, 250, 250, 250, 250, 250, 250, 250, 250, 250, 250, 250, 250, 250] [80, 457] 14 3
[230, 250, 270, 290, 310, 330, 350, 370, 390, 410, 430, 450, 470, 490] [250, 250, 250, 250, 250, 250, 250, 250, 250, 250, 250, 250, 250, 250] [80, 457] 14 3
[210, 230, 250, 270, 290, 310, 330, 350, 370, 390, 410, 430, 450, 470] [250, 250, 250, 250, 250, 250, 250, 250, 250, 250, 250, 250, 250, 250] [80, 457] 14 3
[190, 210, 230, 250, 270, 290, 310, 330, 350, 370, 390, 410, 430, 450] [250, 250, 250, 250, 250, 250, 250, 250, 250, 250, 250, 250, 250, 250] [80, 457] 14 3
[170, 190, 210, 230, 250, 270, 290, 310, 330, 350, 370, 390, 410, 430] [250, 250, 250, 250, 250, 250, 250, 250, 250, 250, 250, 250, 250, 250] [80, 457] 14 3
[150, 170, 190, 210, 230, 250, 270, 290, 310, 330, 350, 370, 390, 410] [250, 250, 250, 250, 250, 250, 250, 250, 250, 250, 250, 250, 250, 250] [80, 457] 14 3
[130, 150, 170, 190, 210, 230, 250, 270, 290, 310, 330, 350, 370, 390] [250, 250, 250, 250, 250, 250, 250, 250, 250, 250, 250, 250, 250, 250] [80, 457] 14 3
[110, 130, 150, 170, 190, 210, 230, 250, 270, 290, 310, 330, 350, 370] [250, 250, 250, 250, 250, 250, 250, 250, 250, 250, 250, 250, 250, 250] [80, 457] 14 3
[90, 110, 130, 150, 170, 190, 210, 230, 250, 270, 290, 310, 330, 350] [250, 250, 250, 250, 250, 250, 250, 250, 250, 250, 250, 250, 250, 250] [80, 457] 14 3
[70, 90, 110, 130, 150, 170, 190, 210, 230, 250, 270, 290, 310, 330] [250, 250, 250, 250, 250, 250, 250, 250, 250, 250, 250, 250, 250, 250] [80, 457] 14 3
[70, 70, 90, 110, 130, 150, 170, 190, 210, 230, 250, 270, 290, 310] [270, 250, 250, 250, 250, 250, 250, 250, 250, 250, 250, 250, 250, 250] [80, 457] 14 0
[70, 70, 70, 90, 110, 130, 150, 170, 190, 210, 230, 250, 270, 290] [290, 270, 250, 250, 250, 250, 250, 250, 250, 250, 250, 250, 250, 250] [80, 457] 14 0
[70, 70, 70, 70, 90, 110, 130, 150, 170, 190, 210, 230, 250, 270] [310, 290, 270, 250, 250, 250, 250, 250, 250, 250, 250, 250, 250, 250] [80, 457] 14 0
[70, 70, 70, 70, 70, 90, 110, 130, 150, 170, 190, 210, 230, 250] [330, 310, 290, 270, 250, 250, 250, 250, 250, 250, 250, 250, 250, 250] [80, 457] 14 0
[70, 70, 70, 70, 70, 70, 90, 110, 130, 150, 170, 190, 210, 230] [350, 330, 310, 290, 270, 250, 250, 250, 250, 250, 250, 250, 250, 250] [80, 457] 14 0
[70, 70, 70, 70, 70, 70, 70, 90, 110, 130, 150, 170, 190, 210] [370, 350, 330, 310, 290, 270, 250, 250, 250, 250, 250, 250, 250, 250] [80, 457] 14 0
[70, 70, 70, 70, 70, 70, 70, 70, 90, 110, 130, 150, 170, 190] [390, 370, 350, 330, 310, 290, 270, 250, 250, 250, 250, 250, 250, 250] [80, 457] 14 0
[70, 70, 70, 70, 70, 70, 70, 70, 70, 90, 110, 130, 150, 170] [410, 390, 370, 350, 330, 310, 290, 270, 250, 250, 250, 250, 250, 250] [80, 457] 14 0
[70, 70, 70, 70, 70, 70, 70, 70, 70, 70, 90, 110, 130, 150] [430, 410, 390, 370, 350, 330, 310, 290, 270, 250, 250, 250, 250, 250] [80, 457] 14 0
[70, 70, 70, 70, 70, 70, 70, 70, 70, 70, 70, 90, 110, 130] [450, 430, 410, 390, 370, 350, 330, 310, 290, 270, 250, 250, 250, 250] [80, 457] 14 0
