[290, 290, 290, 290, 290] [290, 270, 250, 230, 210] [169, 298] 5 0
[270, 290, 290, 290, 290] [290, 290, 270, 250, 230] [169, 298] 5 3
[250, 270, 290, 290, 290] [290, 290, 290, 270, 250] [169, 298] 5 3
[230, 250, 270, 290, 290] [290, 290, 290, 290, 270] [169, 298] 5 3
[210, 230, 250, 270, 290] [290, 290, 290, 290, 290] [169, 298] 5 3
[190, 210, 230, 250, 270] [290, 290, 290, 290, 290] [169, 298] 5 3
[170, 190, 210, 230, 250] [290, 290, 290, 290, 290] [169, 298] 5 3
[150, 170, 190, 210, 230, 250] [290, 290, 290, 290, 290, 290] [286, 219] 6 3
[150, 150, 170, 190, 210, 230] [270, 290, 290, 290, 290, 290] [286, 219] 6 2
[150, 150, 150, 170, 190, 210] [250, 270, 290, 290, 290, 290] [286, 219] 6 2
[150, 150, 150, 150, 170, 190] [230, 250, 270, 290, 290, 290] [286, 219] 6 2
[150, 150, 150, 150, 150, 170] [210, 230, 250, 270, 290, 290] [286, 219] 6 2
[170, 150, 150, 150, 150, 150] [210, 210, 230, 250, 270, 290] [286, 219] 6 1
[190, 170, 150, 150, 150, 150] [210, 210, 210, 230, 250, 270] [286, 219] 6 1
[210, 190, 170, 150, 150, 150] [210, 210, 210, 210, 230, 250] [286, 219] 6 1
[230, 210, 190, 170, 150, 150] [210, 210, 210, 210, 210, 230] [286, 219] 6 1
[250, 230, 210, 190, 170, 150] [210, 210, 210, 210, 210, 210] [286, 219] 6 1
[270, 250, 230, 210, 190, 170] [210, 210, 210, 210, 210, 210] [286, 219] 6 1
[290, 270, 250, 230, 210, 190, 170] [210, 210, 210, 210, 210, 210, 210] [109, 133] 7 1
[290, 290, 270, 250, 230, 210, 190] [190, 210, 210, 210, 210, 210, 210] [109, 133] 7 2
[290, 290, 290, 270, 250, 230, 210] [170, 190, 210, 210, 210, 210, 210] [109, 133] 7 2
[290, 290, 290, 290, 270, 250, 230] [150, 170, 190, 210, 210, 210, 210] [109, 133] 7 2
[290, 290, 290, 290, 290, 270, 250] [130, 150, 170, 190, 210, 210, 210] [109, 133] 7 2
[270, 290, 290, 290, 290, 290, 270] [130, 130, 150, 170, 190, 210, 210] [109, 133] 7 3
[250, 270, 290, 290, 290, 290, 290] [130, 130, 130, 150, 170, 190, 210] [109, 133] 7 3
[230, 250, 270, 290, 290, 290, 290] [130, 130, 130, 130, 150, 170, 190] [109, 133] 7 3
[210, 230, 250, 270, 290, 290, 290] [130, 130, 130, 130, 130, 150, 170] [109, 133] 7 3
[190, 210, 230, 250, 270, 290, 290] [130, 130, 130, 130, 130, 130, 150] [109, 133] 7 3
[170, 190, 210, 230, 250, 270, 290] [130, 130, 130, 130, 130, 130, 130] [109, 133] 7 3
[150, 170, 190, 210, 230, 250, 270] [130, 130, 130, 130, 130, 130, 130] [109, 133] 7 3
[130, 150, 170, 190, 210, 230, 250] [130, 130, 130, 130, 130, 130, 130] [109, 133] 7 3
[110, 130, 150, 170, 190, 210, 230] [130, 130, 130, 130, 130, 130, 130] [109, 133] 7 3
[90, 110, 130, 150, 170, 190, 210, 230] [130, 130, 130, 130, 130, 130, 130, 130] [555, 28] 8 3
[90, 90, 110, 130, 150, 170, 190, 210] [110, 130, 130, 130, 130, 130, 130, 130] [555, 28] 8 2
[90, 90, 90, 110, 130, 150, 170, 190] [90, 110, 130, 130, 130, 130, 130, 130] [555, 28] 8 2
[90, 90, 90, 90, 110, 130, 150, 170] [70, 90, 110, 130, 130, 130, 130, 130] [555, 28] 8 2
[90, 90, 90, 90, 90, 110, 130, 150] [50, 70, 90, 110, 130, 130, 130, 130] [555, 28] 8 2
[90, 90, 90, 90, 90, 90, 110, 130] [30, 50, 70, 90, 110, 130, 130, 130] [555, 28] 8 2
[110, 90, 90, 90, 90, 90, 90, 110] [30, 30, 50, 70, 90, 110, 130, 130] [555, 28] 8 1
[130, 110, 90, 90, 90, 90, 90, 90] [30, 30, 30, 50, 70, 90, 110, 130] [555, 28] 8 1
[150, 130, 110, 90, 90, 90, 90, 90] [30, 30, 30, 30, 50, 70, 90, 110] [555, 28] 8 1
[170, 150, 130, 110, 90, 90, 90, 90] [30, 30, 30, 30, 30, 50, 70, 90] [555, 28] 8 1
[190, 170, 150, 130, 110, 90, 90, 90] [30, 30, 30, 30, 30, 30, 50, 70] [555, 28] 8 1
[210, 190, 170, 150, 130, 110, 90, 90] [30, 30, 30, 30, 30, 30, 30, 50] [555, 28] 8 1
[230, 210, 190, 170, 150, 130, 110, 90] [30, 30, 30, 30, 30, 30, 30, 30] [555, 28] 8 1
[250, 230, 210, 190, 170, 150, 130, 110] [30, 30, 30, 30, 30, 30, 30, 30] [555, 28] 8 1
[270, 250, 230, 210, 190, 170, 150, 130] [30, 30, 30, 30, 30, 30, 30, 30] [555, 28] 8 1
[290, 270, 250, 230, 210, 190, 170, 150] [30, 30, 30, 30, 30, 30, 30, 30] [555, 28] 8 1
[310, 290, 270, 250, 230, 210, 190, 170] [30, 30, 30, 30, 30, 30, 30, 30] [555, 28] 8 1
[330, 310, 290, 270, 250, 230, 210, 190] [30, 30, 30, 30, 30, 30, 30, 30] [555, 28] 8 1
[350, 330, 310, 290, 270, 250, 230, 210] [30, 30, 30, 30, 30, 30, 30, 30] [555, 28] 8 1
[370, 350, 330, 310, 290, 270, 250, 230] [30, 30, 30, 30, 30, 30, 30, 30] [555, 28] 8 1
[390, 370, 350, 330, 310, 290, 270, 250] [30, 30, 30, 30, 30, 30, 30, 30] [555, 28] 8 1
[410, 390, 370, 350, 330, 310, 290, 270] [30, 30, 30, 30, 30, 30, 30, 30] [555, 28] 8 1
[430, 410, 390, 370, 350, 330, 310, 290] [30, 30, 30, 30, 30, 30, 30, 30] [555, 28] 8 1
[450, 430, 410, 390, 370, 350, 330, 310] [30, 30, 30, 30, 30, 30, 30, 30] [555, 28] 8 1
[470, 450, 430, 410, 390, 370, 350, 330] [30, 30, 30, 30, 30, 30, 30, 30] [555, 28] 8 1
[490, 470, 450, 430, 410, 390, 370, 350] [30, 30, 30, 30, 30, 30, 30, 30] [555, 28] 8 1
[510, 490, 470, 450, 430, 410, 390, 370] [30, 30, 30, 30, 30, 30, 30, 30] [555, 28] 8 1
[530, 510, 490, 470, 450, 430, 410, 390] [30, 30, 30, 30, 30, 30, 30, 30] [555, 28] 8 1
[550, 530, 510, 490, 470, 450, 430, 410] [30, 30, 30, 30, 30, 30, 30, 30] [555, 28] 8 1
[570, 550, 530, 510, 490, 470, 450, 430, 410] [30, 30, 30, 30, 30, 30, 30, 30, 30] [66, 259] 9 1
[570, 570, 550, 530, 510, 490, 470, 450, 430] [50, 30, 30, 30, 30, 30, 30, 30, 30] [66, 259] 9 0
[570, 570, 570, 550, 530, 510, 490, 470, 450] [70, 50, 30, 30, 30, 30, 30, 30, 30] [66, 259] 9 0
[570, 570, 570, 570, 550, 530, 510, 490, 470] [90, 70, 50, 30, 30, 30, 30, 30, 30] [66, 259] 9 0
[570, 570, 570, 570, 570, 550, 530, 510, 490] [110, 90, 70, 50, 30, 30, 30, 30, 30] [66, 259] 9 0
[570, 570, 570, 570, 570, 570, 550, 530, 510] [130, 110, 90, 70, 50, 30, 30, 30, 30] [66, 259] 9 0
[570, 570, 570, 570, 570, 570, 570, 550, 530] [150, 130, 110, 90, 70, 50, 30, 30, 30] [66, 259] 9 0
[570, 570, 570, 570, 570, 570, 570, 570, 550] [170, 150, 130, 110, 90, 70, 50, 30, 30] [66, 259] 9 0
[570, 570, 570, 570, 570, 570, 570, 570, 570] [190, 170, 150, 130, 110, 90, 70, 50, 30] [66, 259] 9 0
[570, 570, 570, 570, 570, 570, 570, 570, 570] [210, 190, 170, 150, 130, 110, 90, 70, 50] [66, 259] 9 0
[570, 570, 570, 570, 570, 570, 570, 570, 570] [230, 210, 190, 170, 150, 130, 110, 90, 70] [66, 259] 9 0
[570, 570, 570, 570, 570, 570, 570, 570, 570] [250, 230, 210, 190, 170, 150, 130, 110, 90] [66, 259] 9 0
[550, 570, 570, 570, 570, 570, 570, 570, 570] [250, 250, 230, 210, 190, 170, 150, 130, 110] [66, 259] 9 3
[530, 550, 570, 570, 570, 570, 570, 570, 570] [250, 250, 250, 230, 210, 190, 170, 150, 130] [66, 259] 9 3
[510, 530, 550, 570, 570, 570, 570, 570, 570] [250, 250, 250, 250, 230, 210, 190, 170, 150] [66, 259] 9 3
[490, 510, 530, 550, 570, 570, 570, 570, 570] [250, 250, 250, 250, 250, 230, 210, 190, 170] [66, 259] 9 3
[470, 490, 510, 530, 550, 570, 570, 570, 570] [250, 250, 250, 250, 250, 250, 230, 210, 190] [66, 259] 9 3
[450, 470, 490, 510, 530, 550, 570, 570, 570] [250, 250, 250, 250, 250, 250, 250, 230, 210] [66, 259] 9 3
[430, 450, 470, 490, 510, 530, 550, 570, 570] [250, 250, 250, 250, 250, 250, 250, 250, 230] [66, 259] 9 3
[410, 430, 450, 470, 490, 510, 530, 550, 570] [250, 250, 250, 250, 250, 250, 250, 250, 250] [66, 259] 9 3
[390, 410, 430, 450, 470, 490, 510, 530, 550] [250, 250, 250, 250, 250, 250, 250, 250, 250] [66, 259] 9 3
[370, 390, 410, 430, 450, 470, 490, 510, 530] [250, 250, 250, 250, 250, 250, 250, 250, 250] [66, 259] 9 3
[350, 370, 390, 410, 430, 450, 470, 490, 510] [250, 250, 250, 250, 250, 250, 250, 250, 250] [66, 259] 9 3
[330, 350, 370, 390, 410, 430, 450, 470, 490] [250, 250, 250, 250, 250, 250, 250, 250, 250] [66, 259] 9 3
[310, 330, 350, 370, 390, 410, 430, 450, 470] [250, 250, 250, 250, 250, 250, 250, 250, 250] [66, 259] 9 3
[290, 310, 330, 350, 370, 390, 410, 430, 450] [250, 250, 250, 250, 250, 250, 250, 250, 250] [66, 259] 9 3
[270, 290, 310, 330, 350, 370, 390, 410, 430] [250, 250, 250, 250, 250, 250, 250, 250, 250] [66, 259] 9 3
[250, 270, 290, 310, 330, 350, 370, 390, 410] [250, 250, 250, 250, 250, 250, 250, 250, 250] [66, 259] 9 3
[230, 250, 270, 290, 310, 330, 350, 370, 390] [250, 250, 250, 250, 250, 250, 250, 250, 250] [66, 259] 9 3
[210, 230, 250, 270, 290, 310, 330, 350, 370] [250, 250, 250, 250, 250, 250, 250, 250, 250] [66, 259] 9 3
[190, 210, 230, 250, 270, 290, 310, 330, 350] [250, 250, 250, 250, 250, 250, 250, 250, 250] [66, 259] 9 3
[170, 190, 210, 230, 250, 270, 290, 310, 330] [250, 250, 250, 250, 250, 250, 250, 250, 250] [66, 259] 9 3
[150, 170, 190, 210, 230, 250, 270, 290, 310] [250, 250, 250, 250, 250, 250, 250, 250, 250] [66, 259] 9 3
[130, 150, 170, 190, 210, 230, 250, 270, 290] [250, 250, 250, 250, 250, 250, 250, 250, 250] [66, 259] 9 3
[110, 130, 150, 170, 190, 210, 230, 250, 270] [250, 250, 250, 250, 250, 250, 250, 250, 250] [66, 259] 9 3
[90, 110, 130, 150, 170, 190, 210, 230, 250] [250, 250, 250, 250, 250, 250, 250, 250, 250] [66, 259] 9 3
[70, 90, 110, 130, 150, 170, 190, 210, 230] [250, 250, 250, 250, 250, 250, 250, 250, 250] [66, 259] 9 3
[50, 70, 90, 110, 130, 150, 170, 190, 210, 230] [250, 250, 250, 250, 250, 250, 250, 250, 250, 250] [118, 374] 10 3
[50, 50, 70, 90, 110, 130, 150, 170, 190, 210] [270, 250, 250, 250, 250, 250, 250, 250, 250, 250] [118, 374] 10 0
[50, 50, 50, 70, 90, 110, 130, 150, 170, 190] [290, 270, 250, 250, 250, 250, 250, 250, 250, 250] [118, 374] 10 0
[50, 50, 50, 50, 70, 90, 110, 130, 150, 170] [310, 290, 270, 250, 250, 250, 250, 250, 250, 250] [118, 374] 10 0
[50, 50, 50, 50, 50, 70, 90, 110, 130, 150] [330, 310, 290, 270, 250, 250, 250, 250, 250, 250] [118, 374] 10 0
[50, 50, 50, 50, 50, 50, 70, 90, 110, 130] [350, 330, 310, 290, 270, 250, 250, 250, 250, 250] [118, 374] 10 0
[50, 50, 50, 50, 50, 50, 50, 70, 90, 110] [370, 350, 330, 310, 290, 270, 250, 250, 250, 250] [118, 374] 10 0
[70, 50, 50, 50, 50, 50, 50, 50, 70, 90] [370, 370, 350, 330, 310, 290, 270, 250, 250, 250] [118, 374] 10 1
[90, 70, 50, 50, 50, 50, 50, 50, 50, 70] [370, 370, 370, 350, 330, 310, 290, 270, 250, 250] [118, 374] 10 1
[110, 90, 70, 50, 50, 50, 50, 50, 50, 50] [370, 370, 370, 370, 350, 330, 310, 290, 270, 250] [118, 374] 10 1
[130, 110, 90, 70, 50, 50, 50, 50, 50, 50, 50] [370, 370, 370, 370, 370, 350, 330, 310, 290, 270, 250] [466, 492] 11 1
[150, 130, 110, 90, 70, 50, 50, 50, 50, 50, 50] [370, 370, 370, 370, 370, 370, 350, 330, 310, 290, 270] [466, 492] 11 1
[170, 150, 130, 110, 90, 70, 50, 50, 50, 50, 50] [370, 370, 370, 370, 370, 370, 370, 350, 330, 310, 290] [466, 492] 11 1
[190, 170, 150, 130, 110, 90, 70, 50, 50, 50, 50] [370, 370, 370, 370, 370, 370, 370, 370, 350, 330, 310] [466, 492] 11 1
[210, 190, 170, 150, 130, 110, 90, 70, 50, 50, 50] [370, 370, 370, 370, 370, 370, 370, 370, 370, 350, 330] [466, 492] 11 1
[230, 210, 190, 170, 150, 130, 110, 90, 70, 50, 50] [370, 370, 370, 370, 370, 370, 370, 370, 370, 370, 350] [466, 492] 11 1
[250, 230, 210, 190, 170, 150, 130, 110, 90, 70, 50] [370, 370, 370, 370, 370, 370, 370, 370, 370, 370, 370] [466, 492] 11 1
[270, 250, 230, 210, 190, 170, 150, 130, 110, 90, 70] [370, 370, 370, 370, 370, 370, 370, 370, 370, 370, 370] [466, 492] 11 1
[290, 270, 250, 230, 210, 190, 170, 150, 130, 110, 90] [370, 370, 370, 370, 370, 370, 370, 370, 370, 370, 370] [466, 492] 11 1
[310, 290, 270, 250, 230, 210, 190, 170, 150, 130, 110] [370, 370, 370, 370, 370, 370, 370, 370, 370, 370, 370] [466, 492] 11 1
[330, 310, 290, 270, 250, 230, 210, 190, 170, 150, 130] [370, 370, 370, 370, 370, 370, 370, 370, 370, 370, 370] [466, 492] 11 1
[350, 330, 310, 290, 270, 250, 230, 210, 190, 170, 150] [370, 370, 370, 370, 370, 370, 370, 370, 370, 370, 370] [466, 492] 11 1
[370, 350, 330, 310, 290, 270, 250, 230, 210, 190, 170] [370, 370, 370, 370, 370, 370, 370, 370, 370, 370, 370] [466, 492] 11 1
[390, 370, 350, 330, 310, 290, 270, 250, 230, 210, 190] [370, 370, 370, 370, 370, 370, 370, 370, 370, 370, 370] [466, 492] 11 1
[410, 390, 370, 350, 330, 310, 290, 270, 250, 230, 210] [370, 370, 370, 370, 370, 370, 370, 370, 370, 370, 370] [466, 492] 11 1
[430, 410, 390, 370, 350, 330, 310, 290, 270, 250, 230] [370, 370, 370, 370, 370, 370, 370, 370, 370, 370, 370] [466, 492] 11 1
[450, 430, 410, 390, 370, 350, 330, 310, 290, 270, 250] [370, 370, 370, 370, 370, 370, 370, 370, 370, 370, 370] [466, 492] 11 1
[470, 450, 430, 410, 390, 370, 350, 330, 310, 290, 270] [370, 370, 370, 370, 370, 370, 370, 370, 370, 370, 370] [466, 492] 11 1
[470, 470, 450, 430, 410, 390, 370, 350, 330, 310, 290] [390, 370, 370, 370, 370, 370, 370, 370, 370, 370, 370] [466, 492] 11 0
[470, 470, 470, 450, 430, 410, 390, 370, 350, 330, 310] [410, 390, 370, 370, 370, 370, 370, 370, 370, 370, 370] [466, 492] 11 0
[470, 470, 470, 470, 450, 430, 410, 390, 370, 350, 330] [430, 410, 390, 370, 370, 370, 370, 370, 370, 370, 370] [466, 492] 11 0
[470, 470, 470, 470, 470, 450, 430, 410, 390, 370, 350] [450, 430, 410, 390, 370, 370, 370, 370, 370, 370, 370] [466, 492] 11 0
[470, 470, 470, 470, 470, 470, 450, 430, 410, 390, 370] [470, 450, 430, 410, 390, 370, 370, 370, 370, 370, 370] [466, 492] 11 0
[470, 470, 470, 470, 470, 470, 470, 450, 430, 410, 390] [490, 470, 450, 430, 410, 390, 370, 370, 370, 370, 370] [466, 492] 11 0
[450, 470, 470, 470, 470, 470, 470, 470, 450, 430, 410, 390] [490, 490, 470, 450, 430, 410, 390, 370, 370, 370, 370, 370] [153, 500] 12 3
[430, 450, 470, 470, 470, 470, 470, 470, 470, 450, 430, 410] [490, 490, 490, 470, 450, 430, 410, 390, 370, 370, 370, 370] [153, 500] 12 3
[410, 430, 450, 470, 470, 470, 470, 470, 470, 470, 450, 430] [490, 490, 490, 490, 470, 450, 430, 410, 390, 370, 370, 370] [153, 500] 12 3
[390, 410, 430, 450, 470, 470, 470, 470, 470, 470, 470, 450] [490, 490, 490, 490, 490, 470, 450, 430, 410, 390, 370, 370] [153, 500] 12 3
[370, 390, 410, 430, 450, 470, 470, 470, 470, 470, 470, 470] [490, 490, 490, 490, 490, 490, 470, 450, 430, 410, 390, 370] [153, 500] 12 3
[350, 370, 390, 410, 430, 450, 470, 470, 470, 470, 470, 470] [490, 490, 490, 490, 490, 490, 490, 470, 450, 430, 410, 390] [153, 500] 12 3
[330, 350, 370, 390, 410, 430, 450, 470, 470, 470, 470, 470] [490, 490, 490, 490, 490, 490, 490, 490, 470, 450, 430, 410] [153, 500] 12 3
[310, 330, 350, 370, 390, 410, 430, 450, 470, 470, 470, 470] [490, 490, 490, 490, 490, 490, 490, 490, 490, 470, 450, 430] [153, 500] 12 3
[290, 310, 330, 350, 370, 390, 410, 430, 450, 470, 470, 470] [490, 490, 490, 490, 490, 490, 490, 490, 490, 490, 470, 450] [153, 500] 12 3
[270, 290, 310, 330, 350, 370, 390, 410, 430, 450, 470, 470] [490, 490, 490, 490, 490, 490, 490, 490, 490, 490, 490, 470] [153, 500] 12 3
[250, 270, 290, 310, 330, 350, 370, 390, 410, 430, 450, 470] [490, 490, 490, 490, 490, 490, 490, 490, 490, 490, 490, 490] [153, 500] 12 3
[230, 250, 270, 290, 310, 330, 350, 370, 390, 410, 430, 450] [490, 490, 490, 490, 490, 490, 490, 490, 490, 490, 490, 490] [153, 500] 12 3
[210, 230, 250, 270, 290, 310, 330, 350, 370, 390, 410, 430] [490, 490, 490, 490, 490, 490, 490, 490, 490, 490, 490, 490] [153, 500] 12 3
[190, 210, 230, 250, 270, 290, 310, 330, 350, 370, 390, 410] [490, 490, 490, 490, 490, 490, 490, 490, 490, 490, 490, 490] [153, 500] 12 3
[170, 190, 210, 230, 250, 270, 290, 310, 330, 350, 370, 390] [490, 490, 490, 490, 490, 490, 490, 490, 490, 490, 490, 490] [153, 500] 12 3
[150, 170, 190, 210, 230, 250, 270, 290, 310, 330, 350, 370] [490, 490, 490, 490, 490, 490, 490, 490, 490, 490, 490, 490] [153, 500] 12 3
[130, 150, 170, 190, 210, 230, 250, 270, 290, 310, 330, 350, 370] [490, 490, 490, 490, 490, 490, 490, 490, 490, 490, 490, 490, 490] [460, 539] 13 3
[130, 130, 150, 170, 190, 210, 230, 250, 270, 290, 310, 330, 350] [510, 490, 490, 490, 490, 490, 490, 490, 490, 490, 490, 490, 490] [460, 539] 13 0
[130, 130, 130, 150, 170, 190, 210, 230, 250, 270, 290, 310, 330] [530, 510, 490, 490, 490, 490, 490, 490, 490, 490, 490, 490, 490] [460, 539] 13 0
[150, 130, 130, 130, 150, 170, 190, 210, 230, 250, 270, 290, 310] [530, 530, 510, 490, 490, 490, 490, 490, 490, 490, 490, 490, 490] [460, 539] 13 1
[170, 150, 130, 130, 130, 150, 170, 190, 210, 230, 250, 270, 290] [530, 530, 530, 510, 490, 490, 490, 490, 490, 490, 490, 490, 490] [460, 539] 13 1
[190, 170, 150, 130, 130, 130, 150, 170, 190, 210, 230, 250, 270] [530, 530, 530, 530, 510, 490, 490, 490, 490, 490, 490, 490, 490] [460, 539] 13 1
[210, 190, 170, 150, 130, 130, 130, 150, 170, 190, 210, 230, 250] [530, 530, 530, 530, 530, 510, 490, 490, 490, 490, 490, 490, 490] [460, 539] 13 1
[230, 210, 190, 170, 150, 130, 130, 130, 150, 170, 190, 210, 230] [530, 530, 530, 530, 530, 530, 510, 490, 490, 490, 490, 490, 490] [460, 539] 13 1
[250, 230, 210, 190, 170, 150, 130, 130, 130, 150, 170, 190, 210] [530, 530, 530, 530, 530, 530, 530, 510, 490, 490, 490, 490, 490] [460, 539] 13 1
[270, 250, 230, 210, 190, 170, 150, 130, 130, 130, 150, 170, 190] [530, 530, 530, 530, 530, 530, 530, 530, 510, 490, 490, 490, 490] [460, 539] 13 1
[290, 270, 250, 230, 210, 190, 170, 150, 130, 130, 130, 150, 170] [530, 530, 530, 530, 530, 530, 530, 530, 530, 510, 490, 490, 490] [460, 539] 13 1
[310, 290, 270, 250, 230, 210, 190, 170, 150, 130, 130, 130, 150] [530, 530, 530, 530, 530, 530, 530, 530, 530, 530, 510, 490, 490] [460, 539] 13 1
[330, 310, 290, 270, 250, 230, 210, 190, 170, 150, 130, 130, 130] [530, 530, 530, 530, 530, 530, 530, 530, 530, 530, 530, 510, 490] [460, 539] 13 1
[350, 330, 310, 290, 270, 250, 230, 210, 190, 170, 150, 130, 130] [530, 530, 530, 530, 530, 530, 530, 530, 530, 530, 530, 530, 510] [460, 539] 13 1
[370, 350, 330, 310, 290, 270, 250, 230, 210, 190, 170, 150, 130] [530, 530, 530, 530, 530, 530, 530, 530, 530, 530, 530, 530, 530] [460, 539] 13 1
[390, 370, 350, 330, 310, 290, 270, 250, 230, 210, 190, 170, 150] [530, 530, 530, 530, 530, 530, 530, 530, 530, 530, 530, 530, 530] [460, 539] 13 1
[410, 390, 370, 350, 330, 310, 290, 270, 250, 230, 210, 190, 170] [530, 530, 530, 530, 530, 530, 530, 530, 530, 530, 530, 530, 530] [460, 539] 13 1
[430, 410, 390, 370, 350, 330, 310, 290, 270, 250, 230, 210, 190] [530, 530, 530, 530, 530, 530, 530, 530, 530, 530, 530, 530, 530] [460, 539] 13 1
[450, 430, 410, 390, 370, 350, 330, 310, 290, 270, 250, 230, 210] [530, 530, 530, 530, 530, 530, 530, 530, 530, 530, 530, 530, 530] [460, 539] 13 1
[470, 450, 430, 410, 390, 370, 350, 330, 310, 290, 270, 250, 230, 210] [530, 530, 530, 530, 530, 530, 530, 530, 530, 530, 530, 530, 530, 530] [53, 260] 14 1
[470, 470, 450, 430, 410, 390, 370, 350, 330, 310, 290, 270, 250, 230] [510, 530, 530, 530, 530, 530, 530, 530, 530, 530, 530, 530, 530, 530] [53, 260] 14 2
[470, 470, 470, 450, 430, 410, 390, 370, 350, 330, 310, 290, 270, 250] [490, 510, 530, 530, 530, 530, 530, 530, 530, 530, 530, 530, 530, 530] [53, 260] 14 2
[470, 470, 470, 470, 450, 430, 410, 390, 370, 350, 330, 310, 290, 270] [470, 490, 510, 530, 530, 530, 530, 530, 530, 530, 530, 530, 530, 530] [53, 260] 14 2
[470, 470, 470, 470, 470, 450, 430, 410, 390, 370, 350, 330, 310, 290] [450, 470, 490, 510, 530, 530, 530, 530, 530, 530, 530, 530, 530, 530] [53, 260] 14 2
[470, 470, 470, 470, 470, 470, 450, 430, 410, 390, 370, 350, 330, 310] [430, 450, 470, 490, 510, 530, 530, 530, 530, 530, 530, 530, 530, 530] [53, 260] 14 2
[470, 470, 470, 470, 470, 470, 470, 450, 430, 410, 390, 370, 350, 330] [410, 430, 450, 470, 490, 510, 530, 530, 530, 530, 530, 530, 530, 530] [53, 260] 14 2
[470, 470, 470, 470, 470, 470, 470, 470, 450, 430, 410, 390, 370, 350] [390, 410, 430, 450, 470, 490, 510, 530, 530, 530, 530, 530, 530, 530] [53, 260] 14 2
[470, 470, 470, 470, 470, 470, 470, 470, 470, 450, 430, 410, 390, 370] [370, 390, 410, 430, 450, 470, 490, 510, 530, 530, 530, 530, 530, 530] [53, 260] 14 2
[470, 470, 470, 470, 470, 470, 470, 470, 470, 470, 450, 430, 410, 390] [350, 370, 390, 410, 430, 450, 470, 490, 510, 530, 530, 530, 530, 530] [53, 260] 14 2
[470, 470, 470, 470, 470, 470, 470, 470, 470, 470, 470, 450, 430, 410] [330, 350, 370, 390, 410, 430, 450, 470, 490, 510, 530, 530, 530, 530] [53, 260] 14 2
[470, 470, 470, 470, 470, 470, 470, 470, 470, 470, 470, 470, 450, 430] [310, 330, 350, 370, 390, 410, 430, 450, 470, 490, 510, 530, 530, 530] [53, 260] 14 2
[470, 470, 470, 470, 470, 470, 470, 470, 470, 470, 470, 470, 470, 450] [290, 310, 330, 350, 370, 390, 410, 430, 450, 470, 490, 510, 530, 530] [53, 260] 14 2
[470, 470, 470, 470, 470, 470, 470, 470, 470, 470, 470, 470, 470, 470] [270, 290, 310, 330, 350, 370, 390, 410, 430, 450, 470, 490, 510, 530] [53, 260] 14 2
[470, 470, 470, 470, 470, 470, 470, 470, 470, 470, 470, 470, 470, 470] [250, 270, 290, 310, 330, 350, 370, 390, 410, 430, 450, 470, 490, 510] [53, 260] 14 2
[450, 470, 470, 470, 470, 470, 470, 470, 470, 470, 470, 470, 470, 470] [250, 250, 270, 290, 310, 330, 350, 370, 390, 410, 430, 450, 470, 490] [53, 260] 14 3
[430, 450, 470, 470, 470, 470, 470, 470, 470, 470, 470, 470, 470, 470] [250, 250, 250, 270, 290, 310, 330, 350, 370, 390, 410, 430, 450, 470] [53, 260] 14 3
[410, 430, 450, 470, 470, 470, 470, 470, 470, 470, 470, 470, 470, 470] [250, 250, 250, 250, 270, 290, 310, 330, 350, 370, 390, 410, 430, 450] [53, 260] 14 3
[390, 410, 430, 450, 470, 470, 470, 470, 470, 470, 470, 470, 470, 470] [250, 250, 250, 250, 250, 270, 290, 310, 330, 350, 370, 390, 410, 430] [53, 260] 14 3
[370, 390, 410, 430, 450, 470, 470, 470, 470, 470, 470, 470, 470, 470] [250, 250, 250, 250, 250, 250, 270, 290, 310, 330, 350, 370, 390, 410] [53, 260] 14 3
[350, 370, 390, 410, 430, 450, 470, 470, 470, 470, 470, 470, 470, 470] [250, 250, 250, 250, 250, 250, 250, 270, 290, 310, 330, 350, 370, 390] [53, 260] 14 3
[330, 350, 370, 390, 410, 430, 450, 470, 470, 470, 470, 470, 470, 470] [250, 250, 250, 250, 250, 250, 250, 250, 270, 290, 310, 330, 350, 370] [53, 260] 14 3
[310, 330, 350, 370, 390, 410, 430, 450, 470, 470, 470, 470, 470, 470] [250, 250, 250, 250, 250, 250, 250, 250, 250, 270, 290, 310, 330, 350] [53, 260] 14 3
[290, 310, 330, 350, 370, 390, 410, 430, 450, 470, 470, 470, 470, 470] [250, 250, 250, 250, 250, 250, 250, 250, 250, 250, 270, 290, 310, 330] [53, 260] 14 3
[270, 290, 310, 330, 350, 370, 390, 410, 430, 450, 470, 470, 470, 470] [250, 250, 250, 250, 250, 250, 250, 250, 250, 250, 250, 270, 290, 310] [53, 260] 14 3
[250, 270, 290, 310, 330, 350, 370, 390, 410, 430, 450, 470, 470, 470] [250, 250, 250, 250, 250, 250, 250, 250, 250, 250, 250, 250, 270, 290] [53, 260] 14 3
[230, 250, 270, 290, 310, 330, 350, 370, 390, 410, 430, 450, 470, 470] [250, 250, 250, 250, 250, 250, 250, 250, 250, 250, 250, 250, 250, 270] [53, 260] 14 3
[210, 230, 250, 270, 290, 310, 330, 350, 370, 390, 410, 430, 450, 470] [250, 250, 250, 250, 250, 250, 250, 250, 250, 250, 250, 250, 250, 250] [53, 260] 14 3
[190, 210, 230, 250, 270, 290, 310, 330, 350, 370, 390, 410, 430, 450] [250, 250, 250, 250, 250, 250, 250, 250, 250, 250, 250, 250, 250, 250] [53, 260] 14 3
[170, 190, 210, 230, 250, 270, 290, 310, 330, 350, 370, 390, 410, 430] [250, 250, 250, 250, 250, 250, 250, 250, 250, 250, 250, 250, 250, 250] [53, 260] 14 3
[150, 170, 190, 210, 230, 250, 270, 290, 310, 330, 350, 370, 390, 410] [250, 250, 250, 250, 250, 250, 250, 250, 250, 250, 250, 250, 250, 250] [53, 260] 14 3
[130, 150, 170, 190, 210, 230, 250, 270, 290, 310, 330, 350, 370, 390] [250, 250, 250, 250, 250, 250, 250, 250, 250, 250, 250, 250, 250, 250] [53, 260] 14 3
[110, 130, 150, 170, 190, 210, 230, 250, 270, 290, 310, 330, 350, 370] [250, 250, 250, 250, 250, 250, 250, 250, 250, 250, 250, 250, 250, 250] [53, 260] 14 3
[90, 110, 130, 150, 170, 190, 210, 230, 250, 270, 290, 310, 330, 350] [250, 250, 250, 250, 250, 250, 250, 250, 250, 250, 250, 250, 250, 250] [53, 260] 14 3
[70, 90, 110, 130, 150, 170, 190, 210, 230, 250, 270, 290, 310, 330] [250, 250, 250, 250, 250, 250, 250, 250, 250, 250, 250, 250, 250, 250] [53, 260] 14 3
[50, 70, 90, 110, 130, 150, 170, 190, 210, 230, 250, 270, 290, 310] [250, 250, 250, 250, 250, 250, 250, 250, 250, 250, 250, 250, 250, 250] [53, 260] 14 3
[50, 50, 70, 90, 110, 130, 150, 170, 190, 210, 230, 250, 270, 290, 310] [270, 250, 250, 250, 250, 250, 250, 250, 250, 250, 250, 250, 250, 250, 250] [462, 421] 15 0
[50, 50, 50, 70, 90, 110, 130, 150, 170, 190, 210, 230, 250, 270, 290] [290, 270, 250, 250, 250, 250, 250, 250, 250, 250, 250, 250, 250, 250, 250] [462, 421] 15 0
[50, 50, 50, 50, 70, 90, 110, 130, 150, 170, 190, 210, 230, 250, 270] [310, 290, 270, 250, 250, 250, 250, 250, 250, 250, 250, 250, 250, 250, 250] [462, 421] 15 0
[50, 50, 50, 50, 50, 70, 90, 110, 130, 150, 170, 190, 210, 230, 250] [330, 310, 290, 270, 250, 250, 250, 250, 250, 250, 250, 250, 250, 250, 250] [462, 421] 15 0
[50, 50, 50, 50, 50, 50, 70, 90, 110, 130, 150, 170, 190, 210, 230] [350, 330, 310, 290, 270, 250, 250, 250, 250, 250, 250, 250, 250, 250, 250] [462, 421] 15 0
[50, 50, 50, 50, 50, 50, 50, 70, 90, 110, 130, 150, 170, 190, 210] [370, 350, 330, 310, 290, 270, 250, 250, 250, 250, 250, 250, 250, 250, 250] [462, 421] 15 0
[50, 50, 50, 50, 50, 50, 50, 50, 70, 90, 110, 130, 150, 170, 190] [390, 370, 350, 330, 310, 290, 270, 250, 250, 250, 250, 250, 250, 250, 250] [462, 421] 15 0
[50, 50, 50, 50, 50, 50, 50, 50, 50, 70, 90, 110, 130, 150, 170] [410, 390, 370, 350, 330, 310, 290, 270, 250, 250, 250, 250, 250, 250, 250] [462, 421] 15 0
[50, 50, 50, 50, 50, 50, 50, 50, 50, 50, 70, 90, 110, 130, 150] [430, 410, 390, 370, 350, 330, 310, 290, 270, 250, 250, 250, 250, 250, 250] [462, 421] 15 0
[70, 50, 50, 50, 50, 50, 50, 50, 50, 50, 50, 70, 90, 110, 130] [430, 430, 410, 390, 370, 350, 330, 310, 290, 270, 250, 250, 250, 250, 250] [462, 421] 15 1
[90, 70, 50, 50, 50, 50, 50, 50, 50, 50, 50, 50, 70, 90, 110] [430, 430, 430, 410, 390, 370, 350, 330, 310, 290, 270, 250, 250, 250, 250] [462, 421] 15 1
[110, 90, 70, 50, 50, 50, 50, 50, 50, 50, 50, 50, 50, 70, 90] [430, 430, 430, 430, 410, 390, 370, 350, 330, 310, 290, 270, 250, 250, 250] [462, 421] 15 1
[130, 110, 90, 70, 50, 50, 50, 50, 50, 50, 50, 50, 50, 50, 70] [430, 430, 430, 430, 430, 410, 390, 370, 350, 330, 310, 290, 270, 250, 250] [462, 421] 15 1
[150, 130, 110, 90, 70, 50, 50, 50, 50, 50, 50, 50, 50, 50, 50] [430, 430, 430, 430, 430, 430, 410, 390, 370, 350, 330, 310, 290, 270, 250] [462, 421] 15 1
[170, 150, 130, 110, 90, 70, 50, 50, 50, 50, 50, 50, 50, 50, 50] [430, 430, 430, 430, 430, 430, 430, 410, 390, 370, 350, 330, 310, 290, 270] [462, 421] 15 1
[190, 170, 150, 130, 110, 90, 70, 50, 50, 50, 50, 50, 50, 50, 50] [430, 430, 430, 430, 430, 430, 430, 430, 410, 390, 370, 350, 330, 310, 290] [462, 421] 15 1
[210, 190, 170, 150, 130, 110, 90, 70, 50, 50, 50, 50, 50, 50, 50] [430, 430, 430, 430, 430, 430, 430, 430, 430, 410, 390, 370, 350, 330, 310] [462, 421] 15 1
[230, 210, 190, 170, 150, 130, 110, 90, 70, 50, 50, 50, 50, 50, 50] [430, 430, 430, 430, 430, 430, 430, 430, 430, 430, 410, 390, 370, 350, 330] [462, 421] 15 1
[250, 230, 210, 190, 170, 150, 130, 110, 90, 70, 50, 50, 50, 50, 50] [430, 430, 430, 430, 430, 430, 430, 430, 430, 430, 430, 410, 390, 370, 350] [462, 421] 15 1
[270, 250, 230, 210, 190, 170, 150, 130, 110, 90, 70, 50, 50, 50, 50] [430, 430, 430, 430, 430, 430, 430, 430, 430, 430, 430, 430, 410, 390, 370] [462, 421] 15 1
[290, 270, 250, 230, 210, 190, 170, 150, 130, 110, 90, 70, 50, 50, 50] [430, 430, 430, 430, 430, 430, 430, 430, 430, 430, 430, 430, 430, 410, 390] [462, 421] 15 1
[310, 290, 270, 250, 230, 210, 190, 170, 150, 130, 110, 90, 70, 50, 50] [430, 430, 430, 430, 430, 430, 430, 430, 430, 430, 430, 430, 430, 430, 410] [462, 421] 15 1
[330, 310, 290, 270, 250, 230, 210, 190, 170, 150, 130, 110, 90, 70, 50] [430, 430, 430, 430, 430, 430, 430, 430, 430, 430, 430, 430, 430, 430, 430] [462, 421] 15 1
[350, 330, 310, 290, 270, 250, 230, 210, 190, 170, 150, 130, 110, 90, 70] [430, 430, 430, 430, 430, 430, 430, 430, 430, 430, 430, 430, 430, 430, 430] [462, 421] 15 1
[370, 350, 330, 310, 290, 270, 250, 230, 210, 190, 170, 150, 130, 110, 90] [430, 430, 430, 430, 430, 430, 430, 430, 430, 430, 430, 430, 430, 430, 430] [462, 421] 15 1
[390, 370, 350, 330, 310, 290, 270, 250, 230, 210, 190, 170, 150, 130, 110] [430, 430, 430, 430, 430, 430, 430, 430, 430, 430, 430, 430, 430, 430, 430] [462, 421] 15 1
[410, 390, 370, 350, 330, 310, 290, 270, 250, 230, 210, 190, 170, 150, 130] [430, 430, 430, 430, 430, 430, 430, 430, 430, 430, 430, 430, 430, 430, 430] [462, 421] 15 1
[430, 410, 390, 370, 350, 330, 310, 290, 270, 250, 230, 210, 190, 170, 150] [430, 430, 430, 430, 430, 430, 430, 430, 430, 430, 430, 430, 430, 430, 430] [462, 421] 15 1
[450, 430, 410, 390, 370, 350, 330, 310, 290, 270, 250, 230, 210, 190, 170] [430, 430, 430, 430, 430, 430, 430, 430, 430, 430, 430, 430, 430, 430, 430] [462, 421] 15 1
