[290, 290, 290, 290, 290] [290, 270, 250, 230, 210] [444, 496] 5 0
[290, 290, 290, 290, 290] [310, 290, 270, 250, 230] [444, 496] 5 0
[290, 290, 290, 290, 290] [330, 310, 290, 270, 250] [444, 496] 5 0
[290, 290, 290, 290, 290] [350, 330, 310, 290, 270] [444, 496] 5 0
[290, 290, 290, 290, 290] [370, 350, 330, 310, 290] [444, 496] 5 0
[290, 290, 290, 290, 290] [390, 370, 350, 330, 310] [444, 496] 5 0
[290, 290, 290, 290, 290] [410, 390, 370, 350, 330] [444, 496] 5 0
[290, 290, 290, 290, 290] [430, 410, 390, 370, 350] [444, 496] 5 0
[290, 290, 290, 290, 290] [450, 430, 410, 390, 370] [444, 496] 5 0
[290, 290, 290, 290, 290] [470, 450, 430, 410, 390] [444, 496] 5 0
[290, 290, 290, 290, 290] [490, 470, 450, 430, 410] [444, 496] 5 0
[310, 290, 290, 290, 290] [490, 490, 470, 450, 430] [444, 496] 5 1
[330, 310, 290, 290, 290] [490, 490, 490, 470, 450] [444, 496] 5 1
[350, 330, 310, 290, 290] [490, 490, 490, 490, 470] [444, 496] 5 1
[370, 350, 330, 310, 290] [490, 490, 490, 490, 490] [444, 496] 5 1
[390, 370, 350, 330, 310] [490, 490, 490, 490, 490] [444, 496] 5 1
[410, 390, 370, 350, 330] [490, 490, 490, 490, 490] [444, 496] 5 1
[430, 410, 390, 370, 350] [490, 490, 490, 490, 490] [444, 496] 5 1
[450, 430, 410, 390, 370, 350] [490, 490, 490, 490, 490, 490] [478, 486] 6 1
[470, 450, 430, 410, 390, 370] [490, 490, 490, 490, 490, 490] [478, 486] 6 1
[470, 470, 450, 430, 410, 390, 370] [470, 490, 490, 490, 490, 490, 490] [294, 300] 7 2
[470, 470, 470, 450, 430, 410, 390] [450, 470, 490, 490, 490, 490, 490] [294, 300] 7 2
[470, 470, 470, 470, 450, 430, 410] [430, 450, 470, 490, 490, 490, 490] [294, 300] 7 2
[470, 470, 470, 470, 470, 450, 430] [410, 430, 450, 470, 490, 490, 490] [294, 300] 7 2
[470, 470, 470, 470, 470, 470, 450] [390, 410, 430, 450, 470, 490, 490] [294, 300] 7 2
[470, 470, 470, 470, 470, 470, 470] [370, 390, 410, 430, 450, 470, 490] [294, 300] 7 2
[470, 470, 470, 470, 470, 470, 470] [350, 370, 390, 410, 430, 450, 470] [294, 300] 7 2
[470, 470, 470, 470, 470, 470, 470] [330, 350, 370, 390, 410, 430, 450] [294, 300] 7 2
[470, 470, 470, 470, 470, 470, 470] [310, 330, 350, 370, 390, 410, 430] [294, 300] 7 2
[470, 470, 470, 470, 470, 470, 470] [290, 310, 330, 350, 370, 390, 410] [294, 300] 7 2
[450, 470, 470, 470, 470, 470, 470] [290, 290, 310, 330, 350, 370, 390] [294, 300] 7 3
[430, 450, 470, 470, 470, 470, 470] [290, 290, 290, 310, 330, 350, 370] [294, 300] 7 3
[410, 430, 450, 470, 470, 470, 470] [290, 290, 290, 290, 310, 330, 350] [294, 300] 7 3
[390, 410, 430, 450, 470, 470, 470] [290, 290, 290, 290, 290, 310, 330] [294, 300] 7 3
[370, 390, 410, 430, 450, 470, 470] [290, 290, 290, 290, 290, 290, 310] [294, 300] 7 3
[350, 370, 390, 410, 430, 450, 470] [290, 290, 290, 290, 290, 290, 290] [294, 300] 7 3
[330, 350, 370, 390, 410, 430, 450] [290, 290, 290, 290, 290, 290, 290] [294, 300] 7 3
[310, 330, 350, 370, 390, 410, 430] [290, 290, 290, 290, 290, 290, 290] [294, 300] 7 3
[290, 310, 330, 350, 370, 390, 410] [290, 290, 290, 290, 290, 290, 290] [294, 300] 7 3
[270, 290, 310, 330, 350, 370, 390, 410] [290, 290, 290, 290, 290, 290, 290, 290] [477, 62] 8 3
[270, 270, 290, 310, 330, 350, 370, 390] [270, 290, 290, 290, 290, 290, 290, 290] [477, 62] 8 2
[270, 270, 270, 290, 310, 330, 350, 370] [250, 270, 290, 290, 290, 290, 290, 290] [477, 62] 8 2
[270, 270, 270, 270, 290, 310, 330, 350] [230, 250, 270, 290, 290, 290, 290, 290] [477, 62] 8 2
[270, 270, 270, 270, 270, 290, 310, 330] [210, 230, 250, 270, 290, 290, 290, 290] [477, 62] 8 2
[270, 270, 270, 270, 270, 270, 290, 310] [190, 210, 230, 250, 270, 290, 290, 290] [477, 62] 8 2
[270, 270, 270, 270, 270, 270, 270, 290] [170, 190, 210, 230, 250, 270, 290, 290] [477, 62] 8 2
[270, 270, 270, 270, 270, 270, 270, 270] [150, 170, 190, 210, 230, 250, 270, 290] [477, 62] 8 2
[270, 270, 270, 270, 270, 270, 270, 270] [130, 150, 170, 190, 210, 230, 250, 270] [477, 62] 8 2
[270, 270, 270, 270, 270, 270, 270, 270] [110, 130, 150, 170, 190, 210, 230, 250] [477, 62] 8 2
[270, 270, 270, 270, 270, 270, 270, 270] [90, 110, 130, 150, 170, 190, 210, 230] [477, 62] 8 2
[270, 270, 270, 270, 270, 270, 270, 270] [70, 90, 110, 130, 150, 170, 190, 210] [477, 62] 8 2
[270, 270, 270, 270, 270, 270, 270, 270] [50, 70, 90, 110, 130, 150, 170, 190] [477, 62] 8 2
[290, 270, 270, 270, 270, 270, 270, 270] [50, 50, 70, 90, 110, 130, 150, 170] [477, 62] 8 1
[310, 290, 270, 270, 270, 270, 270, 270] [50, 50, 50, 70, 90, 110, 130, 150] [477, 62] 8 1
[330, 310, 290, 270, 270, 270, 270, 270] [50, 50, 50, 50, 70, 90, 110, 130] [477, 62] 8 1
[350, 330, 310, 290, 270, 270, 270, 270] [50, 50, 50, 50, 50, 70, 90, 110] [477, 62] 8 1
[370, 350, 330, 310, 290, 270, 270, 270] [50, 50, 50, 50, 50, 50, 70, 90] [477, 62] 8 1
[390, 370, 350, 330, 310, 290, 270, 270] [50, 50, 50, 50, 50, 50, 50, 70] [477, 62] 8 1
[410, 390, 370, 350, 330, 310, 290, 270] [50, 50, 50, 50, 50, 50, 50, 50] [477, 62] 8 1
[430, 410, 390, 370, 350, 330, 310, 290] [50, 50, 50, 50, 50, 50, 50, 50] [477, 62] 8 1
[450, 430, 410, 390, 370, 350, 330, 310] [50, 50, 50, 50, 50, 50, 50, 50] [477, 62] 8 1
[470, 450, 430, 410, 390, 370, 350, 330] [50, 50, 50, 50, 50, 50, 50, 50] [477, 62] 8 1
[490, 470, 450, 430, 410, 390, 370, 350, 330] [50, 50, 50, 50, 50, 50, 50, 50, 50] [296, 473] 9 1
[490, 490, 470, 450, 430, 410, 390, 370, 350] [70, 50, 50, 50, 50, 50, 50, 50, 50] [296, 473] 9 0
[490, 490, 490, 470, 450, 430, 410, 390, 370] [90, 70, 50, 50, 50, 50, 50, 50, 50] [296, 473] 9 0
[490, 490, 490, 490, 470, 450, 430, 410, 390] [110, 90, 70, 50, 50, 50, 50, 50, 50] [296, 473] 9 0
[490, 490, 490, 490, 490, 470, 450, 430, 410] [130, 110, 90, 70, 50, 50, 50, 50, 50] [296, 473] 9 0
[490, 490, 490, 490, 490, 490, 470, 450, 430] [150, 130, 110, 90, 70, 50, 50, 50, 50] [296, 473] 9 0
[490, 490, 490, 490, 490, 490, 490, 470, 450] [170, 150, 130, 110, 90, 70, 50, 50, 50] [296, 473] 9 0
[490, 490, 490, 490, 490, 490, 490, 490, 470] [190, 170, 150, 130, 110, 90, 70, 50, 50] [296, 473] 9 0
[490, 490, 490, 490, 490, 490, 490, 490, 490] [210, 190, 170, 150, 130, 110, 90, 70, 50] [296, 473] 9 0
[490, 490, 490, 490, 490, 490, 490, 490, 490] [230, 210, 190, 170, 150, 130, 110, 90, 70] [296, 473] 9 0
[490, 490, 490, 490, 490, 490, 490, 490, 490] [250, 230, 210, 190, 170, 150, 130, 110, 90] [296, 473] 9 0
[490, 490, 490, 490, 490, 490, 490, 490, 490] [270, 250, 230, 210, 190, 170, 150, 130, 110] [296, 473] 9 0
[490, 490, 490, 490, 490, 490, 490, 490, 490] [290, 270, 250, 230, 210, 190, 170, 150, 130] [296, 473] 9 0
[490, 490, 490, 490, 490, 490, 490, 490, 490] [310, 290, 270, 250, 230, 210, 190, 170, 150] [296, 473] 9 0
[490, 490, 490, 490, 490, 490, 490, 490, 490] [330, 310, 290, 270, 250, 230, 210, 190, 170] [296, 473] 9 0
[490, 490, 490, 490, 490, 490, 490, 490, 490] [350, 330, 310, 290, 270, 250, 230, 210, 190] [296, 473] 9 0
[490, 490, 490, 490, 490, 490, 490, 490, 490] [370, 350, 330, 310, 290, 270, 250, 230, 210] [296, 473] 9 0
[490, 490, 490, 490, 490, 490, 490, 490, 490] [390, 370, 350, 330, 310, 290, 270, 250, 230] [296, 473] 9 0
[490, 490, 490, 490, 490, 490, 490, 490, 490] [410, 390, 370, 350, 330, 310, 290, 270, 250] [296, 473] 9 0
[490, 490, 490, 490, 490, 490, 490, 490, 490] [430, 410, 390, 370, 350, 330, 310, 290, 270] [296, 473] 9 0
[490, 490, 490, 490, 490, 490, 490, 490, 490] [450, 430, 410, 390, 370, 350, 330, 310, 290] [296, 473] 9 0
[490, 490, 490, 490, 490, 490, 490, 490, 490] [470, 450, 430, 410, 390, 370, 350, 330, 310] [296, 473] 9 0
[470, 490, 490, 490, 490, 490, 490, 490, 490] [470, 470, 450, 430, 410, 390, 370, 350, 330] [296, 473] 9 3
[450, 470, 490, 490, 490, 490, 490, 490, 490] [470, 470, 470, 450, 430, 410, 390, 370, 350] [296, 473] 9 3
[430, 450, 470, 490, 490, 490, 490, 490, 490] [470, 470, 470, 470, 450, 430, 410, 390, 370] [296, 473] 9 3
[410, 430, 450, 470, 490, 490, 490, 490, 490] [470, 470, 470, 470, 470, 450, 430, 410, 390] [296, 473] 9 3
[390, 410, 430, 450, 470, 490, 490, 490, 490] [470, 470, 470, 470, 470, 470, 450, 430, 410] [296, 473] 9 3
[370, 390, 410, 430, 450, 470, 490, 490, 490] [470, 470, 470, 470, 470, 470, 470, 450, 430] [296, 473] 9 3
[350, 370, 390, 410, 430, 450, 470, 490, 490] [470, 470, 470, 470, 470, 470, 470, 470, 450] [296, 473] 9 3
[330, 350, 370, 390, 410, 430, 450, 470, 490] [470, 470, 470, 470, 470, 470, 470, 470, 470] [296, 473] 9 3
[310, 330, 350, 370, 390, 410, 430, 450, 470] [470, 470, 470, 470, 470, 470, 470, 470, 470] [296, 473] 9 3
[290, 310, 330, 350, 370, 390, 410, 430, 450] [470, 470, 470, 470, 470, 470, 470, 470, 470] [296, 473] 9 3
[290, 290, 310, 330, 350, 370, 390, 410, 430, 450] [450, 470, 470, 470, 470, 470, 470, 470, 470, 470] [14, 397] 10 2
[270, 290, 290, 310, 330, 350, 370, 390, 410, 430] [450, 450, 470, 470, 470, 470, 470, 470, 470, 470] [14, 397] 10 3
[270, 270, 290, 290, 310, 330, 350, 370, 390, 410] [430, 450, 450, 470, 470, 470, 470, 470, 470, 470] [14, 397] 10 2
[270, 270, 270, 290, 290, 310, 330, 350, 370, 390] [410, 430, 450, 450, 470, 470, 470, 470, 470, 470] [14, 397] 10 2
[270, 270, 270, 270, 290, 290, 310, 330, 350, 370] [390, 410, 430, 450, 450, 470, 470, 470, 470, 470] [14, 397] 10 2
[250, 270, 270, 270, 270, 290, 290, 310, 330, 350] [390, 390, 410, 430, 450, 450, 470, 470, 470, 470] [14, 397] 10 3
[230, 250, 270, 270, 270, 270, 290, 290, 310, 330] [390, 390, 390, 410, 430, 450, 450, 470, 470, 470] [14, 397] 10 3
[210, 230, 250, 270, 270, 270, 270, 290, 290, 310] [390, 390, 390, 390, 410, 430, 450, 450, 470, 470] [14, 397] 10 3
[190, 210, 230, 250, 270, 270, 270, 270, 290, 290] [390, 390, 390, 390, 390, 410, 430, 450, 450, 470] [14, 397] 10 3
[170, 190, 210, 230, 250, 270, 270, 270, 270, 290] [390, 390, 390, 390, 390, 390, 410, 430, 450, 450] [14, 397] 10 3
[150, 170, 190, 210, 230, 250, 270, 270, 270, 270] [390, 390, 390, 390, 390, 390, 390, 410, 430, 450] [14, 397] 10 3
[130, 150, 170, 190, 210, 230, 250, 270, 270, 270] [390, 390, 390, 390, 390, 390, 390, 390, 410, 430] [14, 397] 10 3
[110, 130, 150, 170, 190, 210, 230, 250, 270, 270] [390, 390, 390, 390, 390, 390, 390, 390, 390, 410] [14, 397] 10 3
[90, 110, 130, 150, 170, 190, 210, 230, 250, 270] [390, 390, 390, 390, 390, 390, 390, 390, 390, 390] [14, 397] 10 3
[70, 90, 110, 130, 150, 170, 190, 210, 230, 250] [390, 390, 390, 390, 390, 390, 390, 390, 390, 390] [14, 397] 10 3
[50, 70, 90, 110, 130, 150, 170, 190, 210, 230] [390, 390, 390, 390, 390, 390, 390, 390, 390, 390] [14, 397] 10 3
[30, 50, 70, 90, 110, 130, 150, 170, 190, 210] [390, 390, 390, 390, 390, 390, 390, 390, 390, 390] [14, 397] 10 3
[10, 30, 50, 70, 90, 110, 130, 150, 170, 190] [390, 390, 390, 390, 390, 390, 390, 390, 390, 390] [14, 397] 10 3
[10, 10, 30, 50, 70, 90, 110, 130, 150, 170, 190] [370, 390, 390, 390, 390, 390, 390, 390, 390, 390, 390] [393, 69] 11 2
[10, 10, 10, 30, 50, 70, 90, 110, 130, 150, 170] [350, 370, 390, 390, 390, 390, 390, 390, 390, 390, 390] [393, 69] 11 2
[10, 10, 10, 10, 30, 50, 70, 90, 110, 130, 150] [330, 350, 370, 390, 390, 390, 390, 390, 390, 390, 390] [393, 69] 11 2
[10, 10, 10, 10, 10, 30, 50, 70, 90, 110, 130] [310, 330, 350, 370, 390, 390, 390, 390, 390, 390, 390] [393, 69] 11 2
[10, 10, 10, 10, 10, 10, 30, 50, 70, 90, 110] [290, 310, 330, 350, 370, 390, 390, 390, 390, 390, 390] [393, 69] 11 2
[10, 10, 10, 10, 10, 10, 10, 30, 50, 70, 90] [270, 290, 310, 330, 350, 370, 390, 390, 390, 390, 390] [393, 69] 11 2
[10, 10, 10, 10, 10, 10, 10, 10, 30, 50, 70] [250, 270, 290, 310, 330, 350, 370, 390, 390, 390, 390] [393, 69] 11 2
[10, 10, 10, 10, 10, 10, 10, 10, 10, 30, 50] [230, 250, 270, 290, 310, 330, 350, 370, 390, 390, 390] [393, 69] 11 2
[10, 10, 10, 10, 10, 10, 10, 10, 10, 10, 30] [210, 230, 250, 270, 290, 310, 330, 350, 370, 390, 390] [393, 69] 11 2
[10, 10, 10, 10, 10, 10, 10, 10, 10, 10, 10] [190, 210, 230, 250, 270, 290, 310, 330, 350, 370, 390] [393, 69] 11 2
[10, 10, 10, 10, 10, 10, 10, 10, 10, 10, 10] [170, 190, 210, 230, 250, 270, 290, 310, 330, 350, 370] [393, 69] 11 2
[10, 10, 10, 10, 10, 10, 10, 10, 10, 10, 10] [150, 170, 190, 210, 230, 250, 270, 290, 310, 330, 350] [393, 69] 11 2
[10, 10, 10, 10, 10, 10, 10, 10, 10, 10, 10] [130, 150, 170, 190, 210, 230, 250, 270, 290, 310, 330] [393, 69] 11 2
[10, 10, 10, 10, 10, 10, 10, 10, 10, 10, 10] [110, 130, 150, 170, 190, 210, 230, 250, 270, 290, 310] [393, 69] 11 2
[10, 10, 10, 10, 10, 10, 10, 10, 10, 10, 10] [90, 110, 130, 150, 170, 190, 210, 230, 250, 270, 290] [393, 69] 11 2
[10, 10, 10, 10, 10, 10, 10, 10, 10, 10, 10] [70, 90, 110, 130, 150, 170, 190, 210, 230, 250, 270] [393, 69] 11 2
[10, 10, 10, 10, 10, 10, 10, 10, 10, 10, 10] [50, 70, 90, 110, 130, 150, 170, 190, 210, 230, 250] [393, 69] 11 2
[30, 10, 10, 10, 10, 10, 10, 10, 10, 10, 10] [50, 50, 70, 90, 110, 130, 150, 170, 190, 210, 230] [393, 69] 11 1
[50, 30, 10, 10, 10, 10, 10, 10, 10, 10, 10] [50, 50, 50, 70, 90, 110, 130, 150, 170, 190, 210] [393, 69] 11 1
[70, 50, 30, 10, 10, 10, 10, 10, 10, 10, 10] [50, 50, 50, 50, 70, 90, 110, 130, 150, 170, 190] [393, 69] 11 1
[90, 70, 50, 30, 10, 10, 10, 10, 10, 10, 10] [50, 50, 50, 50, 50, 70, 90, 110, 130, 150, 170] [393, 69] 11 1
[110, 90, 70, 50, 30, 10, 10, 10, 10, 10, 10] [50, 50, 50, 50, 50, 50, 70, 90, 110, 130, 150] [393, 69] 11 1
[130, 110, 90, 70, 50, 30, 10, 10, 10, 10, 10] [50, 50, 50, 50, 50, 50, 50, 70, 90, 110, 130] [393, 69] 11 1
[150, 130, 110, 90, 70, 50, 30, 10, 10, 10, 10] [50, 50, 50, 50, 50, 50, 50, 50, 70, 90, 110] [393, 69] 11 1
[170, 150, 130, 110, 90, 70, 50, 30, 10, 10, 10] [50, 50, 50, 50, 50, 50, 50, 50, 50, 70, 90] [393, 69] 11 1
[190, 170, 150, 130, 110, 90, 70, 50, 30, 10, 10] [50, 50, 50, 50, 50, 50, 50, 50, 50, 50, 70] [393, 69] 11 1
[210, 190, 170, 150, 130, 110, 90, 70, 50, 30, 10] [50, 50, 50, 50, 50, 50, 50, 50, 50, 50, 50] [393, 69] 11 1
[230, 210, 190, 170, 150, 130, 110, 90, 70, 50, 30] [50, 50, 50, 50, 50, 50, 50, 50, 50, 50, 50] [393, 69] 11 1
[250, 230, 210, 190, 170, 150, 130, 110, 90, 70, 50] [50, 50, 50, 50, 50, 50, 50, 50, 50, 50, 50] [393, 69] 11 1
[270, 250, 230, 210, 190, 170, 150, 130, 110, 90, 70] [50, 50, 50, 50, 50, 50, 50, 50, 50, 50, 50] [393, 69] 11 1
[290, 270, 250, 230, 210, 190, 170, 150, 130, 110, 90] [50, 50, 50, 50, 50, 50, 50, 50, 50, 50, 50] [393, 69] 11 1
[310, 290, 270, 250, 230, 210, 190, 170, 150, 130, 110] [50, 50, 50, 50, 50, 50, 50, 50, 50, 50, 50] [393, 69] 11 1
[330, 310, 290, 270, 250, 230, 210, 190, 170, 150, 130] [50, 50, 50, 50, 50, 50, 50, 50, 50, 50, 50] [393, 69] 11 1
[350, 330, 310, 290, 270, 250, 230, 210, 190, 170, 150] [50, 50, 50, 50, 50, 50, 50, 50, 50, 50, 50] [393, 69] 11 1
[370, 350, 330, 310, 290, 270, 250, 230, 210, 190, 170] [50, 50, 50, 50, 50, 50, 50, 50, 50, 50, 50] [393, 69] 11 1
[390, 370, 350, 330, 310, 290, 270, 250, 230, 210, 190] [50, 50, 50, 50, 50, 50, 50, 50, 50, 50, 50] [393, 69] 11 1
[390, 390, 370, 350, 330, 310, 290, 270, 250, 230, 210, 190] [70, 50, 50, 50, 50, 50, 50, 50, 50, 50, 50, 50] [184, 540] 12 0
[390, 390, 390, 370, 350, 330, 310, 290, 270, 250, 230, 210] [90, 70, 50, 50, 50, 50, 50, 50, 50, 50, 50, 50] [184, 540] 12 0
[390, 390, 390, 390, 370, 350, 330, 310, 290, 270, 250, 230] [110, 90, 70, 50, 50, 50, 50, 50, 50, 50, 50, 50] [184, 540] 12 0
[390, 390, 390, 390, 390, 370, 350, 330, 310, 290, 270, 250] [130, 110, 90, 70, 50, 50, 50, 50, 50, 50, 50, 50] [184, 540] 12 0
[390, 390, 390, 390, 390, 390, 370, 350, 330, 310, 290, 270] [150, 130, 110, 90, 70, 50, 50, 50, 50, 50, 50, 50] [184, 540] 12 0
[390, 390, 390, 390, 390, 390, 390, 370, 350, 330, 310, 290] [170, 150, 130, 110, 90, 70, 50, 50, 50, 50, 50, 50] [184, 540] 12 0
[390, 390, 390, 390, 390, 390, 390, 390, 370, 350, 330, 310] [190, 170, 150, 130, 110, 90, 70, 50, 50, 50, 50, 50] [184, 540] 12 0
[390, 390, 390, 390, 390, 390, 390, 390, 390, 370, 350, 330] [210, 190, 170, 150, 130, 110, 90, 70, 50, 50, 50, 50] [184, 540] 12 0
[390, 390, 390, 390, 390, 390, 390, 390, 390, 390, 370, 350] [230, 210, 190, 170, 150, 130, 110, 90, 70, 50, 50, 50] [184, 540] 12 0
[390, 390, 390, 390, 390, 390, 390, 390, 390, 390, 390, 370] [250, 230, 210, 190, 170, 150, 130, 110, 90, 70, 50, 50] [184, 540] 12 0
[390, 390, 390, 390, 390, 390, 390, 390, 390, 390, 390, 390] [270, 250, 230, 210, 190, 170, 150, 130, 110, 90, 70, 50] [184, 540] 12 0
[390, 390, 390, 390, 390, 390, 390, 390, 390, 390, 390, 390] [290, 270, 250, 230, 210, 190, 170, 150, 130, 110, 90, 70] [184, 540] 12 0
[390, 390, 390, 390, 390, 390, 390, 390, 390, 390, 390, 390] [310, 290, 270, 250, 230, 210, 190, 170, 150, 130, 110, 90] [184, 540] 12 0
[390, 390, 390, 390, 390, 390, 390, 390, 390, 390, 390, 390] [330, 310, 290, 270, 250, 230, 210, 190, 170, 150, 130, 110] [184, 540] 12 0
[390, 390, 390, 390, 390, 390, 390, 390, 390, 390, 390, 390] [350, 330, 310, 290, 270, 250, 230, 210, 190, 170, 150, 130] [184, 540] 12 0
[390, 390, 390, 390, 390, 390, 390, 390, 390, 390, 390, 390] [370, 350, 330, 310, 290, 270, 250, 230, 210, 190, 170, 150] [184, 540] 12 0
[390, 390, 390, 390, 390, 390, 390, 390, 390, 390, 390, 390] [390, 370, 350, 330, 310, 290, 270, 250, 230, 210, 190, 170] [184, 540] 12 0
[390, 390, 390, 390, 390, 390, 390, 390, 390, 390, 390, 390] [410, 390, 370, 350, 330, 310, 290, 270, 250, 230, 210, 190] [184, 540] 12 0
[390, 390, 390, 390, 390, 390, 390, 390, 390, 390, 390, 390] [430, 410, 390, 370, 350, 330, 310, 290, 270, 250, 230, 210] [184, 540] 12 0
[390, 390, 390, 390, 390, 390, 390, 390, 390, 390, 390, 390] [450, 430, 410, 390, 370, 350, 330, 310, 290, 270, 250, 230] [184, 540] 12 0
[390, 390, 390, 390, 390, 390, 390, 390, 390, 390, 390, 390] [470, 450, 430, 410, 390, 370, 350, 330, 310, 290, 270, 250] [184, 540] 12 0
[390, 390, 390, 390, 390, 390, 390, 390, 390, 390, 390, 390] [490, 470, 450, 430, 410, 390, 370, 350, 330, 310, 290, 270] [184, 540] 12 0
[390, 390, 390, 390, 390, 390, 390, 390, 390, 390, 390, 390] [510, 490, 470, 450, 430, 410, 390, 370, 350, 330, 310, 290] [184, 540] 12 0
[390, 390, 390, 390, 390, 390, 390, 390, 390, 390, 390, 390] [530, 510, 490, 470, 450, 430, 410, 390, 370, 350, 330, 310] [184, 540] 12 0
[370, 390, 390, 390, 390, 390, 390, 390, 390, 390, 390, 390] [530, 530, 510, 490, 470, 450, 430, 410, 390, 370, 350, 330] [184, 540] 12 3
[350, 370, 390, 390, 390, 390, 390, 390, 390, 390, 390, 390] [530, 530, 530, 510, 490, 470, 450, 430, 410, 390, 370, 350] [184, 540] 12 3
[330, 350, 370, 390, 390, 390, 390, 390, 390, 390, 390, 390] [530, 530, 530, 530, 510, 490, 470, 450, 430, 410, 390, 370] [184, 540] 12 3
[310, 330, 350, 370, 390, 390, 390, 390, 390, 390, 390, 390] [530, 530, 530, 530, 530, 510, 490, 470, 450, 430, 410, 390] [184, 540] 12 3
[290, 310, 330, 350, 370, 390, 390, 390, 390, 390, 390, 390] [530, 530, 530, 530, 530, 530, 510, 490, 470, 450, 430, 410] [184, 540] 12 3
[270, 290, 310, 330, 350, 370, 390, 390, 390, 390, 390, 390] [530, 530, 530, 530, 530, 530, 530, 510, 490, 470, 450, 430] [184, 540] 12 3
[250, 270, 290, 310, 330, 350, 370, 390, 390, 390, 390, 390] [530, 530, 530, 530, 530, 530, 530, 530, 510, 490, 470, 450] [184, 540] 12 3
[230, 250, 270, 290, 310, 330, 350, 370, 390, 390, 390, 390] [530, 530, 530, 530, 530, 530, 530, 530, 530, 510, 490, 470] [184, 540] 12 3
[210, 230, 250, 270, 290, 310, 330, 350, 370, 390, 390, 390] [530, 530, 530, 530, 530, 530, 530, 530, 530, 530, 510, 490] [184, 540] 12 3
[190, 210, 230, 250, 270, 290, 310, 330, 350, 370, 390, 390] [530, 530, 530, 530, 530, 530, 530, 530, 530, 530, 530, 510] [184, 540] 12 3
[170, 190, 210, 230, 250, 270, 290, 310, 330, 350, 370, 390, 390] [530, 530, 530, 530, 530, 530, 530, 530, 530, 530, 530, 530, 510] [114, 123] 13 3
[170, 170, 190, 210, 230, 250, 270, 290, 310, 330, 350, 370, 390] [510, 530, 530, 530, 530, 530, 530, 530, 530, 530, 530, 530, 530] [114, 123] 13 2
[150, 170, 170, 190, 210, 230, 250, 270, 290, 310, 330, 350, 370] [510, 510, 530, 530, 530, 530, 530, 530, 530, 530, 530, 530, 530] [114, 123] 13 3
[130, 150, 170, 170, 190, 210, 230, 250, 270, 290, 310, 330, 350] [510, 510, 510, 530, 530, 530, 530, 530, 530, 530, 530, 530, 530] [114, 123] 13 3
[130, 130, 150, 170, 170, 190, 210, 230, 250, 270, 290, 310, 330] [490, 510, 510, 510, 530, 530, 530, 530, 530, 530, 530, 530, 530] [114, 123] 13 2
[110, 130, 130, 150, 170, 170, 190, 210, 230, 250, 270, 290, 310] [490, 490, 510, 510, 510, 530, 530, 530, 530, 530, 530, 530, 530] [114, 123] 13 3
[110, 110, 130, 130, 150, 170, 170, 190, 210, 230, 250, 270, 290] [470, 490, 490, 510, 510, 510, 530, 530, 530, 530, 530, 530, 530] [114, 123] 13 2
[110, 110, 110, 130, 130, 150, 170, 170, 190, 210, 230, 250, 270] [450, 470, 490, 490, 510, 510, 510, 530, 530, 530, 530, 530, 530] [114, 123] 13 2
[110, 110, 110, 110, 130, 130, 150, 170, 170, 190, 210, 230, 250] [430, 450, 470, 490, 490, 510, 510, 510, 530, 530, 530, 530, 530] [114, 123] 13 2
[110, 110, 110, 110, 110, 130, 130, 150, 170, 170, 190, 210, 230] [410, 430, 450, 470, 490, 490, 510, 510, 510, 530, 530, 530, 530] [114, 123] 13 2
[110, 110, 110, 110, 110, 110, 130, 130, 150, 170, 170, 190, 210] [390, 410, 430, 450, 470, 490, 490, 510, 510, 510, 530, 530, 530] [114, 123] 13 2
[110, 110, 110, 110, 110, 110, 110, 130, 130, 150, 170, 170, 190] [370, 390, 410, 430, 450, 470, 490, 490, 510, 510, 510, 530, 530] [114, 123] 13 2
[110, 110, 110, 110, 110, 110, 110, 110, 130, 130, 150, 170, 170] [350, 370, 390, 410, 430, 450, 470, 490, 490, 510, 510, 510, 530] [114, 123] 13 2
[110, 110, 110, 110, 110, 110, 110, 110, 110, 130, 130, 150, 170] [330, 350, 370, 390, 410, 430, 450, 470, 490, 490, 510, 510, 510] [114, 123] 13 2
[110, 110, 110, 110, 110, 110, 110, 110, 110, 110, 130, 130, 150] [310, 330, 350, 370, 390, 410, 430, 450, 470, 490, 490, 510, 510] [114, 123] 13 2
[110, 110, 110, 110, 110, 110, 110, 110, 110, 110, 110, 130, 130] [290, 310, 330, 350, 370, 390, 410, 430, 450, 470, 490, 490, 510] [114, 123] 13 2
[110, 110, 110, 110, 110, 110, 110, 110, 110, 110, 110, 110, 130] [270, 290, 310, 330, 350, 370, 390, 410, 430, 450, 470, 490, 490] [114, 123] 13 2
[110, 110, 110, 110, 110, 110, 110, 110, 110, 110, 110, 110, 110] [250, 270, 290, 310, 330, 350, 370, 390, 410, 430, 450, 470, 490] [114, 123] 13 2
[110, 110, 110, 110, 110, 110, 110, 110, 110, 110, 110, 110, 110] [230, 250, 270, 290, 310, 330, 350, 370, 390, 410, 430, 450, 470] [114, 123] 13 2
[110, 110, 110, 110, 110, 110, 110, 110, 110, 110, 110, 110, 110] [210, 230, 250, 270, 290, 310, 330, 350, 370, 390, 410, 430, 450] [114, 123] 13 2
[110, 110, 110, 110, 110, 110, 110, 110, 110, 110, 110, 110, 110] [190, 210, 230, 250, 270, 290, 310, 330, 350, 370, 390, 410, 430] [114, 123] 13 2
[110, 110, 110, 110, 110, 110, 110, 110, 110, 110, 110, 110, 110] [170, 190, 210, 230, 250, 270, 290, 310, 330, 350, 370, 390, 410] [114, 123] 13 2
[110, 110, 110, 110, 110, 110, 110, 110, 110, 110, 110, 110, 110] [150, 170, 190, 210, 230, 250, 270, 290, 310, 330, 350, 370, 390] [114, 123] 13 2
[110, 110, 110, 110, 110, 110, 110, 110, 110, 110, 110, 110, 110] [130, 150, 170, 190, 210, 230, 250, 270, 290, 310, 330, 350, 370] [114, 123] 13 2
[110, 110, 110, 110, 110, 110, 110, 110, 110, 110, 110, 110, 110, 110] [110, 130, 150, 170, 190, 210, 230, 250, 270, 290, 310, 330, 350, 370] [553, 111] 14 2
[130, 110, 110, 110, 110, 110, 110, 110, 110, 110, 110, 110, 110, 110] [110, 110, 130, 150, 170, 190, 210, 230, 250, 270, 290, 310, 330, 350] [553, 111] 14 1
[130, 130, 110, 110, 110, 110, 110, 110, 110, 110, 110, 110, 110, 110] [90, 110, 110, 130, 150, 170, 190, 210, 230, 250, 270, 290, 310, 330] [553, 111] 14 2
[150, 130, 130, 110, 110, 110, 110, 110, 110, 110, 110, 110, 110, 110] [90, 90, 110, 110, 130, 150, 170, 190, 210, 230, 250, 270, 290, 310] [553, 111] 14 1
[170, 150, 130, 130, 110, 110, 110, 110, 110, 110, 110, 110, 110, 110] [90, 90, 90, 110, 110, 130, 150, 170, 190, 210, 230, 250, 270, 290] [553, 111] 14 1
[190, 170, 150, 130, 130, 110, 110, 110, 110, 110, 110, 110, 110, 110] [90, 90, 90, 90, 110, 110, 130, 150, 170, 190, 210, 230, 250, 270] [553, 111] 14 1
[210, 190, 170, 150, 130, 130, 110, 110, 110, 110, 110, 110, 110, 110] [90, 90, 90, 90, 90, 110, 110, 130, 150, 170, 190, 210, 230, 250] [553, 111] 14 1
[230, 210, 190, 170, 150, 130, 130, 110, 110, 110, 110, 110, 110, 110] [90, 90, 90, 90, 90, 90, 110, 110, 130, 150, 170, 190, 210, 230] [553, 111] 14 1
[250, 230, 210, 190, 170, 150, 130, 130, 110, 110, 110, 110, 110, 110] [90, 90, 90, 90, 90, 90, 90, 110, 110, 130, 150, 170, 190, 210] [553, 111] 14 1
[270, 250, 230, 210, 190, 170, 150, 130, 130, 110, 110, 110, 110, 110] [90, 90, 90, 90, 90, 90, 90, 90, 110, 110, 130, 150, 170, 190] [553, 111] 14 1
[290, 270, 250, 230, 210, 190, 170, 150, 130, 130, 110, 110, 110, 110] [90, 90, 90, 90, 90, 90, 90, 90, 90, 110, 110, 130, 150, 170] [553, 111] 14 1
[310, 290, 270, 250, 230, 210, 190, 170, 150, 130, 130, 110, 110, 110] [90, 90, 90, 90, 90, 90, 90, 90, 90, 90, 110, 110, 130, 150] [553, 111] 14 1
[330, 310, 290, 270, 250, 230, 210, 190, 170, 150, 130, 130, 110, 110] [90, 90, 90, 90, 90, 90, 90, 90, 90, 90, 90, 110, 110, 130] [553, 111] 14 1
[350, 330, 310, 290, 270, 250, 230, 210, 190, 170, 150, 130, 130, 110] [90, 90, 90, 90, 90, 90, 90, 90, 90, 90, 90, 90, 110, 110] [553, 111] 14 1
[370, 350, 330, 310, 290, 270, 250, 230, 210, 190, 170, 150, 130, 130] [90, 90, 90, 90, 90, 90, 90, 90, 90, 90, 90, 90, 90, 110] [553, 111] 14 1
[390, 370, 350, 330, 310, 290, 270, 250, 230, 210, 190, 170, 150, 130] [90, 90, 90, 90, 90, 90, 90, 90, 90, 90, 90, 90, 90, 90] [553, 111] 14 1
[410, 390, 370, 350, 330, 310, 290, 270, 250, 230, 210, 190, 170, 150] [90, 90, 90, 90, 90, 90, 90, 90, 90, 90, 90, 90, 90, 90] [553, 111] 14 1
[430, 410, 390, 370, 350, 330, 310, 290, 270, 250, 230, 210, 190, 170] [90, 90, 90, 90, 90, 90, 90, 90, 90, 90, 90, 90, 90, 90] [553, 111] 14 1
[450, 430, 410, 390, 370, 350, 330, 310, 290, 270, 250, 230, 210, 190] [90, 90, 90, 90, 90, 90, 90, 90, 90, 90, 90, 90, 90, 90] [553, 111] 14 1
[470, 450, 430, 410, 390, 370, 350, 330, 310, 290, 270, 250, 230, 210] [90, 90, 90, 90, 90, 90, 90, 90, 90, 90, 90, 90, 90, 90] [553, 111] 14 1
[490, 470, 450, 430, 410, 390, 370, 350, 330, 310, 290, 270, 250, 230] [90, 90, 90, 90, 90, 90, 90, 90, 90, 90, 90, 90, 90, 90] [553, 111] 14 1
[510, 490, 470, 450, 430, 410, 390, 370, 350, 330, 310, 290, 270, 250] [90, 90, 90, 90, 90, 90, 90, 90, 90, 90, 90, 90, 90, 90] [553, 111] 14 1
[530, 510, 490, 470, 450, 430, 410, 390, 370, 350, 330, 310, 290, 270] [90, 90, 90, 90, 90, 90, 90, 90, 90, 90, 90, 90, 90, 90] [553, 111] 14 1
[550, 530, 510, 490, 470, 450, 430, 410, 390, 370, 350, 330, 310, 290] [90, 90, 90, 90, 90, 90, 90, 90, 90, 90, 90, 90, 90, 90] [553, 111] 14 1
[550, 550, 530, 510, 490, 470, 450, 430, 410, 390, 370, 350, 330, 310] [110, 90, 90, 90, 90, 90, 90, 90, 90, 90, 90, 90, 90, 90] [553, 111] 14 0
[550, 550, 550, 530, 510, 490, 470, 450, 430, 410, 390, 370, 350, 330, 310] [130, 110, 90, 90, 90, 90, 90, 90, 90, 90, 90, 90, 90, 90, 90] [302, 468] 15 0
[550, 550, 550, 550, 530, 510, 490, 470, 450, 430, 410, 390, 370, 350, 330] [150, 130, 110, 90, 90, 90, 90, 90, 90, 90, 90, 90, 90, 90, 90] [302, 468] 15 0
[550, 550, 550, 550, 550, 530, 510, 490, 470, 450, 430, 410, 390, 370, 350] [170, 150, 130, 110, 90, 90, 90, 90, 90, 90, 90, 90, 90, 90, 90] [302, 468] 15 0
[550, 550, 550, 550, 550, 550, 530, 510, 490, 470, 450, 430, 410, 390, 370] [190, 170, 150, 130, 110, 90, 90, 90, 90, 90, 90, 90, 90, 90, 90] [302, 468] 15 0
[550, 550, 550, 550, 550, 550, 550, 530, 510, 490, 470, 450, 430, 410, 390] [210, 190, 170, 150, 130, 110, 90, 90, 90, 90, 90, 90, 90, 90, 90] [302, 468] 15 0
[550, 550, 550, 550, 550, 550, 550, 550, 530, 510, 490, 470, 450, 430, 410] [230, 210, 190, 170, 150, 130, 110, 90, 90, 90, 90, 90, 90, 90, 90] [302, 468] 15 0
[550, 550, 550, 550, 550, 550, 550, 550, 550, 530, 510, 490, 470, 450, 430] [250, 230, 210, 190, 170, 150, 130, 110, 90, 90, 90, 90, 90, 90, 90] [302, 468] 15 0
[550, 550, 550, 550, 550, 550, 550, 550, 550, 550, 530, 510, 490, 470, 450] [270, 250, 230, 210, 190, 170, 150, 130, 110, 90, 90, 90, 90, 90, 90] [302, 468] 15 0
[550, 550, 550, 550, 550, 550, 550, 550, 550, 550, 550, 530, 510, 490, 470] [290, 270, 250, 230, 210, 190, 170, 150, 130, 110, 90, 90, 90, 90, 90] [302, 468] 15 0
[550, 550, 550, 550, 550, 550, 550, 550, 550, 550, 550, 550, 530, 510, 490] [310, 290, 270, 250, 230, 210, 190, 170, 150, 130, 110, 90, 90, 90, 90] [302, 468] 15 0
[550, 550, 550, 550, 550, 550, 550, 550, 550, 550, 550, 550, 550, 530, 510] [330, 310, 290, 270, 250, 230, 210, 190, 170, 150, 130, 110, 90, 90, 90] [302, 468] 15 0
[550, 550, 550, 550, 550, 550, 550, 550, 550, 550, 550, 550, 550, 550, 530] [350, 330, 310, 290, 270, 250, 230, 210, 190, 170, 150, 130, 110, 90, 90] [302, 468] 15 0
[550, 550, 550, 550, 550, 550, 550, 550, 550, 550, 550, 550, 550, 550, 550] [370, 350, 330, 310, 290, 270, 250, 230, 210, 190, 170, 150, 130, 110, 90] [302, 468] 15 0
[550, 550, 550, 550, 550, 550, 550, 550, 550, 550, 550, 550, 550, 550, 550] [390, 370, 350, 330, 310, 290, 270, 250, 230, 210, 190, 170, 150, 130, 110] [302, 468] 15 0
[550, 550, 550, 550, 550, 550, 550, 550, 550, 550, 550, 550, 550, 550, 550] [410, 390, 370, 350, 330, 310, 290, 270, 250, 230, 210, 190, 170, 150, 130] [302, 468] 15 0
[550, 550, 550, 550, 550, 550, 550, 550, 550, 550, 550, 550, 550, 550, 550] [430, 410, 390, 370, 350, 330, 310, 290, 270, 250, 230, 210, 190, 170, 150] [302, 468] 15 0
[550, 550, 550, 550, 550, 550, 550, 550, 550, 550, 550, 550, 550, 550, 550] [450, 430, 410, 390, 370, 350, 330, 310, 290, 270, 250, 230, 210, 190, 170] [302, 468] 15 0
[550, 550, 550, 550, 550, 550, 550, 550, 550, 550, 550, 550, 550, 550, 550] [470, 450, 430, 410, 390, 370, 350, 330, 310, 290, 270, 250, 230, 210, 190] [302, 468] 15 0
[530, 550, 550, 550, 550, 550, 550, 550, 550, 550, 550, 550, 550, 550, 550] [470, 470, 450, 430, 410, 390, 370, 350, 330, 310, 290, 270, 250, 230, 210] [302, 468] 15 3
[510, 530, 550, 550, 550, 550, 550, 550, 550, 550, 550, 550, 550, 550, 550] [470, 470, 470, 450, 430, 410, 390, 370, 350, 330, 310, 290, 270, 250, 230] [302, 468] 15 3
[490, 510, 530, 550, 550, 550, 550, 550, 550, 550, 550, 550, 550, 550, 550] [470, 470, 470, 470, 450, 430, 410, 390, 370, 350, 330, 310, 290, 270, 250] [302, 468] 15 3
[470, 490, 510, 530, 550, 550, 550, 550, 550, 550, 550, 550, 550, 550, 550] [470, 470, 470, 470, 470, 450, 430, 410, 390, 370, 350, 330, 310, 290, 270] [302, 468] 15 3
[450, 470, 490, 510, 530, 550, 550, 550, 550, 550, 550, 550, 550, 550, 550] [470, 470, 470, 470, 470, 470, 450, 430, 410, 390, 370, 350, 330, 310, 290] [302, 468] 15 3
[430, 450, 470, 490, 510, 530, 550, 550, 550, 550, 550, 550, 550, 550, 550] [470, 470, 470, 470, 470, 470, 470, 450, 430, 410, 390, 370, 350, 330, 310] [302, 468] 15 3
[410, 430, 450, 470, 490, 510, 530, 550, 550, 550, 550, 550, 550, 550, 550] [470, 470, 470, 470, 470, 470, 470, 470, 450, 430, 410, 390, 370, 350, 330] [302, 468] 15 3
[390, 410, 430, 450, 470, 490, 510, 530, 550, 550, 550, 550, 550, 550, 550] [470, 470, 470, 470, 470, 470, 470, 470, 470, 450, 430, 410, 390, 370, 350] [302, 468] 15 3
[370, 390, 410, 430, 450, 470, 490, 510, 530, 550, 550, 550, 550, 550, 550] [470, 470, 470, 470, 470, 470, 470, 470, 470, 470, 450, 430, 410, 390, 370] [302, 468] 15 3
[350, 370, 390, 410, 430, 450, 470, 490, 510, 530, 550, 550, 550, 550, 550] [470, 470, 470, 470, 470, 470, 470, 470, 470, 470, 470, 450, 430, 410, 390] [302, 468] 15 3
[330, 350, 370, 390, 410, 430, 450, 470, 490, 510, 530, 550, 550, 550, 550] [470, 470, 470, 470, 470, 470, 470, 470, 470, 470, 470, 470, 450, 430, 410] [302, 468] 15 3
[310, 330, 350, 370, 390, 410, 430, 450, 470, 490, 510, 530, 550, 550, 550] [470, 470, 470, 470, 470, 470, 470, 470, 470, 470, 470, 470, 470, 450, 430] [302, 468] 15 3
[290, 310, 330, 350, 370, 390, 410, 430, 450, 470, 490, 510, 530, 550, 550, 550] [470, 470, 470, 470, 470, 470, 470, 470, 470, 470, 470, 470, 470, 470, 450, 430] [253, 385] 16 3
[270, 290, 310, 330, 350, 370, 390, 410, 430, 450, 470, 490, 510, 530, 550, 550] [470, 470, 470, 470, 470, 470, 470, 470, 470, 470, 470, 470, 470, 470, 470, 450] [253, 385] 16 3
[250, 270, 290, 310, 330, 350, 370, 390, 410, 430, 450, 470, 490, 510, 530, 550] [470, 470, 470, 470, 470, 470, 470, 470, 470, 470, 470, 470, 470, 470, 470, 470] [253, 385] 16 3
[250, 250, 270, 290, 310, 330, 350, 370, 390, 410, 430, 450, 470, 490, 510, 530] [450, 470, 470, 470, 470, 470, 470, 470, 470, 470, 470, 470, 470, 470, 470, 470] [253, 385] 16 2
[250, 250, 250, 270, 290, 310, 330, 350, 370, 390, 410, 430, 450, 470, 490, 510] [430, 450, 470, 470, 470, 470, 470, 470, 470, 470, 470, 470, 470, 470, 470, 470] [253, 385] 16 2
[250, 250, 250, 250, 270, 290, 310, 330, 350, 370, 390, 410, 430, 450, 470, 490] [410, 430, 450, 470, 470, 470, 470, 470, 470, 470, 470, 470, 470, 470, 470, 470] [253, 385] 16 2
[250, 250, 250, 250, 250, 270, 290, 310, 330, 350, 370, 390, 410, 430, 450, 470] [390, 410, 430, 450, 470, 470, 470, 470, 470, 470, 470, 470, 470, 470, 470, 470] [253, 385] 16 2
