[290, 290, 290, 290, 290] [290, 270, 250, 230, 210] [129, 177] 5 0
[270, 290, 290, 290, 290] [290, 290, 270, 250, 230] [129, 177] 5 3
[250, 270, 290, 290, 290] [290, 290, 290, 270, 250] [129, 177] 5 3
[230, 250, 270, 290, 290] [290, 290, 290, 290, 270] [129, 177] 5 3
[210, 230, 250, 270, 290] [290, 290, 290, 290, 290] [129, 177] 5 3
[190, 210, 230, 250, 270] [290, 290, 290, 290, 290] [129, 177] 5 3
[170, 190, 210, 230, 250] [290, 290, 290, 290, 290] [129, 177] 5 3
[150, 170, 190, 210, 230] [290, 290, 290, 290, 290] [129, 177] 5 3
[130, 150, 170, 190, 210] [290, 290, 290, 290, 290] [129, 177] 5 3
[130, 130, 150, 170, 190] [270, 290, 290, 290, 290] [129, 177] 5 2
[130, 130, 130, 150, 170] [250, 270, 290, 290, 290] [129, 177] 5 2
[130, 130, 130, 130, 150] [230, 250, 270, 290, 290] [129, 177] 5 2
[130, 130, 130, 130, 130] [210, 230, 250, 270, 290] [129, 177] 5 2
[130, 130, 130, 130, 130] [190, 210, 230, 250, 270] [129, 177] 5 2
[130, 130, 130, 130, 130] [170, 190, 210, 230, 250] [129, 177] 5 2
[130, 130, 130, 130, 130, 130] [150, 170, 190, 210, 230, 250] [550, 458] 6 2
[150, 130, 130, 130, 130, 130] [150, 150, 170, 190, 210, 230] [550, 458] 6 1
[170, 150, 130, 130, 130, 130] [150, 150, 150, 170, 190, 210] [550, 458] 6 1
[190, 170, 150, 130, 130, 130] [150, 150, 150, 150, 170, 190] [550, 458] 6 1
[210, 190, 170, 150, 130, 130] [150, 150, 150, 150, 150, 170] [550, 458] 6 1
[230, 210, 190, 170, 150, 130] [150, 150, 150, 150, 150, 150] [550, 458] 6 1
[250, 230, 210, 190, 170, 150] [150, 150, 150, 150, 150, 150] [550, 458] 6 1
[270, 250, 230, 210, 190, 170] [150, 150, 150, 150, 150, 150] [550, 458] 6 1
[290, 270, 250, 230, 210, 190] [150, 150, 150, 150, 150, 150] [550, 458] 6 1
[310, 290, 270, 250, 230, 210] [150, 150, 150, 150, 150, 150] [550, 458] 6 1
[330, 310, 290, 270, 250, 230] [150, 150, 150, 150, 150, 150] [550, 458] 6 1
[350, 330, 310, 290, 270, 250] [150, 150, 150, 150, 150, 150] [550, 458] 6 1
[370, 350, 330, 310, 290, 270] [150, 150, 150, 150, 150, 150] [550, 458] 6 1
[390, 370, 350, 330, 310, 290] [150, 150, 150, 150, 150, 150] [550, 458] 6 1
[410, 390, 370, 350, 330, 310] [150, 150, 150, 150, 150, 150] [550, 458] 6 1
[430, 410, 390, 370, 350, 330] [150, 150, 150, 150, 150, 150] [550, 458] 6 1
[450, 430, 410, 390, 370, 350] [150, 150, 150, 150, 150, 150] [550, 458] 6 1
[470, 450, 430, 410, 390, 370] [150, 150, 150, 150, 150, 150] [550, 458] 6 1
[490, 470, 450, 430, 410, 390] [150, 150, 150, 150, 150, 150] [550, 458] 6 1
[510, 490, 470, 450, 430, 410] [150, 150, 150, 150, 150, 150] [550, 458] 6 1
[530, 510, 490, 470, 450, 430] [150, 150, 150, 150, 150, 150] [550, 458] 6 1
[550, 530, 510, 490, 470, 450] [150, 150, 150, 150, 150, 150] [550, 458] 6 1
[550, 550, 530, 510, 490, 470] [170, 150, 150, 150, 150, 150] [550, 458] 6 0
[550, 550, 550, 530, 510, 490] [190, 170, 150, 150, 150, 150] [550, 458] 6 0
[550, 550, 550, 550, 530, 510] [210, 190, 170, 150, 150, 150] [550, 458] 6 0
[550, 550, 550, 550, 550, 530] [230, 210, 190, 170, 150, 150] [550, 458] 6 0
[550, 550, 550, 550, 550, 550] [250, 230, 210, 190, 170, 150] [550, 458] 6 0
[550, 550, 550, 550, 550, 550] [270, 250, 230, 210, 190, 170] [550, 458] 6 0
[550, 550, 550, 550, 550, 550] [290, 270, 250, 230, 210, 190] [550, 458] 6 0
[550, 550, 550, 550, 550, 550] [310, 290, 270, 250, 230, 210] [550, 458] 6 0
[550, 550, 550, 550, 550, 550] [330, 310, 290, 270, 250, 230] [550, 458] 6 0
[550, 550, 550, 550, 550, 550] [350, 330, 310, 290, 270, 250] [550, 458] 6 0
[550, 550, 550, 550, 550, 550] [370, 350, 330, 310, 290, 270] [550, 458] 6 0
[550, 550, 550, 550, 550, 550] [390, 370, 350, 330, 310, 290] [550, 458] 6 0
[550, 550, 550, 550, 550, 550] [410, 390, 370, 350, 330, 310] [550, 458] 6 0
[550, 550, 550, 550, 550, 550] [430, 410, 390, 370, 350, 330] [550, 458] 6 0
[550, 550, 550, 550, 550, 550] [450, 430, 410, 390, 370, 350] [550, 458] 6 0
[530, 550, 550, 550, 550, 550, 550] [450, 450, 430, 410, 390, 370, 350] [313, 154] 7 3
[510, 530, 550, 550, 550, 550, 550] [450, 450, 450, 430, 410, 390, 370] [313, 154] 7 3
[490, 510, 530, 550, 550, 550, 550] [450, 450, 450, 450, 430, 410, 390] [313, 154] 7 3
[470, 490, 510, 530, 550, 550, 550] [450, 450, 450, 450, 450, 430, 410] [313, 154] 7 3
[450, 470, 490, 510, 530, 550, 550] [450, 450, 450, 450, 450, 450, 430] [313, 154] 7 3
[430, 450, 470, 490, 510, 530, 550] [450, 450, 450, 450, 450, 450, 450] [313, 154] 7 3
[410, 430, 450, 470, 490, 510, 530] [450, 450, 450, 450, 450, 450, 450] [313, 154] 7 3
[390, 410, 430, 450, 470, 490, 510] [450, 450, 450, 450, 450, 450, 450] [313, 154] 7 3
[370, 390, 410, 430, 450, 470, 490] [450, 450, 450, 450, 450, 450, 450] [313, 154] 7 3
[350, 370, 390, 410, 430, 450, 470] [450, 450, 450, 450, 450, 450, 450] [313, 154] 7 3
[330, 350, 370, 390, 410, 430, 450] [450, 450, 450, 450, 450, 450, 450] [313, 154] 7 3
[310, 330, 350, 370, 390, 410, 430] [450, 450, 450, 450, 450, 450, 450] [313, 154] 7 3
[310, 310, 330, 350, 370, 390, 410] [430, 450, 450, 450, 450, 450, 450] [313, 154] 7 2
[310, 310, 310, 330, 350, 370, 390] [410, 430, 450, 450, 450, 450, 450] [313, 154] 7 2
[310, 310, 310, 310, 330, 350, 370] [390, 410, 430, 450, 450, 450, 450] [313, 154] 7 2
[310, 310, 310, 310, 310, 330, 350] [370, 390, 410, 430, 450, 450, 450] [313, 154] 7 2
[310, 310, 310, 310, 310, 310, 330] [350, 370, 390, 410, 430, 450, 450] [313, 154] 7 2
[310, 310, 310, 310, 310, 310, 310] [330, 350, 370, 390, 410, 430, 450] [313, 154] 7 2
[310, 310, 310, 310, 310, 310, 310] [310, 330, 350, 370, 390, 410, 430] [313, 154] 7 2
[310, 310, 310, 310, 310, 310, 310] [290, 310, 330, 350, 370, 390, 410] [313, 154] 7 2
[310, 310, 310, 310, 310, 310, 310] [270, 290, 310, 330, 350, 370, 390] [313, 154] 7 2
[310, 310, 310, 310, 310, 310, 310] [250, 270, 290, 310, 330, 350, 370] [313, 154] 7 2
[310, 310, 310, 310, 310, 310, 310] [230, 250, 270, 290, 310, 330, 350] [313, 154] 7 2
[310, 310, 310, 310, 310, 310, 310] [210, 230, 250, 270, 290, 310, 330] [313, 154] 7 2
[310, 310, 310, 310, 310, 310, 310] [190, 210, 230, 250, 270, 290, 310] [313, 154] 7 2
[310, 310, 310, 310, 310, 310, 310] [170, 190, 210, 230, 250, 270, 290] [313, 154] 7 2
[310, 310, 310, 310, 310, 310, 310] [150, 170, 190, 210, 230, 250, 270] [313, 154] 7 2
[310, 310, 310, 310, 310, 310, 310, 310] [130, 150, 170, 190, 210, 230, 250, 270] [455, 77] 8 2
[310, 310, 310, 310, 310, 310, 310, 310] [110, 130, 150, 170, 190, 210, 230, 250] [455, 77] 8 2
[310, 310, 310, 310, 310, 310, 310, 310] [90, 110, 130, 150, 170, 190, 210, 230] [455, 77] 8 2
[310, 310, 310, 310, 310, 310, 310, 310] [70, 90, 110, 130, 150, 170, 190, 210] [455, 77] 8 2
[330, 310, 310, 310, 310, 310, 310, 310] [70, 70, 90, 110, 130, 150, 170, 190] [455, 77] 8 1
[350, 330, 310, 310, 310, 310, 310, 310] [70, 70, 70, 90, 110, 130, 150, 170] [455, 77] 8 1
[370, 350, 330, 310, 310, 310, 310, 310] [70, 70, 70, 70, 90, 110, 130, 150] [455, 77] 8 1
[390, 370, 350, 330, 310, 310, 310, 310] [70, 70, 70, 70, 70, 90, 110, 130] [455, 77] 8 1
[410, 390, 370, 350, 330, 310, 310, 310] [70, 70, 70, 70, 70, 70, 90, 110] [455, 77] 8 1
[430, 410, 390, 370, 350, 330, 310, 310] [70, 70, 70, 70, 70, 70, 70, 90] [455, 77] 8 1
[450, 430, 410, 390, 370, 350, 330, 310] [70, 70, 70, 70, 70, 70, 70, 70] [455, 77] 8 1
[470, 450, 430, 410, 390, 370, 350, 330, 310] [70, 70, 70, 70, 70, 70, 70, 70, 70] [501, 569] 9 1
[470, 470, 450, 430, 410, 390, 370, 350, 330] [90, 70, 70, 70, 70, 70, 70, 70, 70] [501, 569] 9 0
[490, 470, 470, 450, 430, 410, 390, 370, 350] [90, 90, 70, 70, 70, 70, 70, 70, 70] [501, 569] 9 1
[510, 490, 470, 470, 450, 430, 410, 390, 370] [90, 90, 90, 70, 70, 70, 70, 70, 70] [501, 569] 9 1
[510, 510, 490, 470, 470, 450, 430, 410, 390] [110, 90, 90, 90, 70, 70, 70, 70, 70] [501, 569] 9 0
[510, 510, 510, 490, 470, 470, 450, 430, 410] [130, 110, 90, 90, 90, 70, 70, 70, 70] [501, 569] 9 0
[510, 510, 510, 510, 490, 470, 470, 450, 430] [150, 130, 110, 90, 90, 90, 70, 70, 70] [501, 569] 9 0
[510, 510, 510, 510, 510, 490, 470, 470, 450] [170, 150, 130, 110, 90, 90, 90, 70, 70] [501, 569] 9 0
[510, 510, 510, 510, 510, 510, 490, 470, 470] [190, 170, 150, 130, 110, 90, 90, 90, 70] [501, 569] 9 0
[510, 510, 510, 510, 510, 510, 510, 490, 470] [210, 190, 170, 150, 130, 110, 90, 90, 90] [501, 569] 9 0
[510, 510, 510, 510, 510, 510, 510, 510, 490] [230, 210, 190, 170, 150, 130, 110, 90, 90] [501, 569] 9 0
[510, 510, 510, 510, 510, 510, 510, 510, 510] [250, 230, 210, 190, 170, 150, 130, 110, 90] [501, 569] 9 0
[510, 510, 510, 510, 510, 510, 510, 510, 510] [270, 250, 230, 210, 190, 170, 150, 130, 110] [501, 569] 9 0
[510, 510, 510, 510, 510, 510, 510, 510, 510] [290, 270, 250, 230, 210, 190, 170, 150, 130] [501, 569] 9 0
[510, 510, 510, 510, 510, 510, 510, 510, 510] [310, 290, 270, 250, 230, 210, 190, 170, 150] [501, 569] 9 0
[510, 510, 510, 510, 510, 510, 510, 510, 510] [330, 310, 290, 270, 250, 230, 210, 190, 170] [501, 569] 9 0
[510, 510, 510, 510, 510, 510, 510, 510, 510] [350, 330, 310, 290, 270, 250, 230, 210, 190] [501, 569] 9 0
[510, 510, 510, 510, 510, 510, 510, 510, 510] [370, 350, 330, 310, 290, 270, 250, 230, 210] [501, 569] 9 0
[510, 510, 510, 510, 510, 510, 510, 510, 510] [390, 370, 350, 330, 310, 290, 270, 250, 230] [501, 569] 9 0
[510, 510, 510, 510, 510, 510, 510, 510, 510] [410, 390, 370, 350, 330, 310, 290, 270, 250] [501, 569] 9 0
[510, 510, 510, 510, 510, 510, 510, 510, 510] [430, 410, 390, 370, 350, 330, 310, 290, 270] [501, 569] 9 0
[510, 510, 510, 510, 510, 510, 510, 510, 510] [450, 430, 410, 390, 370, 350, 330, 310, 290] [501, 569] 9 0
[510, 510, 510, 510, 510, 510, 510, 510, 510] [470, 450, 430, 410, 390, 370, 350, 330, 310] [501, 569] 9 0
[510, 510, 510, 510, 510, 510, 510, 510, 510] [490, 470, 450, 430, 410, 390, 370, 350, 330] [501, 569] 9 0
[510, 510, 510, 510, 510, 510, 510, 510, 510] [510, 490, 470, 450, 430, 410, 390, 370, 350] [501, 569] 9 0
[510, 510, 510, 510, 510, 510, 510, 510, 510] [530, 510, 490, 470, 450, 430, 410, 390, 370] [501, 569] 9 0
[510, 510, 510, 510, 510, 510, 510, 510, 510] [550, 530, 510, 490, 470, 450, 430, 410, 390] [501, 569] 9 0
[510, 510, 510, 510, 510, 510, 510, 510, 510, 510] [570, 550, 530, 510, 490, 470, 450, 430, 410, 390] [117, 422] 10 0
[490, 510, 510, 510, 510, 510, 510, 510, 510, 510] [570, 570, 550, 530, 510, 490, 470, 450, 430, 410] [117, 422] 10 3
[470, 490, 510, 510, 510, 510, 510, 510, 510, 510] [570, 570, 570, 550, 530, 510, 490, 470, 450, 430] [117, 422] 10 3
[450, 470, 490, 510, 510, 510, 510, 510, 510, 510] [570, 570, 570, 570, 550, 530, 510, 490, 470, 450] [117, 422] 10 3
[430, 450, 470, 490, 510, 510, 510, 510, 510, 510] [570, 570, 570, 570, 570, 550, 530, 510, 490, 470] [117, 422] 10 3
[410, 430, 450, 470, 490, 510, 510, 510, 510, 510] [570, 570, 570, 570, 570, 570, 550, 530, 510, 490] [117, 422] 10 3
[390, 410, 430, 450, 470, 490, 510, 510, 510, 510] [570, 570, 570, 570, 570, 570, 570, 550, 530, 510] [117, 422] 10 3
[370, 390, 410, 430, 450, 470, 490, 510, 510, 510] [570, 570, 570, 570, 570, 570, 570, 570, 550, 530] [117, 422] 10 3
[350, 370, 390, 410, 430, 450, 470, 490, 510, 510] [570, 570, 570, 570, 570, 570, 570, 570, 570, 550] [117, 422] 10 3
[330, 350, 370, 390, 410, 430, 450, 470, 490, 510] [570, 570, 570, 570, 570, 570, 570, 570, 570, 570] [117, 422] 10 3
[310, 330, 350, 370, 390, 410, 430, 450, 470, 490] [570, 570, 570, 570, 570, 570, 570, 570, 570, 570] [117, 422] 10 3
[290, 310, 330, 350, 370, 390, 410, 430, 450, 470] [570, 570, 570, 570, 570, 570, 570, 570, 570, 570] [117, 422] 10 3
[270, 290, 310, 330, 350, 370, 390, 410, 430, 450] [570, 570, 570, 570, 570, 570, 570, 570, 570, 570] [117, 422] 10 3
[250, 270, 290, 310, 330, 350, 370, 390, 410, 430] [570, 570, 570, 570, 570, 570, 570, 570, 570, 570] [117, 422] 10 3
[230, 250, 270, 290, 310, 330, 350, 370, 390, 410] [570, 570, 570, 570, 570, 570, 570, 570, 570, 570] [117, 422] 10 3
[210, 230, 250, 270, 290, 310, 330, 350, 370, 390] [570, 570, 570, 570, 570, 570, 570, 570, 570, 570] [117, 422] 10 3
[190, 210, 230, 250, 270, 290, 310, 330, 350, 370] [570, 570, 570, 570, 570, 570, 570, 570, 570, 570] [117, 422] 10 3
[170, 190, 210, 230, 250, 270, 290, 310, 330, 350] [570, 570, 570, 570, 570, 570, 570, 570, 570, 570] [117, 422] 10 3
[150, 170, 190, 210, 230, 250, 270, 290, 310, 330] [570, 570, 570, 570, 570, 570, 570, 570, 570, 570] [117, 422] 10 3
[130, 150, 170, 190, 210, 230, 250, 270, 290, 310] [570, 570, 570, 570, 570, 570, 570, 570, 570, 570] [117, 422] 10 3
[110, 130, 150, 170, 190, 210, 230, 250, 270, 290] [570, 570, 570, 570, 570, 570, 570, 570, 570, 570] [117, 422] 10 3
[110, 110, 130, 150, 170, 190, 210, 230, 250, 270] [550, 570, 570, 570, 570, 570, 570, 570, 570, 570] [117, 422] 10 2
[110, 110, 110, 130, 150, 170, 190, 210, 230, 250] [530, 550, 570, 570, 570, 570, 570, 570, 570, 570] [117, 422] 10 2
[110, 110, 110, 110, 130, 150, 170, 190, 210, 230] [510, 530, 550, 570, 570, 570, 570, 570, 570, 570] [117, 422] 10 2
[110, 110, 110, 110, 110, 130, 150, 170, 190, 210] [490, 510, 530, 550, 570, 570, 570, 570, 570, 570] [117, 422] 10 2
[110, 110, 110, 110, 110, 110, 130, 150, 170, 190] [470, 490, 510, 530, 550, 570, 570, 570, 570, 570] [117, 422] 10 2
[110, 110, 110, 110, 110, 110, 110, 130, 150, 170] [450, 470, 490, 510, 530, 550, 570, 570, 570, 570] [117, 422] 10 2
[110, 110, 110, 110, 110, 110, 110, 110, 130, 150] [430, 450, 470, 490, 510, 530, 550, 570, 570, 570] [117, 422] 10 2
[110, 110, 110, 110, 110, 110, 110, 110, 110, 130, 150] [410, 430, 450, 470, 490, 510, 530, 550, 570, 570, 570] [472, 572] 11 2
[110, 110, 110, 110, 110, 110, 110, 110, 110, 110, 130] [390, 410, 430, 450, 470, 490, 510, 530, 550, 570, 570] [472, 572] 11 2
[130, 110, 110, 110, 110, 110, 110, 110, 110, 110, 110] [390, 390, 410, 430, 450, 470, 490, 510, 530, 550, 570] [472, 572] 11 1
[150, 130, 110, 110, 110, 110, 110, 110, 110, 110, 110] [390, 390, 390, 410, 430, 450, 470, 490, 510, 530, 550] [472, 572] 11 1
[170, 150, 130, 110, 110, 110, 110, 110, 110, 110, 110] [390, 390, 390, 390, 410, 430, 450, 470, 490, 510, 530] [472, 572] 11 1
[190, 170, 150, 130, 110, 110, 110, 110, 110, 110, 110] [390, 390, 390, 390, 390, 410, 430, 450, 470, 490, 510] [472, 572] 11 1
[210, 190, 170, 150, 130, 110, 110, 110, 110, 110, 110] [390, 390, 390, 390, 390, 390, 410, 430, 450, 470, 490] [472, 572] 11 1
[230, 210, 190, 170, 150, 130, 110, 110, 110, 110, 110] [390, 390, 390, 390, 390, 390, 390, 410, 430, 450, 470] [472, 572] 11 1
[250, 230, 210, 190, 170, 150, 130, 110, 110, 110, 110] [390, 390, 390, 390, 390, 390, 390, 390, 410, 430, 450] [472, 572] 11 1
[270, 250, 230, 210, 190, 170, 150, 130, 110, 110, 110] [390, 390, 390, 390, 390, 390, 390, 390, 390, 410, 430] [472, 572] 11 1
[290, 270, 250, 230, 210, 190, 170, 150, 130, 110, 110] [390, 390, 390, 390, 390, 390, 390, 390, 390, 390, 410] [472, 572] 11 1
[310, 290, 270, 250, 230, 210, 190, 170, 150, 130, 110] [390, 390, 390, 390, 390, 390, 390, 390, 390, 390, 390] [472, 572] 11 1
[330, 310, 290, 270, 250, 230, 210, 190, 170, 150, 130] [390, 390, 390, 390, 390, 390, 390, 390, 390, 390, 390] [472, 572] 11 1
[350, 330, 310, 290, 270, 250, 230, 210, 190, 170, 150] [390, 390, 390, 390, 390, 390, 390, 390, 390, 390, 390] [472, 572] 11 1
[370, 350, 330, 310, 290, 270, 250, 230, 210, 190, 170] [390, 390, 390, 390, 390, 390, 390, 390, 390, 390, 390] [472, 572] 11 1
[390, 370, 350, 330, 310, 290, 270, 250, 230, 210, 190] [390, 390, 390, 390, 390, 390, 390, 390, 390, 390, 390] [472, 572] 11 1
[410, 390, 370, 350, 330, 310, 290, 270, 250, 230, 210] [390, 390, 390, 390, 390, 390, 390, 390, 390, 390, 390] [472, 572] 11 1
[430, 410, 390, 370, 350, 330, 310, 290, 270, 250, 230] [390, 390, 390, 390, 390, 390, 390, 390, 390, 390, 390] [472, 572] 11 1
[450, 430, 410, 390, 370, 350, 330, 310, 290, 270, 250] [390, 390, 390, 390, 390, 390, 390, 390, 390, 390, 390] [472, 572] 11 1
[470, 450, 430, 410, 390, 370, 350, 330, 310, 290, 270] [390, 390, 390, 390, 390, 390, 390, 390, 390, 390, 390] [472, 572] 11 1
[470, 470, 450, 430, 410, 390, 370, 350, 330, 310, 290] [410, 390, 390, 390, 390, 390, 390, 390, 390, 390, 390] [472, 572] 11 0
[470, 470, 470, 450, 430, 410, 390, 370, 350, 330, 310] [430, 410, 390, 390, 390, 390, 390, 390, 390, 390, 390] [472, 572] 11 0
[470, 470, 470, 470, 450, 430, 410, 390, 370, 350, 330] [450, 430, 410, 390, 390, 390, 390, 390, 390, 390, 390] [472, 572] 11 0
[470, 470, 470, 470, 470, 450, 430, 410, 390, 370, 350] [470, 450, 430, 410, 390, 390, 390, 390, 390, 390, 390] [472, 572] 11 0
[470, 470, 470, 470, 470, 470, 450, 430, 410, 390, 370] [490, 470, 450, 430, 410, 390, 390, 390, 390, 390, 390] [472, 572] 11 0
[470, 470, 470, 470, 470, 470, 470, 450, 430, 410, 390] [510, 490, 470, 450, 430, 410, 390, 390, 390, 390, 390] [472, 572] 11 0
[470, 470, 470, 470, 470, 470, 470, 470, 450, 430, 410] [530, 510, 490, 470, 450, 430, 410, 390, 390, 390, 390] [472, 572] 11 0
[470, 470, 470, 470, 470, 470, 470, 470, 470, 450, 430] [550, 530, 510, 490, 470, 450, 430, 410, 390, 390, 390] [472, 572] 11 0
[470, 470, 470, 470, 470, 470, 470, 470, 470, 470, 450] [570, 550, 530, 510, 490, 470, 450, 430, 410, 390, 390] [472, 572] 11 0
[450, 470, 470, 470, 470, 470, 470, 470, 470, 470, 470, 450] [570, 570, 550, 530, 510, 490, 470, 450, 430, 410, 390, 390] [92, 1] 12 3
[430, 450, 470, 470, 470, 470, 470, 470, 470, 470, 470, 470] [570, 570, 570, 550, 530, 510, 490, 470, 450, 430, 410, 390] [92, 1] 12 3
[410, 430, 450, 470, 470, 470, 470, 470, 470, 470, 470, 470] [570, 570, 570, 570, 550, 530, 510, 490, 470, 450, 430, 410] [92, 1] 12 3
[390, 410, 430, 450, 470, 470, 470, 470, 470, 470, 470, 470] [570, 570, 570, 570, 570, 550, 530, 510, 490, 470, 450, 430] [92, 1] 12 3
[370, 390, 410, 430, 450, 470, 470, 470, 470, 470, 470, 470] [570, 570, 570, 570, 570, 570, 550, 530, 510, 490, 470, 450] [92, 1] 12 3
[350, 370, 390, 410, 430, 450, 470, 470, 470, 470, 470, 470] [570, 570, 570, 570, 570, 570, 570, 550, 530, 510, 490, 470] [92, 1] 12 3
[330, 350, 370, 390, 410, 430, 450, 470, 470, 470, 470, 470] [570, 570, 570, 570, 570, 570, 570, 570, 550, 530, 510, 490] [92, 1] 12 3
[310, 330, 350, 370, 390, 410, 430, 450, 470, 470, 470, 470] [570, 570, 570, 570, 570, 570, 570, 570, 570, 550, 530, 510] [92, 1] 12 3
[290, 310, 330, 350, 370, 390, 410, 430, 450, 470, 470, 470] [570, 570, 570, 570, 570, 570, 570, 570, 570, 570, 550, 530] [92, 1] 12 3
[270, 290, 310, 330, 350, 370, 390, 410, 430, 450, 470, 470] [570, 570, 570, 570, 570, 570, 570, 570, 570, 570, 570, 550] [92, 1] 12 3
[250, 270, 290, 310, 330, 350, 370, 390, 410, 430, 450, 470] [570, 570, 570, 570, 570, 570, 570, 570, 570, 570, 570, 570] [92, 1] 12 3
[230, 250, 270, 290, 310, 330, 350, 370, 390, 410, 430, 450] [570, 570, 570, 570, 570, 570, 570, 570, 570, 570, 570, 570] [92, 1] 12 3
[210, 230, 250, 270, 290, 310, 330, 350, 370, 390, 410, 430] [570, 570, 570, 570, 570, 570, 570, 570, 570, 570, 570, 570] [92, 1] 12 3
[190, 210, 230, 250, 270, 290, 310, 330, 350, 370, 390, 410] [570, 570, 570, 570, 570, 570, 570, 570, 570, 570, 570, 570] [92, 1] 12 3
[170, 190, 210, 230, 250, 270, 290, 310, 330, 350, 370, 390] [570, 570, 570, 570, 570, 570, 570, 570, 570, 570, 570, 570] [92, 1] 12 3
[150, 170, 190, 210, 230, 250, 270, 290, 310, 330, 350, 370] [570, 570, 570, 570, 570, 570, 570, 570, 570, 570, 570, 570] [92, 1] 12 3
[130, 150, 170, 190, 210, 230, 250, 270, 290, 310, 330, 350] [570, 570, 570, 570, 570, 570, 570, 570, 570, 570, 570, 570] [92, 1] 12 3
[110, 130, 150, 170, 190, 210, 230, 250, 270, 290, 310, 330] [570, 570, 570, 570, 570, 570, 570, 570, 570, 570, 570, 570] [92, 1] 12 3
[90, 110, 130, 150, 170, 190, 210, 230, 250, 270, 290, 310] [570, 570, 570, 570, 570, 570, 570, 570, 570, 570, 570, 570] [92, 1] 12 3
[70, 90, 110, 130, 150, 170, 190, 210, 230, 250, 270, 290] [570, 570, 570, 570, 570, 570, 570, 570, 570, 570, 570, 570] [92, 1] 12 3
[70, 70, 90, 110, 130, 150, 170, 190, 210, 230, 250, 270] [550, 570, 570, 570, 570, 570, 570, 570, 570, 570, 570, 570] [92, 1] 12 2
[70, 70, 70, 90, 110, 130, 150, 170, 190, 210, 230, 250] [530, 550, 570, 570, 570, 570, 570, 570, 570, 570, 570, 570] [92, 1] 12 2
[70, 70, 70, 70, 90, 110, 130, 150, 170, 190, 210, 230] [510, 530, 550, 570, 570, 570, 570, 570, 570, 570, 570, 570] [92, 1] 12 2
[70, 70, 70, 70, 70, 90, 110, 130, 150, 170, 190, 210] [490, 510, 530, 550, 570, 570, 570, 570, 570, 570, 570, 570] [92, 1] 12 2
[70, 70, 70, 70, 70, 70, 90, 110, 130, 150, 170, 190] [470, 490, 510, 530, 550, 570, 570, 570, 570, 570, 570, 570] [92, 1] 12 2
[70, 70, 70, 70, 70, 70, 70, 90, 110, 130, 150, 170] [450, 470, 490, 510, 530, 550, 570, 570, 570, 570, 570, 570] [92, 1] 12 2
[70, 70, 70, 70, 70, 70, 70, 70, 90, 110, 130, 150] [430, 450, 470, 490, 510, 530, 550, 570, 570, 570, 570, 570] [92, 1] 12 2
[70, 70, 70, 70, 70, 70, 70, 70, 70, 90, 110, 130] [410, 430, 450, 470, 490, 510, 530, 550, 570, 570, 570, 570] [92, 1] 12 2
[70, 70, 70, 70, 70, 70, 70, 70, 70, 70, 90, 110] [390, 410, 430, 450, 470, 490, 510, 530, 550, 570, 570, 570] [92, 1] 12 2
[70, 70, 70, 70, 70, 70, 70, 70, 70, 70, 70, 90] [370, 390, 410, 430, 450, 470, 490, 510, 530, 550, 570, 570] [92, 1] 12 2
[70, 70, 70, 70, 70, 70, 70, 70, 70, 70, 70, 70] [350, 370, 390, 410, 430, 450, 470, 490, 510, 530, 550, 570] [92, 1] 12 2
[70, 70, 70, 70, 70, 70, 70, 70, 70, 70, 70, 70] [330, 350, 370, 390, 410, 430, 450, 470, 490, 510, 530, 550] [92, 1] 12 2
[70, 70, 70, 70, 70, 70, 70, 70, 70, 70, 70, 70] [310, 330, 350, 370, 390, 410, 430, 450, 470, 490, 510, 530] [92, 1] 12 2
[70, 70, 70, 70, 70, 70, 70, 70, 70, 70, 70, 70] [290, 310, 330, 350, 370, 390, 410, 430, 450, 470, 490, 510] [92, 1] 12 2
[70, 70, 70, 70, 70, 70, 70, 70, 70, 70, 70, 70] [270, 290, 310, 330, 350, 370, 390, 410, 430, 450, 470, 490] [92, 1] 12 2
[70, 70, 70, 70, 70, 70, 70, 70, 70, 70, 70, 70] [250, 270, 290, 310, 330, 350, 370, 390, 410, 430, 450, 470] [92, 1] 12 2
[70, 70, 70, 70, 70, 70, 70, 70, 70, 70, 70, 70] [230, 250, 270, 290, 310, 330, 350, 370, 390, 410, 430, 450] [92, 1] 12 2
[70, 70, 70, 70, 70, 70, 70, 70, 70, 70, 70, 70] [210, 230, 250, 270, 290, 310, 330, 350, 370, 390, 410, 430] [92, 1] 12 2
[70, 70, 70, 70, 70, 70, 70, 70, 70, 70, 70, 70] [190, 210, 230, 250, 270, 290, 310, 330, 350, 370, 390, 410] [92, 1] 12 2
[70, 70, 70, 70, 70, 70, 70, 70, 70, 70, 70, 70] [170, 190, 210, 230, 250, 270, 290, 310, 330, 350, 370, 390] [92, 1] 12 2
[70, 70, 70, 70, 70, 70, 70, 70, 70, 70, 70, 70] [150, 170, 190, 210, 230, 250, 270, 290, 310, 330, 350, 370] [92, 1] 12 2
[70, 70, 70, 70, 70, 70, 70, 70, 70, 70, 70, 70] [130, 150, 170, 190, 210, 230, 250, 270, 290, 310, 330, 350] [92, 1] 12 2
[70, 70, 70, 70, 70, 70, 70, 70, 70, 70, 70, 70] [110, 130, 150, 170, 190, 210, 230, 250, 270, 290, 310, 330] [92, 1] 12 2
[70, 70, 70, 70, 70, 70, 70, 70, 70, 70, 70, 70] [90, 110, 130, 150, 170, 190, 210, 230, 250, 270, 290, 310] [92, 1] 12 2
[70, 70, 70, 70, 70, 70, 70, 70, 70, 70, 70, 70] [70, 90, 110, 130, 150, 170, 190, 210, 230, 250, 270, 290] [92, 1] 12 2
[70, 70, 70, 70, 70, 70, 70, 70, 70, 70, 70, 70] [50, 70, 90, 110, 130, 150, 170, 190, 210, 230, 250, 270] [92, 1] 12 2
[70, 70, 70, 70, 70, 70, 70, 70, 70, 70, 70, 70] [30, 50, 70, 90, 110, 130, 150, 170, 190, 210, 230, 250] [92, 1] 12 2
[70, 70, 70, 70, 70, 70, 70, 70, 70, 70, 70, 70] [10, 30, 50, 70, 90, 110, 130, 150, 170, 190, 210, 230] [92, 1] 12 2
[90, 70, 70, 70, 70, 70, 70, 70, 70, 70, 70, 70] [10, 10, 30, 50, 70, 90, 110, 130, 150, 170, 190, 210] [92, 1] 12 1
[110, 90, 70, 70, 70, 70, 70, 70, 70, 70, 70, 70, 70] [10, 10, 10, 30, 50, 70, 90, 110, 130, 150, 170, 190, 210] [132, 153] 13 1
[130, 110, 90, 70, 70, 70, 70, 70, 70, 70, 70, 70, 70] [10, 10, 10, 10, 30, 50, 70, 90, 110, 130, 150, 170, 190] [132, 153] 13 1
[130, 130, 110, 90, 70, 70, 70, 70, 70, 70, 70, 70, 70] [30, 10, 10, 10, 10, 30, 50, 70, 90, 110, 130, 150, 170] [132, 153] 13 0
[130, 130, 130, 110, 90, 70, 70, 70, 70, 70, 70, 70, 70] [50, 30, 10, 10, 10, 10, 30, 50, 70, 90, 110, 130, 150] [132, 153] 13 0
[130, 130, 130, 130, 110, 90, 70, 70, 70, 70, 70, 70, 70] [70, 50, 30, 10, 10, 10, 10, 30, 50, 70, 90, 110, 130] [132, 153] 13 0
[130, 130, 130, 130, 130, 110, 90, 70, 70, 70, 70, 70, 70] [90, 70, 50, 30, 10, 10, 10, 10, 30, 50, 70, 90, 110] [132, 153] 13 0
[130, 130, 130, 130, 130, 130, 110, 90, 70, 70, 70, 70, 70] [110, 90, 70, 50, 30, 10, 10, 10, 10, 30, 50, 70, 90] [132, 153] 13 0
[130, 130, 130, 130, 130, 130, 130, 110, 90, 70, 70, 70, 70] [130, 110, 90, 70, 50, 30, 10, 10, 10, 10, 30, 50, 70] [132, 153] 13 0
[130, 130, 130, 130, 130, 130, 130, 130, 110, 90, 70, 70, 70] [150, 130, 110, 90, 70, 50, 30, 10, 10, 10, 10, 30, 50] [132, 153] 13 0
[130, 130, 130, 130, 130, 130, 130, 130, 130, 110, 90, 70, 70, 70] [170, 150, 130, 110, 90, 70, 50, 30, 10, 10, 10, 10, 30, 50] [158, 38] 14 0
[130, 130, 130, 130, 130, 130, 130, 130, 130, 130, 110, 90, 70, 70] [190, 170, 150, 130, 110, 90, 70, 50, 30, 10, 10, 10, 10, 30] [158, 38] 14 0
[150, 130, 130, 130, 130, 130, 130, 130, 130, 130, 130, 110, 90, 70] [190, 190, 170, 150, 130, 110, 90, 70, 50, 30, 10, 10, 10, 10] [158, 38] 14 1
[150, 150, 130, 130, 130, 130, 130, 130, 130, 130, 130, 130, 110, 90] [170, 190, 190, 170, 150, 130, 110, 90, 70, 50, 30, 10, 10, 10] [158, 38] 14 2
[150, 150, 150, 130, 130, 130, 130, 130, 130, 130, 130, 130, 130, 110] [150, 170, 190, 190, 170, 150, 130, 110, 90, 70, 50, 30, 10, 10] [158, 38] 14 2
[150, 150, 150, 150, 130, 130, 130, 130, 130, 130, 130, 130, 130, 130] [130, 150, 170, 190, 190, 170, 150, 130, 110, 90, 70, 50, 30, 10] [158, 38] 14 2
[150, 150, 150, 150, 150, 130, 130, 130, 130, 130, 130, 130, 130, 130] [110, 130, 150, 170, 190, 190, 170, 150, 130, 110, 90, 70, 50, 30] [158, 38] 14 2
[150, 150, 150, 150, 150, 150, 130, 130, 130, 130, 130, 130, 130, 130] [90, 110, 130, 150, 170, 190, 190, 170, 150, 130, 110, 90, 70, 50] [158, 38] 14 2
[150, 150, 150, 150, 150, 150, 150, 130, 130, 130, 130, 130, 130, 130] [70, 90, 110, 130, 150, 170, 190, 190, 170, 150, 130, 110, 90, 70] [158, 38] 14 2
[150, 150, 150, 150, 150, 150, 150, 150, 130, 130, 130, 130, 130, 130] [50, 70, 90, 110, 130, 150, 170, 190, 190, 170, 150, 130, 110, 90] [158, 38] 14 2
[150, 150, 150, 150, 150, 150, 150, 150, 150, 130, 130, 130, 130, 130] [30, 50, 70, 90, 110, 130, 150, 170, 190, 190, 170, 150, 130, 110] [158, 38] 14 2
[170, 150, 150, 150, 150, 150, 150, 150, 150, 150, 130, 130, 130, 130, 130] [30, 30, 50, 70, 90, 110, 130, 150, 170, 190, 190, 170, 150, 130, 110] [334, 546] 15 1
[190, 170, 150, 150, 150, 150, 150, 150, 150, 150, 150, 130, 130, 130, 130] [30, 30, 30, 50, 70, 90, 110, 130, 150, 170, 190, 190, 170, 150, 130] [334, 546] 15 1
[210, 190, 170, 150, 150, 150, 150, 150, 150, 150, 150, 150, 130, 130, 130] [30, 30, 30, 30, 50, 70, 90, 110, 130, 150, 170, 190, 190, 170, 150] [334, 546] 15 1
[230, 210, 190, 170, 150, 150, 150, 150, 150, 150, 150, 150, 150, 130, 130] [30, 30, 30, 30, 30, 50, 70, 90, 110, 130, 150, 170, 190, 190, 170] [334, 546] 15 1
[250, 230, 210, 190, 170, 150, 150, 150, 150, 150, 150, 150, 150, 150, 130] [30, 30, 30, 30, 30, 30, 50, 70, 90, 110, 130, 150, 170, 190, 190] [334, 546] 15 1
[270, 250, 230, 210, 190, 170, 150, 150, 150, 150, 150, 150, 150, 150, 150] [30, 30, 30, 30, 30, 30, 30, 50, 70, 90, 110, 130, 150, 170, 190] [334, 546] 15 1
[290, 270, 250, 230, 210, 190, 170, 150, 150, 150, 150, 150, 150, 150, 150] [30, 30, 30, 30, 30, 30, 30, 30, 50, 70, 90, 110, 130, 150, 170] [334, 546] 15 1
[310, 290, 270, 250, 230, 210, 190, 170, 150, 150, 150, 150, 150, 150, 150] [30, 30, 30, 30, 30, 30, 30, 30, 30, 50, 70, 90, 110, 130, 150] [334, 546] 15 1
[330, 310, 290, 270, 250, 230, 210, 190, 170, 150, 150, 150, 150, 150, 150] [30, 30, 30, 30, 30, 30, 30, 30, 30, 30, 50, 70, 90, 110, 130] [334, 546] 15 1
[350, 330, 310, 290, 270, 250, 230, 210, 190, 170, 150, 150, 150, 150, 150] [30, 30, 30, 30, 30, 30, 30, 30, 30, 30, 30, 50, 70, 90, 110] [334, 546] 15 1
[350, 350, 330, 310, 290, 270, 250, 230, 210, 190, 170, 150, 150, 150, 150] [50, 30, 30, 30, 30, 30, 30, 30, 30, 30, 30, 30, 50, 70, 90] [334, 546] 15 0
[350, 350, 350, 330, 310, 290, 270, 250, 230, 210, 190, 170, 150, 150, 150] [70, 50, 30, 30, 30, 30, 30, 30, 30, 30, 30, 30, 30, 50, 70] [334, 546] 15 0
[350, 350, 350, 350, 330, 310, 290, 270, 250, 230, 210, 190, 170, 150, 150] [90, 70, 50, 30, 30, 30, 30, 30, 30, 30, 30, 30, 30, 30, 50] [334, 546] 15 0
[350, 350, 350, 350, 350, 330, 310, 290, 270, 250, 230, 210, 190, 170, 150] [110, 90, 70, 50, 30, 30, 30, 30, 30, 30, 30, 30, 30, 30, 30] [334, 546] 15 0
[350, 350, 350, 350, 350, 350, 330, 310, 290, 270, 250, 230, 210, 190, 170] [130, 110, 90, 70, 50, 30, 30, 30, 30, 30, 30, 30, 30, 30, 30] [334, 546] 15 0
[350, 350, 350, 350, 350, 350, 350, 330, 310, 290, 270, 250, 230, 210, 190] [150, 130, 110, 90, 70, 50, 30, 30, 30, 30, 30, 30, 30, 30, 30] [334, 546] 15 0
[350, 350, 350, 350, 350, 350, 350, 350, 330, 310, 290, 270, 250, 230, 210] [170, 150, 130, 110, 90, 70, 50, 30, 30, 30, 30, 30, 30, 30, 30] [334, 546] 15 0
[350, 350, 350, 350, 350, 350, 350, 350, 350, 330, 310, 290, 270, 250, 230] [190, 170, 150, 130, 110, 90, 70, 50, 30, 30, 30, 30, 30, 30, 30] [334, 546] 15 0
[350, 350, 350, 350, 350, 350, 350, 350, 350, 350, 330, 310, 290, 270, 250] [210, 190, 170, 150, 130, 110, 90, 70, 50, 30, 30, 30, 30, 30, 30] [334, 546] 15 0
[350, 350, 350, 350, 350, 350, 350, 350, 350, 350, 350, 330, 310, 290, 270] [230, 210, 190, 170, 150, 130, 110, 90, 70, 50, 30, 30, 30, 30, 30] [334, 546] 15 0
[350, 350, 350, 350, 350, 350, 350, 350, 350, 350, 350, 350, 330, 310, 290] [250, 230, 210, 190, 170, 150, 130, 110, 90, 70, 50, 30, 30, 30, 30] [334, 546] 15 0
[350, 350, 350, 350, 350, 350, 350, 350, 350, 350, 350, 350, 350, 330, 310] [270, 250, 230, 210, 190, 170, 150, 130, 110, 90, 70, 50, 30, 30, 30] [334, 546] 15 0
[350, 350, 350, 350, 350, 350, 350, 350, 350, 350, 350, 350, 350, 350, 330] [290, 270, 250, 230, 210, 190, 170, 150, 130, 110, 90, 70, 50, 30, 30] [334, 546] 15 0
[350, 350, 350, 350, 350, 350, 350, 350, 350, 350, 350, 350, 350, 350, 350] [310, 290, 270, 250, 230, 210, 190, 170, 150, 130, 110, 90, 70, 50, 30] [334, 546] 15 0
[350, 350, 350, 350, 350, 350, 350, 350, 350, 350, 350, 350, 350, 350, 350] [330, 310, 290, 270, 250, 230, 210, 190, 170, 150, 130, 110, 90, 70, 50] [334, 546] 15 0
[350, 350, 350, 350, 350, 350, 350, 350, 350, 350, 350, 350, 350, 350, 350] [350, 330, 310, 290, 270, 250, 230, 210, 190, 170, 150, 130, 110, 90, 70] [334, 546] 15 0
[350, 350, 350, 350, 350, 350, 350, 350, 350, 350, 350, 350, 350, 350, 350] [370, 350, 330, 310, 290, 270, 250, 230, 210, 190, 170, 150, 130, 110, 90] [334, 546] 15 0
[350, 350, 350, 350, 350, 350, 350, 350, 350, 350, 350, 350, 350, 350, 350] [390, 370, 350, 330, 310, 290, 270, 250, 230, 210, 190, 170, 150, 130, 110] [334, 546] 15 0
[350, 350, 350, 350, 350, 350, 350, 350, 350, 350, 350, 350, 350, 350, 350] [410, 390, 370, 350, 330, 310, 290, 270, 250, 230, 210, 190, 170, 150, 130] [334, 546] 15 0
[350, 350, 350, 350, 350, 350, 350, 350, 350, 350, 350, 350, 350, 350, 350] [430, 410, 390, 370, 350, 330, 310, 290, 270, 250, 230, 210, 190, 170, 150] [334, 546] 15 0
[350, 350, 350, 350, 350, 350, 350, 350, 350, 350, 350, 350, 350, 350, 350] [450, 430, 410, 390, 370, 350, 330, 310, 290, 270, 250, 230, 210, 190, 170] [334, 546] 15 0
[350, 350, 350, 350, 350, 350, 350, 350, 350, 350, 350, 350, 350, 350, 350] [470, 450, 430, 410, 390, 370, 350, 330, 310, 290, 270, 250, 230, 210, 190] [334, 546] 15 0
[350, 350, 350, 350, 350, 350, 350, 350, 350, 350, 350, 350, 350, 350, 350] [490, 470, 450, 430, 410, 390, 370, 350, 330, 310, 290, 270, 250, 230, 210] [334, 546] 15 0
[350, 350, 350, 350, 350, 350, 350, 350, 350, 350, 350, 350, 350, 350, 350] [510, 490, 470, 450, 430, 410, 390, 370, 350, 330, 310, 290, 270, 250, 230] [334, 546] 15 0
[350, 350, 350, 350, 350, 350, 350, 350, 350, 350, 350, 350, 350, 350, 350] [530, 510, 490, 470, 450, 430, 410, 390, 370, 350, 330, 310, 290, 270, 250] [334, 546] 15 0
[330, 350, 350, 350, 350, 350, 350, 350, 350, 350, 350, 350, 350, 350, 350] [530, 530, 510, 490, 470, 450, 430, 410, 390, 370, 350, 330, 310, 290, 270] [334, 546] 15 3
[310, 330, 350, 350, 350, 350, 350, 350, 350, 350, 350, 350, 350, 350, 350, 350] [530, 530, 530, 510, 490, 470, 450, 430, 410, 390, 370, 350, 330, 310, 290, 270] [222, 474] 16 3
[290, 310, 330, 350, 350, 350, 350, 350, 350, 350, 350, 350, 350, 350, 350, 350] [530, 530, 530, 530, 510, 490, 470, 450, 430, 410, 390, 370, 350, 330, 310, 290] [222, 474] 16 3
[270, 290, 310, 330, 350, 350, 350, 350, 350, 350, 350, 350, 350, 350, 350, 350] [530, 530, 530, 530, 530, 510, 490, 470, 450, 430, 410, 390, 370, 350, 330, 310] [222, 474] 16 3
[250, 270, 290, 310, 330, 350, 350, 350, 350, 350, 350, 350, 350, 350, 350, 350] [530, 530, 530, 530, 530, 530, 510, 490, 470, 450, 430, 410, 390, 370, 350, 330] [222, 474] 16 3
[230, 250, 270, 290, 310, 330, 350, 350, 350, 350, 350, 350, 350, 350, 350, 350] [530, 530, 530, 530, 530, 530, 530, 510, 490, 470, 450, 430, 410, 390, 370, 350] [222, 474] 16 3
[210, 230, 250, 270, 290, 310, 330, 350, 350, 350, 350, 350, 350, 350, 350, 350] [530, 530, 530, 530, 530, 530, 530, 530, 510, 490, 470, 450, 430, 410, 390, 370] [222, 474] 16 3
[210, 210, 230, 250, 270, 290, 310, 330, 350, 350, 350, 350, 350, 350, 350, 350] [510, 530, 530, 530, 530, 530, 530, 530, 530, 510, 490, 470, 450, 430, 410, 390] [222, 474] 16 2
[210, 210, 210, 230, 250, 270, 290, 310, 330, 350, 350, 350, 350, 350, 350, 350] [490, 510, 530, 530, 530, 530, 530, 530, 530, 530, 510, 490, 470, 450, 430, 410] [222, 474] 16 2
[210, 210, 210, 210, 230, 250, 270, 290, 310, 330, 350, 350, 350, 350, 350, 350] [470, 490, 510, 530, 530, 530, 530, 530, 530, 530, 530, 510, 490, 470, 450, 430] [222, 474] 16 2
[210, 210, 210, 210, 210, 230, 250, 270, 290, 310, 330, 350, 350, 350, 350, 350, 350] [450, 470, 490, 510, 530, 530, 530, 530, 530, 530, 530, 530, 510, 490, 470, 450, 430] [116, 502] 17 2
[190, 210, 210, 210, 210, 210, 230, 250, 270, 290, 310, 330, 350, 350, 350, 350, 350] [450, 450, 470, 490, 510, 530, 530, 530, 530, 530, 530, 530, 530, 510, 490, 470, 450] [116, 502] 17 3
[170, 190, 210, 210, 210, 210, 210, 230, 250, 270, 290, 310, 330, 350, 350, 350, 350] [450, 450, 450, 470, 490, 510, 530, 530, 530, 530, 530, 530, 530, 530, 510, 490, 470] [116, 502] 17 3
[150, 170, 190, 210, 210, 210, 210, 210, 230, 250, 270, 290, 310, 330, 350, 350, 350] [450, 450, 450, 450, 470, 490, 510, 530, 530, 530, 530, 530, 530, 530, 530, 510, 490] [116, 502] 17 3
[130, 150, 170, 190, 210, 210, 210, 210, 210, 230, 250, 270, 290, 310, 330, 350, 350] [450, 450, 450, 450, 450, 470, 490, 510, 530, 530, 530, 530, 530, 530, 530, 530, 510] [116, 502] 17 3
[110, 130, 150, 170, 190, 210, 210, 210, 210, 210, 230, 250, 270, 290, 310, 330, 350] [450, 450, 450, 450, 450, 450, 470, 490, 510, 530, 530, 530, 530, 530, 530, 530, 530] [116, 502] 17 3
[110, 110, 130, 150, 170, 190, 210, 210, 210, 210, 210, 230, 250, 270, 290, 310, 330] [470, 450, 450, 450, 450, 450, 450, 470, 490, 510, 530, 530, 530, 530, 530, 530, 530] [116, 502] 17 0
[110, 110, 110, 130, 150, 170, 190, 210, 210, 210, 210, 210, 230, 250, 270, 290, 310] [490, 470, 450, 450, 450, 450, 450, 450, 470, 490, 510, 530, 530, 530, 530, 530, 530] [116, 502] 17 0
[110, 110, 110, 110, 130, 150, 170, 190, 210, 210, 210, 210, 210, 230, 250, 270, 290, 310] [510, 490, 470, 450, 450, 450, 450, 450, 450, 470, 490, 510, 530, 530, 530, 530, 530, 530] [246, 528] 18 0
[110, 110, 110, 110, 110, 130, 150, 170, 190, 210, 210, 210, 210, 210, 230, 250, 270, 290] [530, 510, 490, 470, 450, 450, 450, 450, 450, 450, 470, 490, 510, 530, 530, 530, 530, 530] [246, 528] 18 0
[130, 110, 110, 110, 110, 110, 130, 150, 170, 190, 210, 210, 210, 210, 210, 230, 250, 270] [530, 530, 510, 490, 470, 450, 450, 450, 450, 450, 450, 470, 490, 510, 530, 530, 530, 530] [246, 528] 18 1
[150, 130, 110, 110, 110, 110, 110, 130, 150, 170, 190, 210, 210, 210, 210, 210, 230, 250] [530, 530, 530, 510, 490, 470, 450, 450, 450, 450, 450, 450, 470, 490, 510, 530, 530, 530] [246, 528] 18 1
[170, 150, 130, 110, 110, 110, 110, 110, 130, 150, 170, 190, 210, 210, 210, 210, 210, 230] [530, 530, 530, 530, 510, 490, 470, 450, 450, 450, 450, 450, 450, 470, 490, 510, 530, 530] [246, 528] 18 1
[190, 170, 150, 130, 110, 110, 110, 110, 110, 130, 150, 170, 190, 210, 210, 210, 210, 210] [530, 530, 530, 530, 530, 510, 490, 470, 450, 450, 450, 450, 450, 450, 470, 490, 510, 530] [246, 528] 18 1
[210, 190, 170, 150, 130, 110, 110, 110, 110, 110, 130, 150, 170, 190, 210, 210, 210, 210] [530, 530, 530, 530, 530, 530, 510, 490, 470, 450, 450, 450, 450, 450, 450, 470, 490, 510] [246, 528] 18 1
[230, 210, 190, 170, 150, 130, 110, 110, 110, 110, 110, 130, 150, 170, 190, 210, 210, 210] [530, 530, 530, 530, 530, 530, 530, 510, 490, 470, 450, 450, 450, 450, 450, 450, 470, 490] [246, 528] 18 1
[250, 230, 210, 190, 170, 150, 130, 110, 110, 110, 110, 110, 130, 150, 170, 190, 210, 210, 210] [530, 530, 530, 530, 530, 530, 530, 530, 510, 490, 470, 450, 450, 450, 450, 450, 450, 470, 490] [220, 576] 19 1
[250, 250, 230, 210, 190, 170, 150, 130, 110, 110, 110, 110, 110, 130, 150, 170, 190, 210, 210] [550, 530, 530, 530, 530, 530, 530, 530, 530, 510, 490, 470, 450, 450, 450, 450, 450, 450, 470] [220, 576] 19 0
[250, 250, 250, 230, 210, 190, 170, 150, 130, 110, 110, 110, 110, 110, 130, 150, 170, 190, 210] [570, 550, 530, 530, 530, 530, 530, 530, 530, 530, 510, 490, 470, 450, 450, 450, 450, 450, 450] [220, 576] 19 0
[230, 250, 250, 250, 230, 210, 190, 170, 150, 130, 110, 110, 110, 110, 110, 130, 150, 170, 190] [570, 570, 550, 530, 530, 530, 530, 530, 530, 530, 530, 510, 490, 470, 450, 450, 450, 450, 450] [220, 576] 19 3
[210, 230, 250, 250, 250, 230, 210, 190, 170, 150, 130, 110, 110, 110, 110, 110, 130, 150, 170] [570, 570, 570, 550, 530, 530, 530, 530, 530, 530, 530, 530, 510, 490, 470, 450, 450, 450, 450] [220, 576] 19 3
