[290, 290, 290, 290, 290] [290, 270, 250, 230, 210] [271, 102] 5 0
[270, 290, 290, 290, 290] [290, 290, 270, 250, 230] [271, 102] 5 3
[270, 270, 290, 290, 290] [270, 290, 290, 270, 250] [271, 102] 5 2
[270, 270, 270, 290, 290] [250, 270, 290, 290, 270] [271, 102] 5 2
[270, 270, 270, 270, 290] [230, 250, 270, 290, 290] [271, 102] 5 2
[270, 270, 270, 270, 270] [210, 230, 250, 270, 290] [271, 102] 5 2
[270, 270, 270, 270, 270] [190, 210, 230, 250, 270] [271, 102] 5 2
[270, 270, 270, 270, 270] [170, 190, 210, 230, 250] [271, 102] 5 2
[270, 270, 270, 270, 270] [150, 170, 190, 210, 230] [271, 102] 5 2
[270, 270, 270, 270, 270] [130, 150, 170, 190, 210] [271, 102] 5 2
[270, 270, 270, 270, 270] [110, 130, 150, 170, 190] [271, 102] 5 2
[270, 270, 270, 270, 270, 270] [90, 110, 130, 150, 170, 190] [49, 63] 6 2
[250, 270, 270, 270, 270, 270] [90, 90, 110, 130, 150, 170] [49, 63] 6 3
[250, 250, 270, 270, 270, 270] [70, 90, 90, 110, 130, 150] [49, 63] 6 2
[230, 250, 250, 270, 270, 270] [70, 70, 90, 90, 110, 130] [49, 63] 6 3
[210, 230, 250, 250, 270, 270] [70, 70, 70, 90, 90, 110] [49, 63] 6 3
[190, 210, 230, 250, 250, 270] [70, 70, 70, 70, 90, 90] [49, 63] 6 3
[170, 190, 210, 230, 250, 250] [70, 70, 70, 70, 70, 90] [49, 63] 6 3
[150, 170, 190, 210, 230, 250] [70, 70, 70, 70, 70, 70] [49, 63] 6 3
[130, 150, 170, 190, 210, 230] [70, 70, 70, 70, 70, 70] [49, 63] 6 3
[110, 130, 150, 170, 190, 210] [70, 70, 70, 70, 70, 70] [49, 63] 6 3
[90, 110, 130, 150, 170, 190] [70, 70, 70, 70, 70, 70] [49, 63] 6 3
[70, 90, 110, 130, 150, 170] [70, 70, 70, 70, 70, 70] [49, 63] 6 3
[50, 70, 90, 110, 130, 150] [70, 70, 70, 70, 70, 70] [49, 63] 6 3
[50, 50, 70, 90, 110, 130, 150] [90, 70, 70, 70, 70, 70, 70] [527, 210] 7 0
[50, 50, 50, 70, 90, 110, 130] [110, 90, 70, 70, 70, 70, 70] [527, 210] 7 0
[50, 50, 50, 50, 70, 90, 110] [130, 110, 90, 70, 70, 70, 70] [527, 210] 7 0
[50, 50, 50, 50, 50, 70, 90] [150, 130, 110, 90, 70, 70, 70] [527, 210] 7 0
[50, 50, 50, 50, 50, 50, 70] [170, 150, 130, 110, 90, 70, 70] [527, 210] 7 0
[50, 50, 50, 50, 50, 50, 50] [190, 170, 150, 130, 110, 90, 70] [527, 210] 7 0
[50, 50, 50, 50, 50, 50, 50] [210, 190, 170, 150, 130, 110, 90] [527, 210] 7 0
[70, 50, 50, 50, 50, 50, 50] [210, 210, 190, 170, 150, 130, 110] [527, 210] 7 1
[90, 70, 50, 50, 50, 50, 50] [210, 210, 210, 190, 170, 150, 130] [527, 210] 7 1
[110, 90, 70, 50, 50, 50, 50] [210, 210, 210, 210, 190, 170, 150] [527, 210] 7 1
[130, 110, 90, 70, 50, 50, 50] [210, 210, 210, 210, 210, 190, 170] [527, 210] 7 1
[150, 130, 110, 90, 70, 50, 50] [210, 210, 210, 210, 210, 210, 190] [527, 210] 7 1
[170, 150, 130, 110, 90, 70, 50] [210, 210, 210, 210, 210, 210, 210] [527, 210] 7 1
[190, 170, 150, 130, 110, 90, 70] [210, 210, 210, 210, 210, 210, 210] [527, 210] 7 1
[210, 190, 170, 150, 130, 110, 90] [210, 210, 210, 210, 210, 210, 210] [527, 210] 7 1
[230, 210, 190, 170, 150, 130, 110] [210, 210, 210, 210, 210, 210, 210] [527, 210] 7 1
[250, 230, 210, 190, 170, 150, 130] [210, 210, 210, 210, 210, 210, 210] [527, 210] 7 1
[270, 250, 230, 210, 190, 170, 150] [210, 210, 210, 210, 210, 210, 210] [527, 210] 7 1
[290, 270, 250, 230, 210, 190, 170] [210, 210, 210, 210, 210, 210, 210] [527, 210] 7 1
[310, 290, 270, 250, 230, 210, 190] [210, 210, 210, 210, 210, 210, 210] [527, 210] 7 1
[330, 310, 290, 270, 250, 230, 210] [210, 210, 210, 210, 210, 210, 210] [527, 210] 7 1
[350, 330, 310, 290, 270, 250, 230] [210, 210, 210, 210, 210, 210, 210] [527, 210] 7 1
[370, 350, 330, 310, 290, 270, 250] [210, 210, 210, 210, 210, 210, 210] [527, 210] 7 1
[390, 370, 350, 330, 310, 290, 270] [210, 210, 210, 210, 210, 210, 210] [527, 210] 7 1
[410, 390, 370, 350, 330, 310, 290] [210, 210, 210, 210, 210, 210, 210] [527, 210] 7 1
[430, 410, 390, 370, 350, 330, 310] [210, 210, 210, 210, 210, 210, 210] [527, 210] 7 1
[450, 430, 410, 390, 370, 350, 330] [210, 210, 210, 210, 210, 210, 210] [527, 210] 7 1
[470, 450, 430, 410, 390, 370, 350] [210, 210, 210, 210, 210, 210, 210] [527, 210] 7 1
[490, 470, 450, 430, 410, 390, 370] [210, 210, 210, 210, 210, 210, 210] [527, 210] 7 1
[510, 490, 470, 450, 430, 410, 390] [210, 210, 210, 210, 210, 210, 210] [527, 210] 7 1
[530, 510, 490, 470, 450, 430, 410, 390] [210, 210, 210, 210, 210, 210, 210, 210] [298, 245] 8 1
[550, 530, 510, 490, 470, 450, 430, 410] [210, 210, 210, 210, 210, 210, 210, 210] [298, 245] 8 1
[550, 550, 530, 510, 490, 470, 450, 430] [230, 210, 210, 210, 210, 210, 210, 210] [298, 245] 8 0
[550, 550, 550, 530, 510, 490, 470, 450] [250, 230, 210, 210, 210, 210, 210, 210] [298, 245] 8 0
[530, 550, 550, 550, 530, 510, 490, 470] [250, 250, 230, 210, 210, 210, 210, 210] [298, 245] 8 3
[510, 530, 550, 550, 550, 530, 510, 490] [250, 250, 250, 230, 210, 210, 210, 210] [298, 245] 8 3
[490, 510, 530, 550, 550, 550, 530, 510] [250, 250, 250, 250, 230, 210, 210, 210] [298, 245] 8 3
[470, 490, 510, 530, 550, 550, 550, 530] [250, 250, 250, 250, 250, 230, 210, 210] [298, 245] 8 3
[450, 470, 490, 510, 530, 550, 550, 550] [250, 250, 250, 250, 250, 250, 230, 210] [298, 245] 8 3
[430, 450, 470, 490, 510, 530, 550, 550] [250, 250, 250, 250, 250, 250, 250, 230] [298, 245] 8 3
[410, 430, 450, 470, 490, 510, 530, 550] [250, 250, 250, 250, 250, 250, 250, 250] [298, 245] 8 3
[390, 410, 430, 450, 470, 490, 510, 530] [250, 250, 250, 250, 250, 250, 250, 250] [298, 245] 8 3
[370, 390, 410, 430, 450, 470, 490, 510] [250, 250, 250, 250, 250, 250, 250, 250] [298, 245] 8 3
[350, 370, 390, 410, 430, 450, 470, 490] [250, 250, 250, 250, 250, 250, 250, 250] [298, 245] 8 3
[330, 350, 370, 390, 410, 430, 450, 470] [250, 250, 250, 250, 250, 250, 250, 250] [298, 245] 8 3
[310, 330, 350, 370, 390, 410, 430, 450] [250, 250, 250, 250, 250, 250, 250, 250] [298, 245] 8 3
[290, 310, 330, 350, 370, 390, 410, 430] [250, 250, 250, 250, 250, 250, 250, 250] [298, 245] 8 3
[270, 290, 310, 330, 350, 370, 390, 410, 430] [250, 250, 250, 250, 250, 250, 250, 250, 250] [158, 392] 9 3
[250, 270, 290, 310, 330, 350, 370, 390, 410] [250, 250, 250, 250, 250, 250, 250, 250, 250] [158, 392] 9 3
[230, 250, 270, 290, 310, 330, 350, 370, 390] [250, 250, 250, 250, 250, 250, 250, 250, 250] [158, 392] 9 3
[210, 230, 250, 270, 290, 310, 330, 350, 370] [250, 250, 250, 250, 250, 250, 250, 250, 250] [158, 392] 9 3
[190, 210, 230, 250, 270, 290, 310, 330, 350] [250, 250, 250, 250, 250, 250, 250, 250, 250] [158, 392] 9 3
[170, 190, 210, 230, 250, 270, 290, 310, 330] [250, 250, 250, 250, 250, 250, 250, 250, 250] [158, 392] 9 3
[150, 170, 190, 210, 230, 250, 270, 290, 310] [250, 250, 250, 250, 250, 250, 250, 250, 250] [158, 392] 9 3
[150, 150, 170, 190, 210, 230, 250, 270, 290] [270, 250, 250, 250, 250, 250, 250, 250, 250] [158, 392] 9 0
[150, 150, 150, 170, 190, 210, 230, 250, 270] [290, 270, 250, 250, 250, 250, 250, 250, 250] [158, 392] 9 0
[150, 150, 150, 150, 170, 190, 210, 230, 250] [310, 290, 270, 250, 250, 250, 250, 250, 250] [158, 392] 9 0
[150, 150, 150, 150, 150, 170, 190, 210, 230] [330, 310, 290, 270, 250, 250, 250, 250, 250] [158, 392] 9 0
[150, 150, 150, 150, 150, 150, 170, 190, 210] [350, 330, 310, 290, 270, 250, 250, 250, 250] [158, 392] 9 0
[150, 150, 150, 150, 150, 150, 150, 170, 190] [370, 350, 330, 310, 290, 270, 250, 250, 250] [158, 392] 9 0
[150, 150, 150, 150, 150, 150, 150, 150, 170] [390, 370, 350, 330, 310, 290, 270, 250, 250] [158, 392] 9 0
[150, 150, 150, 150, 150, 150, 150, 150, 150, 170] [410, 390, 370, 350, 330, 310, 290, 270, 250, 250] [309, 527] 10 0
[150, 150, 150, 150, 150, 150, 150, 150, 150, 150] [430, 410, 390, 370, 350, 330, 310, 290, 270, 250] [309, 527] 10 0
[150, 150, 150, 150, 150, 150, 150, 150, 150, 150] [450, 430, 410, 390, 370, 350, 330, 310, 290, 270] [309, 527] 10 0
[150, 150, 150, 150, 150, 150, 150, 150, 150, 150] [470, 450, 430, 410, 390, 370, 350, 330, 310, 290] [309, 527] 10 0
[150, 150, 150, 150, 150, 150, 150, 150, 150, 150] [490, 470, 450, 430, 410, 390, 370, 350, 330, 310] [309, 527] 10 0
[150, 150, 150, 150, 150, 150, 150, 150, 150, 150] [510, 490, 470, 450, 430, 410, 390, 370, 350, 330] [309, 527] 10 0
[150, 150, 150, 150, 150, 150, 150, 150, 150, 150] [530, 510, 490, 470, 450, 430, 410, 390, 370, 350] [309, 527] 10 0
[170, 150, 150, 150, 150, 150, 150, 150, 150, 150] [530, 530, 510, 490, 470, 450, 430, 410, 390, 370] [309, 527] 10 1
[190, 170, 150, 150, 150, 150, 150, 150, 150, 150] [530, 530, 530, 510, 490, 470, 450, 430, 410, 390] [309, 527] 10 1
[210, 190, 170, 150, 150, 150, 150, 150, 150, 150] [530, 530, 530, 530, 510, 490, 470, 450, 430, 410] [309, 527] 10 1
[230, 210, 190, 170, 150, 150, 150, 150, 150, 150] [530, 530, 530, 530, 530, 510, 490, 470, 450, 430] [309, 527] 10 1
[250, 230, 210, 190, 170, 150, 150, 150, 150, 150] [530, 530, 530, 530, 530, 530, 510, 490, 470, 450] [309, 527] 10 1
[270, 250, 230, 210, 190, 170, 150, 150, 150, 150] [530, 530, 530, 530, 530, 530, 530, 510, 490, 470] [309, 527] 10 1
[290, 270, 250, 230, 210, 190, 170, 150, 150, 150] [530, 530, 530, 530, 530, 530, 530, 530, 510, 490] [309, 527] 10 1
[310, 290, 270, 250, 230, 210, 190, 170, 150, 150, 150] [530, 530, 530, 530, 530, 530, 530, 530, 530, 510, 490] [231, 490] 11 1
[310, 310, 290, 270, 250, 230, 210, 190, 170, 150, 150] [510, 530, 530, 530, 530, 530, 530, 530, 530, 530, 510] [231, 490] 11 2
[310, 310, 310, 290, 270, 250, 230, 210, 190, 170, 150] [490, 510, 530, 530, 530, 530, 530, 530, 530, 530, 530] [231, 490] 11 2
[290, 310, 310, 310, 290, 270, 250, 230, 210, 190, 170] [490, 490, 510, 530, 530, 530, 530, 530, 530, 530, 530] [231, 490] 11 3
[270, 290, 310, 310, 310, 290, 270, 250, 230, 210, 190] [490, 490, 490, 510, 530, 530, 530, 530, 530, 530, 530] [231, 490] 11 3
[250, 270, 290, 310, 310, 310, 290, 270, 250, 230, 210] [490, 490, 490, 490, 510, 530, 530, 530, 530, 530, 530] [231, 490] 11 3
[230, 250, 270, 290, 310, 310, 310, 290, 270, 250, 230] [490, 490, 490, 490, 490, 510, 530, 530, 530, 530, 530] [231, 490] 11 3
