[290, 290, 290, 290, 290] [290, 270, 250, 230, 210] [341, 261] 5 0
[310, 290, 290, 290, 290] [290, 290, 270, 250, 230] [341, 261] 5 1
[330, 310, 290, 290, 290] [290, 290, 290, 270, 250] [341, 261] 5 1
[350, 330, 310, 290, 290] [290, 290, 290, 290, 270] [341, 261] 5 1
[370, 350, 330, 310, 290] [290, 290, 290, 290, 290] [341, 261] 5 1
[370, 370, 350, 330, 310] [270, 290, 290, 290, 290] [341, 261] 5 2
[370, 370, 370, 350, 330] [250, 270, 290, 290, 290] [341, 261] 5 2
[350, 370, 370, 370, 350] [250, 250, 270, 290, 290] [341, 261] 5 3
[330, 350, 370, 370, 370, 350] [250, 250, 250, 270, 290, 290] [358, 389] 6 3
[310, 330, 350, 370, 370, 370] [250, 250, 250, 250, 270, 290] [358, 389] 6 3
[310, 310, 330, 350, 370, 370] [270, 250, 250, 250, 250, 270] [358, 389] 6 0
[310, 310, 310, 330, 350, 370] [290, 270, 250, 250, 250, 250] [358, 389] 6 0
[310, 310, 310, 310, 330, 350] [310, 290, 270, 250, 250, 250] [358, 389] 6 0
[310, 310, 310, 310, 310, 330] [330, 310, 290, 270, 250, 250] [358, 389] 6 0
[310, 310, 310, 310, 310, 310] [350, 330, 310, 290, 270, 250] [358, 389] 6 0
[310, 310, 310, 310, 310, 310] [370, 350, 330, 310, 290, 270] [358, 389] 6 0
[310, 310, 310, 310, 310, 310] [390, 370, 350, 330, 310, 290] [358, 389] 6 0
[330, 310, 310, 310, 310, 310] [390, 390, 370, 350, 330, 310] [358, 389] 6 1
[350, 330, 310, 310, 310, 310] [390, 390, 390, 370, 350, 330] [358, 389] 6 1
[370, 350, 330, 310, 310, 310, 310] [390, 390, 390, 390, 370, 350, 330] [430, 183] 7 1
[390, 370, 350, 330, 310, 310, 310] [390, 390, 390, 390, 390, 370, 350] [430, 183] 7 1
[410, 390, 370, 350, 330, 310, 310] [390, 390, 390, 390, 390, 390, 370] [430, 183] 7 1
[430, 410, 390, 370, 350, 330, 310] [390, 390, 390, 390, 390, 390, 390] [430, 183] 7 1
[430, 430, 410, 390, 370, 350, 330] [370, 390, 390, 390, 390, 390, 390] [430, 183] 7 2
[430, 430, 430, 410, 390, 370, 350] [350, 370, 390, 390, 390, 390, 390] [430, 183] 7 2
[430, 430, 430, 430, 410, 390, 370] [330, 350, 370, 390, 390, 390, 390] [430, 183] 7 2
[430, 430, 430, 430, 430, 410, 390] [310, 330, 350, 370, 390, 390, 390] [430, 183] 7 2
[430, 430, 430, 430, 430, 430, 410] [290, 310, 330, 350, 370, 390, 390] [430, 183] 7 2
[430, 430, 430, 430, 430, 430, 430] [270, 290, 310, 330, 350, 370, 390] [430, 183] 7 2
[430, 430, 430, 430, 430, 430, 430] [250, 270, 290, 310, 330, 350, 370] [430, 183] 7 2
[430, 430, 430, 430, 430, 430, 430] [230, 250, 270, 290, 310, 330, 350] [430, 183] 7 2
[430, 430, 430, 430, 430, 430, 430] [210, 230, 250, 270, 290, 310, 330] [430, 183] 7 2
[430, 430, 430, 430, 430, 430, 430] [190, 210, 230, 250, 270, 290, 310] [430, 183] 7 2
[430, 430, 430, 430, 430, 430, 430, 430] [170, 190, 210, 230, 250, 270, 290, 310] [476, 153] 8 2
[430, 430, 430, 430, 430, 430, 430, 430] [150, 170, 190, 210, 230, 250, 270, 290] [476, 153] 8 2
[450, 430, 430, 430, 430, 430, 430, 430] [150, 150, 170, 190, 210, 230, 250, 270] [476, 153] 8 1
[470, 450, 430, 430, 430, 430, 430, 430] [150, 150, 150, 170, 190, 210, 230, 250] [476, 153] 8 1
[490, 470, 450, 430, 430, 430, 430, 430, 430] [150, 150, 150, 150, 170, 190, 210, 230, 250] [496, 114] 9 1
[490, 490, 470, 450, 430, 430, 430, 430, 430] [130, 150, 150, 150, 150, 170, 190, 210, 230] [496, 114] 9 2
[490, 490, 490, 470, 450, 430, 430, 430, 430] [110, 130, 150, 150, 150, 150, 170, 190, 210] [496, 114] 9 2
[490, 490, 490, 490, 470, 450, 430, 430, 430, 430] [90, 110, 130, 150, 150, 150, 150, 170, 190, 210] [91, 539] 10 2
[470, 490, 490, 490, 490, 470, 450, 430, 430, 430] [90, 90, 110, 130, 150, 150, 150, 150, 170, 190] [91, 539] 10 3
[450, 470, 490, 490, 490, 490, 470, 450, 430, 430] [90, 90, 90, 110, 130, 150, 150, 150, 150, 170] [91, 539] 10 3
[430, 450, 470, 490, 490, 490, 490, 470, 450, 430] [90, 90, 90, 90, 110, 130, 150, 150, 150, 150] [91, 539] 10 3
[410, 430, 450, 470, 490, 490, 490, 490, 470, 450] [90, 90, 90, 90, 90, 110, 130, 150, 150, 150] [91, 539] 10 3
[390, 410, 430, 450, 470, 490, 490, 490, 490, 470] [90, 90, 90, 90, 90, 90, 110, 130, 150, 150] [91, 539] 10 3
[370, 390, 410, 430, 450, 470, 490, 490, 490, 490] [90, 90, 90, 90, 90, 90, 90, 110, 130, 150] [91, 539] 10 3
[350, 370, 390, 410, 430, 450, 470, 490, 490, 490] [90, 90, 90, 90, 90, 90, 90, 90, 110, 130] [91, 539] 10 3
[330, 350, 370, 390, 410, 430, 450, 470, 490, 490] [90, 90, 90, 90, 90, 90, 90, 90, 90, 110] [91, 539] 10 3
[310, 330, 350, 370, 390, 410, 430, 450, 470, 490] [90, 90, 90, 90, 90, 90, 90, 90, 90, 90] [91, 539] 10 3
[290, 310, 330, 350, 370, 390, 410, 430, 450, 470] [90, 90, 90, 90, 90, 90, 90, 90, 90, 90] [91, 539] 10 3
[270, 290, 310, 330, 350, 370, 390, 410, 430, 450] [90, 90, 90, 90, 90, 90, 90, 90, 90, 90] [91, 539] 10 3
[250, 270, 290, 310, 330, 350, 370, 390, 410, 430] [90, 90, 90, 90, 90, 90, 90, 90, 90, 90] [91, 539] 10 3
[230, 250, 270, 290, 310, 330, 350, 370, 390, 410] [90, 90, 90, 90, 90, 90, 90, 90, 90, 90] [91, 539] 10 3
[210, 230, 250, 270, 290, 310, 330, 350, 370, 390] [90, 90, 90, 90, 90, 90, 90, 90, 90, 90] [91, 539] 10 3
[190, 210, 230, 250, 270, 290, 310, 330, 350, 370] [90, 90, 90, 90, 90, 90, 90, 90, 90, 90] [91, 539] 10 3
[170, 190, 210, 230, 250, 270, 290, 310, 330, 350] [90, 90, 90, 90, 90, 90, 90, 90, 90, 90] [91, 539] 10 3
[150, 170, 190, 210, 230, 250, 270, 290, 310, 330] [90, 90, 90, 90, 90, 90, 90, 90, 90, 90] [91, 539] 10 3
[130, 150, 170, 190, 210, 230, 250, 270, 290, 310] [90, 90, 90, 90, 90, 90, 90, 90, 90, 90] [91, 539] 10 3
[110, 130, 150, 170, 190, 210, 230, 250, 270, 290] [90, 90, 90, 90, 90, 90, 90, 90, 90, 90] [91, 539] 10 3
[90, 110, 130, 150, 170, 190, 210, 230, 250, 270] [90, 90, 90, 90, 90, 90, 90, 90, 90, 90] [91, 539] 10 3
[70, 90, 110, 130, 150, 170, 190, 210, 230, 250] [90, 90, 90, 90, 90, 90, 90, 90, 90, 90] [91, 539] 10 3
[70, 70, 90, 110, 130, 150, 170, 190, 210, 230] [110, 90, 90, 90, 90, 90, 90, 90, 90, 90] [91, 539] 10 0
[70, 70, 70, 90, 110, 130, 150, 170, 190, 210] [130, 110, 90, 90, 90, 90, 90, 90, 90, 90] [91, 539] 10 0
[70, 70, 70, 70, 90, 110, 130, 150, 170, 190] [150, 130, 110, 90, 90, 90, 90, 90, 90, 90] [91, 539] 10 0
[70, 70, 70, 70, 70, 90, 110, 130, 150, 170] [170, 150, 130, 110, 90, 90, 90, 90, 90, 90] [91, 539] 10 0
[70, 70, 70, 70, 70, 70, 90, 110, 130, 150] [190, 170, 150, 130, 110, 90, 90, 90, 90, 90] [91, 539] 10 0
[70, 70, 70, 70, 70, 70, 70, 90, 110, 130] [210, 190, 170, 150, 130, 110, 90, 90, 90, 90] [91, 539] 10 0
[70, 70, 70, 70, 70, 70, 70, 70, 90, 110] [230, 210, 190, 170, 150, 130, 110, 90, 90, 90] [91, 539] 10 0
[70, 70, 70, 70, 70, 70, 70, 70, 70, 90] [250, 230, 210, 190, 170, 150, 130, 110, 90, 90] [91, 539] 10 0
[70, 70, 70, 70, 70, 70, 70, 70, 70, 70] [270, 250, 230, 210, 190, 170, 150, 130, 110, 90] [91, 539] 10 0
[70, 70, 70, 70, 70, 70, 70, 70, 70, 70] [290, 270, 250, 230, 210, 190, 170, 150, 130, 110] [91, 539] 10 0
[70, 70, 70, 70, 70, 70, 70, 70, 70, 70] [310, 290, 270, 250, 230, 210, 190, 170, 150, 130] [91, 539] 10 0
[70, 70, 70, 70, 70, 70, 70, 70, 70, 70] [330, 310, 290, 270, 250, 230, 210, 190, 170, 150] [91, 539] 10 0
[70, 70, 70, 70, 70, 70, 70, 70, 70, 70] [350, 330, 310, 290, 270, 250, 230, 210, 190, 170] [91, 539] 10 0
[70, 70, 70, 70, 70, 70, 70, 70, 70, 70] [370, 350, 330, 310, 290, 270, 250, 230, 210, 190] [91, 539] 10 0
[70, 70, 70, 70, 70, 70, 70, 70, 70, 70] [390, 370, 350, 330, 310, 290, 270, 250, 230, 210] [91, 539] 10 0
[70, 70, 70, 70, 70, 70, 70, 70, 70, 70] [410, 390, 370, 350, 330, 310, 290, 270, 250, 230] [91, 539] 10 0
[70, 70, 70, 70, 70, 70, 70, 70, 70, 70] [430, 410, 390, 370, 350, 330, 310, 290, 270, 250] [91, 539] 10 0
[70, 70, 70, 70, 70, 70, 70, 70, 70, 70] [450, 430, 410, 390, 370, 350, 330, 310, 290, 270] [91, 539] 10 0
[70, 70, 70, 70, 70, 70, 70, 70, 70, 70] [470, 450, 430, 410, 390, 370, 350, 330, 310, 290] [91, 539] 10 0
[70, 70, 70, 70, 70, 70, 70, 70, 70, 70] [490, 470, 450, 430, 410, 390, 370, 350, 330, 310] [91, 539] 10 0
[70, 70, 70, 70, 70, 70, 70, 70, 70, 70] [510, 490, 470, 450, 430, 410, 390, 370, 350, 330] [91, 539] 10 0
[70, 70, 70, 70, 70, 70, 70, 70, 70, 70] [530, 510, 490, 470, 450, 430, 410, 390, 370, 350] [91, 539] 10 0
[90, 70, 70, 70, 70, 70, 70, 70, 70, 70] [530, 530, 510, 490, 470, 450, 430, 410, 390, 370] [91, 539] 10 1
[110, 90, 70, 70, 70, 70, 70, 70, 70, 70, 70] [530, 530, 530, 510, 490, 470, 450, 430, 410, 390, 370] [453, 363] 11 1
[130, 110, 90, 70, 70, 70, 70, 70, 70, 70, 70] [530, 530, 530, 530, 510, 490, 470, 450, 430, 410, 390] [453, 363] 11 1
[150, 130, 110, 90, 70, 70, 70, 70, 70, 70, 70] [530, 530, 530, 530, 530, 510, 490, 470, 450, 430, 410] [453, 363] 11 1
[170, 150, 130, 110, 90, 70, 70, 70, 70, 70, 70] [530, 530, 530, 530, 530, 530, 510, 490, 470, 450, 430] [453, 363] 11 1
[190, 170, 150, 130, 110, 90, 70, 70, 70, 70, 70] [530, 530, 530, 530, 530, 530, 530, 510, 490, 470, 450] [453, 363] 11 1
[210, 190, 170, 150, 130, 110, 90, 70, 70, 70, 70] [530, 530, 530, 530, 530, 530, 530, 530, 510, 490, 470] [453, 363] 11 1
[230, 210, 190, 170, 150, 130, 110, 90, 70, 70, 70] [530, 530, 530, 530, 530, 530, 530, 530, 530, 510, 490] [453, 363] 11 1
[250, 230, 210, 190, 170, 150, 130, 110, 90, 70, 70] [530, 530, 530, 530, 530, 530, 530, 530, 530, 530, 510] [453, 363] 11 1
[270, 250, 230, 210, 190, 170, 150, 130, 110, 90, 70] [530, 530, 530, 530, 530, 530, 530, 530, 530, 530, 530] [453, 363] 11 1
[290, 270, 250, 230, 210, 190, 170, 150, 130, 110, 90] [530, 530, 530, 530, 530, 530, 530, 530, 530, 530, 530] [453, 363] 11 1
[310, 290, 270, 250, 230, 210, 190, 170, 150, 130, 110] [530, 530, 530, 530, 530, 530, 530, 530, 530, 530, 530] [453, 363] 11 1
[330, 310, 290, 270, 250, 230, 210, 190, 170, 150, 130] [530, 530, 530, 530, 530, 530, 530, 530, 530, 530, 530] [453, 363] 11 1
[350, 330, 310, 290, 270, 250, 230, 210, 190, 170, 150] [530, 530, 530, 530, 530, 530, 530, 530, 530, 530, 530] [453, 363] 11 1
[370, 350, 330, 310, 290, 270, 250, 230, 210, 190, 170] [530, 530, 530, 530, 530, 530, 530, 530, 530, 530, 530] [453, 363] 11 1
[390, 370, 350, 330, 310, 290, 270, 250, 230, 210, 190] [530, 530, 530, 530, 530, 530, 530, 530, 530, 530, 530] [453, 363] 11 1
[410, 390, 370, 350, 330, 310, 290, 270, 250, 230, 210] [530, 530, 530, 530, 530, 530, 530, 530, 530, 530, 530] [453, 363] 11 1
[430, 410, 390, 370, 350, 330, 310, 290, 270, 250, 230] [530, 530, 530, 530, 530, 530, 530, 530, 530, 530, 530] [453, 363] 11 1
[450, 430, 410, 390, 370, 350, 330, 310, 290, 270, 250] [530, 530, 530, 530, 530, 530, 530, 530, 530, 530, 530] [453, 363] 11 1
[450, 450, 430, 410, 390, 370, 350, 330, 310, 290, 270] [510, 530, 530, 530, 530, 530, 530, 530, 530, 530, 530] [453, 363] 11 2
[450, 450, 450, 430, 410, 390, 370, 350, 330, 310, 290] [490, 510, 530, 530, 530, 530, 530, 530, 530, 530, 530] [453, 363] 11 2
[450, 450, 450, 450, 430, 410, 390, 370, 350, 330, 310] [470, 490, 510, 530, 530, 530, 530, 530, 530, 530, 530] [453, 363] 11 2
[450, 450, 450, 450, 450, 430, 410, 390, 370, 350, 330] [450, 470, 490, 510, 530, 530, 530, 530, 530, 530, 530] [453, 363] 11 2
[450, 450, 450, 450, 450, 450, 430, 410, 390, 370, 350] [430, 450, 470, 490, 510, 530, 530, 530, 530, 530, 530] [453, 363] 11 2
[450, 450, 450, 450, 450, 450, 450, 430, 410, 390, 370] [410, 430, 450, 470, 490, 510, 530, 530, 530, 530, 530] [453, 363] 11 2
[450, 450, 450, 450, 450, 450, 450, 450, 430, 410, 390] [390, 410, 430, 450, 470, 490, 510, 530, 530, 530, 530] [453, 363] 11 2
[450, 450, 450, 450, 450, 450, 450, 450, 450, 430, 410] [370, 390, 410, 430, 450, 470, 490, 510, 530, 530, 530] [453, 363] 11 2
[450, 450, 450, 450, 450, 450, 450, 450, 450, 450, 430, 410] [350, 370, 390, 410, 430, 450, 470, 490, 510, 530, 530, 530] [470, 153] 12 2
[450, 450, 450, 450, 450, 450, 450, 450, 450, 450, 450, 430] [330, 350, 370, 390, 410, 430, 450, 470, 490, 510, 530, 530] [470, 153] 12 2
[450, 450, 450, 450, 450, 450, 450, 450, 450, 450, 450, 450] [310, 330, 350, 370, 390, 410, 430, 450, 470, 490, 510, 530] [470, 153] 12 2
[450, 450, 450, 450, 450, 450, 450, 450, 450, 450, 450, 450] [290, 310, 330, 350, 370, 390, 410, 430, 450, 470, 490, 510] [470, 153] 12 2
[450, 450, 450, 450, 450, 450, 450, 450, 450, 450, 450, 450] [270, 290, 310, 330, 350, 370, 390, 410, 430, 450, 470, 490] [470, 153] 12 2
[450, 450, 450, 450, 450, 450, 450, 450, 450, 450, 450, 450] [250, 270, 290, 310, 330, 350, 370, 390, 410, 430, 450, 470] [470, 153] 12 2
[450, 450, 450, 450, 450, 450, 450, 450, 450, 450, 450, 450] [230, 250, 270, 290, 310, 330, 350, 370, 390, 410, 430, 450] [470, 153] 12 2
[450, 450, 450, 450, 450, 450, 450, 450, 450, 450, 450, 450] [210, 230, 250, 270, 290, 310, 330, 350, 370, 390, 410, 430] [470, 153] 12 2
[450, 450, 450, 450, 450, 450, 450, 450, 450, 450, 450, 450] [190, 210, 230, 250, 270, 290, 310, 330, 350, 370, 390, 410] [470, 153] 12 2
[450, 450, 450, 450, 450, 450, 450, 450, 450, 450, 450, 450] [170, 190, 210, 230, 250, 270, 290, 310, 330, 350, 370, 390] [470, 153] 12 2
[450, 450, 450, 450, 450, 450, 450, 450, 450, 450, 450, 450] [150, 170, 190, 210, 230, 250, 270, 290, 310, 330, 350, 370] [470, 153] 12 2
[470, 450, 450, 450, 450, 450, 450, 450, 450, 450, 450, 450] [150, 150, 170, 190, 210, 230, 250, 270, 290, 310, 330, 350] [470, 153] 12 1
[490, 470, 450, 450, 450, 450, 450, 450, 450, 450, 450, 450, 450] [150, 150, 150, 170, 190, 210, 230, 250, 270, 290, 310, 330, 350] [426, 502] 13 1
[490, 490, 470, 450, 450, 450, 450, 450, 450, 450, 450, 450, 450] [170, 150, 150, 150, 170, 190, 210, 230, 250, 270, 290, 310, 330] [426, 502] 13 0
[490, 490, 490, 470, 450, 450, 450, 450, 450, 450, 450, 450, 450] [190, 170, 150, 150, 150, 170, 190, 210, 230, 250, 270, 290, 310] [426, 502] 13 0
[490, 490, 490, 490, 470, 450, 450, 450, 450, 450, 450, 450, 450] [210, 190, 170, 150, 150, 150, 170, 190, 210, 230, 250, 270, 290] [426, 502] 13 0
[490, 490, 490, 490, 490, 470, 450, 450, 450, 450, 450, 450, 450] [230, 210, 190, 170, 150, 150, 150, 170, 190, 210, 230, 250, 270] [426, 502] 13 0
[490, 490, 490, 490, 490, 490, 470, 450, 450, 450, 450, 450, 450] [250, 230, 210, 190, 170, 150, 150, 150, 170, 190, 210, 230, 250] [426, 502] 13 0
[490, 490, 490, 490, 490, 490, 490, 470, 450, 450, 450, 450, 450] [270, 250, 230, 210, 190, 170, 150, 150, 150, 170, 190, 210, 230] [426, 502] 13 0
[490, 490, 490, 490, 490, 490, 490, 490, 470, 450, 450, 450, 450] [290, 270, 250, 230, 210, 190, 170, 150, 150, 150, 170, 190, 210] [426, 502] 13 0
[490, 490, 490, 490, 490, 490, 490, 490, 490, 470, 450, 450, 450] [310, 290, 270, 250, 230, 210, 190, 170, 150, 150, 150, 170, 190] [426, 502] 13 0
[490, 490, 490, 490, 490, 490, 490, 490, 490, 490, 470, 450, 450] [330, 310, 290, 270, 250, 230, 210, 190, 170, 150, 150, 150, 170] [426, 502] 13 0
[490, 490, 490, 490, 490, 490, 490, 490, 490, 490, 490, 470, 450] [350, 330, 310, 290, 270, 250, 230, 210, 190, 170, 150, 150, 150] [426, 502] 13 0
[490, 490, 490, 490, 490, 490, 490, 490, 490, 490, 490, 490, 470] [370, 350, 330, 310, 290, 270, 250, 230, 210, 190, 170, 150, 150] [426, 502] 13 0
[490, 490, 490, 490, 490, 490, 490, 490, 490, 490, 490, 490, 490] [390, 370, 350, 330, 310, 290, 270, 250, 230, 210, 190, 170, 150] [426, 502] 13 0
[490, 490, 490, 490, 490, 490, 490, 490, 490, 490, 490, 490, 490] [410, 390, 370, 350, 330, 310, 290, 270, 250, 230, 210, 190, 170] [426, 502] 13 0
[490, 490, 490, 490, 490, 490, 490, 490, 490, 490, 490, 490, 490] [430, 410, 390, 370, 350, 330, 310, 290, 270, 250, 230, 210, 190] [426, 502] 13 0
[490, 490, 490, 490, 490, 490, 490, 490, 490, 490, 490, 490, 490] [450, 430, 410, 390, 370, 350, 330, 310, 290, 270, 250, 230, 210] [426, 502] 13 0
[490, 490, 490, 490, 490, 490, 490, 490, 490, 490, 490, 490, 490] [470, 450, 430, 410, 390, 370, 350, 330, 310, 290, 270, 250, 230] [426, 502] 13 0
[490, 490, 490, 490, 490, 490, 490, 490, 490, 490, 490, 490, 490] [490, 470, 450, 430, 410, 390, 370, 350, 330, 310, 290, 270, 250] [426, 502] 13 0
[470, 490, 490, 490, 490, 490, 490, 490, 490, 490, 490, 490, 490] [490, 490, 470, 450, 430, 410, 390, 370, 350, 330, 310, 290, 270] [426, 502] 13 3
[450, 470, 490, 490, 490, 490, 490, 490, 490, 490, 490, 490, 490] [490, 490, 490, 470, 450, 430, 410, 390, 370, 350, 330, 310, 290] [426, 502] 13 3
[430, 450, 470, 490, 490, 490, 490, 490, 490, 490, 490, 490, 490] [490, 490, 490, 490, 470, 450, 430, 410, 390, 370, 350, 330, 310] [426, 502] 13 3
[410, 430, 450, 470, 490, 490, 490, 490, 490, 490, 490, 490, 490, 490] [490, 490, 490, 490, 490, 470, 450, 430, 410, 390, 370, 350, 330, 310] [20, 504] 14 3
[390, 410, 430, 450, 470, 490, 490, 490, 490, 490, 490, 490, 490, 490] [490, 490, 490, 490, 490, 490, 470, 450, 430, 410, 390, 370, 350, 330] [20, 504] 14 3
[370, 390, 410, 430, 450, 470, 490, 490, 490, 490, 490, 490, 490, 490] [490, 490, 490, 490, 490, 490, 490, 470, 450, 430, 410, 390, 370, 350] [20, 504] 14 3
[350, 370, 390, 410, 430, 450, 470, 490, 490, 490, 490, 490, 490, 490] [490, 490, 490, 490, 490, 490, 490, 490, 470, 450, 430, 410, 390, 370] [20, 504] 14 3
[330, 350, 370, 390, 410, 430, 450, 470, 490, 490, 490, 490, 490, 490] [490, 490, 490, 490, 490, 490, 490, 490, 490, 470, 450, 430, 410, 390] [20, 504] 14 3
[310, 330, 350, 370, 390, 410, 430, 450, 470, 490, 490, 490, 490, 490] [490, 490, 490, 490, 490, 490, 490, 490, 490, 490, 470, 450, 430, 410] [20, 504] 14 3
[290, 310, 330, 350, 370, 390, 410, 430, 450, 470, 490, 490, 490, 490] [490, 490, 490, 490, 490, 490, 490, 490, 490, 490, 490, 470, 450, 430] [20, 504] 14 3
[270, 290, 310, 330, 350, 370, 390, 410, 430, 450, 470, 490, 490, 490] [490, 490, 490, 490, 490, 490, 490, 490, 490, 490, 490, 490, 470, 450] [20, 504] 14 3
[250, 270, 290, 310, 330, 350, 370, 390, 410, 430, 450, 470, 490, 490] [490, 490, 490, 490, 490, 490, 490, 490, 490, 490, 490, 490, 490, 470] [20, 504] 14 3
[230, 250, 270, 290, 310, 330, 350, 370, 390, 410, 430, 450, 470, 490] [490, 490, 490, 490, 490, 490, 490, 490, 490, 490, 490, 490, 490, 490] [20, 504] 14 3
[210, 230, 250, 270, 290, 310, 330, 350, 370, 390, 410, 430, 450, 470] [490, 490, 490, 490, 490, 490, 490, 490, 490, 490, 490, 490, 490, 490] [20, 504] 14 3
[190, 210, 230, 250, 270, 290, 310, 330, 350, 370, 390, 410, 430, 450] [490, 490, 490, 490, 490, 490, 490, 490, 490, 490, 490, 490, 490, 490] [20, 504] 14 3
[170, 190, 210, 230, 250, 270, 290, 310, 330, 350, 370, 390, 410, 430] [490, 490, 490, 490, 490, 490, 490, 490, 490, 490, 490, 490, 490, 490] [20, 504] 14 3
[150, 170, 190, 210, 230, 250, 270, 290, 310, 330, 350, 370, 390, 410] [490, 490, 490, 490, 490, 490, 490, 490, 490, 490, 490, 490, 490, 490] [20, 504] 14 3
[130, 150, 170, 190, 210, 230, 250, 270, 290, 310, 330, 350, 370, 390] [490, 490, 490, 490, 490, 490, 490, 490, 490, 490, 490, 490, 490, 490] [20, 504] 14 3
[110, 130, 150, 170, 190, 210, 230, 250, 270, 290, 310, 330, 350, 370] [490, 490, 490, 490, 490, 490, 490, 490, 490, 490, 490, 490, 490, 490] [20, 504] 14 3
[90, 110, 130, 150, 170, 190, 210, 230, 250, 270, 290, 310, 330, 350] [490, 490, 490, 490, 490, 490, 490, 490, 490, 490, 490, 490, 490, 490] [20, 504] 14 3
[70, 90, 110, 130, 150, 170, 190, 210, 230, 250, 270, 290, 310, 330] [490, 490, 490, 490, 490, 490, 490, 490, 490, 490, 490, 490, 490, 490] [20, 504] 14 3
[50, 70, 90, 110, 130, 150, 170, 190, 210, 230, 250, 270, 290, 310] [490, 490, 490, 490, 490, 490, 490, 490, 490, 490, 490, 490, 490, 490] [20, 504] 14 3
[30, 50, 70, 90, 110, 130, 150, 170, 190, 210, 230, 250, 270, 290] [490, 490, 490, 490, 490, 490, 490, 490, 490, 490, 490, 490, 490, 490] [20, 504] 14 3
[10, 30, 50, 70, 90, 110, 130, 150, 170, 190, 210, 230, 250, 270] [490, 490, 490, 490, 490, 490, 490, 490, 490, 490, 490, 490, 490, 490] [20, 504] 14 3
