[290, 290, 290, 290, 290] [290, 270, 250, 230, 210] [451, 177] 5 0
[310, 290, 290, 290, 290] [290, 290, 270, 250, 230] [451, 177] 5 1
[330, 310, 290, 290, 290] [290, 290, 290, 270, 250] [451, 177] 5 1
[350, 330, 310, 290, 290] [290, 290, 290, 290, 270] [451, 177] 5 1
[370, 350, 330, 310, 290] [290, 290, 290, 290, 290] [451, 177] 5 1
[390, 370, 350, 330, 310] [290, 290, 290, 290, 290] [451, 177] 5 1
[410, 390, 370, 350, 330] [290, 290, 290, 290, 290] [451, 177] 5 1
[430, 410, 390, 370, 350] [290, 290, 290, 290, 290] [451, 177] 5 1
[450, 430, 410, 390, 370] [290, 290, 290, 290, 290] [451, 177] 5 1
[450, 450, 430, 410, 390] [270, 290, 290, 290, 290] [451, 177] 5 2
[450, 450, 450, 430, 410] [250, 270, 290, 290, 290] [451, 177] 5 2
[450, 450, 450, 450, 430] [230, 250, 270, 290, 290] [451, 177] 5 2
[450, 450, 450, 450, 450] [210, 230, 250, 270, 290] [451, 177] 5 2
[450, 450, 450, 450, 450] [190, 210, 230, 250, 270] [451, 177] 5 2
[450, 450, 450, 450, 450] [170, 190, 210, 230, 250] [451, 177] 5 2
[450, 450, 450, 450, 450, 450] [150, 170, 190, 210, 230, 250] [167, 270] 6 2
[430, 450, 450, 450, 450, 450] [150, 150, 170, 190, 210, 230] [167, 270] 6 3
[410, 430, 450, 450, 450, 450] [150, 150, 150, 170, 190, 210] [167, 270] 6 3
[390, 410, 430, 450, 450, 450] [150, 150, 150, 150, 170, 190] [167, 270] 6 3
[370, 390, 410, 430, 450, 450] [150, 150, 150, 150, 150, 170] [167, 270] 6 3
[350, 370, 390, 410, 430, 450] [150, 150, 150, 150, 150, 150] [167, 270] 6 3
[330, 350, 370, 390, 410, 430] [150, 150, 150, 150, 150, 150] [167, 270] 6 3
[310, 330, 350, 370, 390, 410] [150, 150, 150, 150, 150, 150] [167, 270] 6 3
[290, 310, 330, 350, 370, 390] [150, 150, 150, 150, 150, 150] [167, 270] 6 3
[270, 290, 310, 330, 350, 370] [150, 150, 150, 150, 150, 150] [167, 270] 6 3
[250, 270, 290, 310, 330, 350] [150, 150, 150, 150, 150, 150] [167, 270] 6 3
[230, 250, 270, 290, 310, 330] [150, 150, 150, 150, 150, 150] [167, 270] 6 3
[210, 230, 250, 270, 290, 310] [150, 150, 150, 150, 150, 150] [167, 270] 6 3
[190, 210, 230, 250, 270, 290] [150, 150, 150, 150, 150, 150] [167, 270] 6 3
[170, 190, 210, 230, 250, 270] [150, 150, 150, 150, 150, 150] [167, 270] 6 3
[170, 170, 190, 210, 230, 250] [170, 150, 150, 150, 150, 150] [167, 270] 6 0
[170, 170, 170, 190, 210, 230] [190, 170, 150, 150, 150, 150] [167, 270] 6 0
[170, 170, 170, 170, 190, 210] [210, 190, 170, 150, 150, 150] [167, 270] 6 0
[170, 170, 170, 170, 170, 190] [230, 210, 190, 170, 150, 150] [167, 270] 6 0
[170, 170, 170, 170, 170, 170] [250, 230, 210, 190, 170, 150] [167, 270] 6 0
[170, 170, 170, 170, 170, 170] [270, 250, 230, 210, 190, 170] [167, 270] 6 0
[170, 170, 170, 170, 170, 170, 170] [290, 270, 250, 230, 210, 190, 170] [170, 361] 7 0
[170, 170, 170, 170, 170, 170, 170] [310, 290, 270, 250, 230, 210, 190] [170, 361] 7 0
[170, 170, 170, 170, 170, 170, 170] [330, 310, 290, 270, 250, 230, 210] [170, 361] 7 0
[170, 170, 170, 170, 170, 170, 170] [350, 330, 310, 290, 270, 250, 230] [170, 361] 7 0
[170, 170, 170, 170, 170, 170, 170, 170] [370, 350, 330, 310, 290, 270, 250, 230] [277, 583] 8 0
[170, 170, 170, 170, 170, 170, 170, 170] [390, 370, 350, 330, 310, 290, 270, 250] [277, 583] 8 0
[170, 170, 170, 170, 170, 170, 170, 170] [410, 390, 370, 350, 330, 310, 290, 270] [277, 583] 8 0
[170, 170, 170, 170, 170, 170, 170, 170] [430, 410, 390, 370, 350, 330, 310, 290] [277, 583] 8 0
[170, 170, 170, 170, 170, 170, 170, 170] [450, 430, 410, 390, 370, 350, 330, 310] [277, 583] 8 0
[170, 170, 170, 170, 170, 170, 170, 170] [470, 450, 430, 410, 390, 370, 350, 330] [277, 583] 8 0
[170, 170, 170, 170, 170, 170, 170, 170] [490, 470, 450, 430, 410, 390, 370, 350] [277, 583] 8 0
[170, 170, 170, 170, 170, 170, 170, 170] [510, 490, 470, 450, 430, 410, 390, 370] [277, 583] 8 0
[170, 170, 170, 170, 170, 170, 170, 170] [530, 510, 490, 470, 450, 430, 410, 390] [277, 583] 8 0
[170, 170, 170, 170, 170, 170, 170, 170] [550, 530, 510, 490, 470, 450, 430, 410] [277, 583] 8 0
[170, 170, 170, 170, 170, 170, 170, 170] [570, 550, 530, 510, 490, 470, 450, 430] [277, 583] 8 0
[190, 170, 170, 170, 170, 170, 170, 170] [570, 570, 550, 530, 510, 490, 470, 450] [277, 583] 8 1
[210, 190, 170, 170, 170, 170, 170, 170] [570, 570, 570, 550, 530, 510, 490, 470] [277, 583] 8 1
[230, 210, 190, 170, 170, 170, 170, 170] [570, 570, 570, 570, 550, 530, 510, 490] [277, 583] 8 1
[250, 230, 210, 190, 170, 170, 170, 170] [570, 570, 570, 570, 570, 550, 530, 510] [277, 583] 8 1
[270, 250, 230, 210, 190, 170, 170, 170] [570, 570, 570, 570, 570, 570, 550, 530] [277, 583] 8 1
[290, 270, 250, 230, 210, 190, 170, 170, 170] [570, 570, 570, 570, 570, 570, 570, 550, 530] [182, 66] 9 1
[290, 290, 270, 250, 230, 210, 190, 170, 170] [550, 570, 570, 570, 570, 570, 570, 570, 550] [182, 66] 9 2
[290, 290, 290, 270, 250, 230, 210, 190, 170] [530, 550, 570, 570, 570, 570, 570, 570, 570] [182, 66] 9 2
[290, 290, 290, 290, 270, 250, 230, 210, 190] [510, 530, 550, 570, 570, 570, 570, 570, 570] [182, 66] 9 2
[290, 290, 290, 290, 290, 270, 250, 230, 210] [490, 510, 530, 550, 570, 570, 570, 570, 570] [182, 66] 9 2
[290, 290, 290, 290, 290, 290, 270, 250, 230] [470, 490, 510, 530, 550, 570, 570, 570, 570] [182, 66] 9 2
[290, 290, 290, 290, 290, 290, 290, 270, 250] [450, 470, 490, 510, 530, 550, 570, 570, 570] [182, 66] 9 2
[290, 290, 290, 290, 290, 290, 290, 290, 270] [430, 450, 470, 490, 510, 530, 550, 570, 570] [182, 66] 9 2
[290, 290, 290, 290, 290, 290, 290, 290, 290] [410, 430, 450, 470, 490, 510, 530, 550, 570] [182, 66] 9 2
[290, 290, 290, 290, 290, 290, 290, 290, 290] [390, 410, 430, 450, 470, 490, 510, 530, 550] [182, 66] 9 2
[290, 290, 290, 290, 290, 290, 290, 290, 290] [370, 390, 410, 430, 450, 470, 490, 510, 530] [182, 66] 9 2
[290, 290, 290, 290, 290, 290, 290, 290, 290] [350, 370, 390, 410, 430, 450, 470, 490, 510] [182, 66] 9 2
[290, 290, 290, 290, 290, 290, 290, 290, 290] [330, 350, 370, 390, 410, 430, 450, 470, 490] [182, 66] 9 2
[290, 290, 290, 290, 290, 290, 290, 290, 290] [310, 330, 350, 370, 390, 410, 430, 450, 470] [182, 66] 9 2
[290, 290, 290, 290, 290, 290, 290, 290, 290] [290, 310, 330, 350, 370, 390, 410, 430, 450] [182, 66] 9 2
[290, 290, 290, 290, 290, 290, 290, 290, 290] [270, 290, 310, 330, 350, 370, 390, 410, 430] [182, 66] 9 2
[290, 290, 290, 290, 290, 290, 290, 290, 290] [250, 270, 290, 310, 330, 350, 370, 390, 410] [182, 66] 9 2
[290, 290, 290, 290, 290, 290, 290, 290, 290] [230, 250, 270, 290, 310, 330, 350, 370, 390] [182, 66] 9 2
[290, 290, 290, 290, 290, 290, 290, 290, 290] [210, 230, 250, 270, 290, 310, 330, 350, 370] [182, 66] 9 2
[290, 290, 290, 290, 290, 290, 290, 290, 290] [190, 210, 230, 250, 270, 290, 310, 330, 350] [182, 66] 9 2
[290, 290, 290, 290, 290, 290, 290, 290, 290] [170, 190, 210, 230, 250, 270, 290, 310, 330] [182, 66] 9 2
[290, 290, 290, 290, 290, 290, 290, 290, 290] [150, 170, 190, 210, 230, 250, 270, 290, 310] [182, 66] 9 2
[290, 290, 290, 290, 290, 290, 290, 290, 290] [130, 150, 170, 190, 210, 230, 250, 270, 290] [182, 66] 9 2
[290, 290, 290, 290, 290, 290, 290, 290, 290] [110, 130, 150, 170, 190, 210, 230, 250, 270] [182, 66] 9 2
[290, 290, 290, 290, 290, 290, 290, 290, 290] [90, 110, 130, 150, 170, 190, 210, 230, 250] [182, 66] 9 2
[290, 290, 290, 290, 290, 290, 290, 290, 290] [70, 90, 110, 130, 150, 170, 190, 210, 230] [182, 66] 9 2
[270, 290, 290, 290, 290, 290, 290, 290, 290] [70, 70, 90, 110, 130, 150, 170, 190, 210] [182, 66] 9 3
[250, 270, 290, 290, 290, 290, 290, 290, 290] [70, 70, 70, 90, 110, 130, 150, 170, 190] [182, 66] 9 3
[230, 250, 270, 290, 290, 290, 290, 290, 290] [70, 70, 70, 70, 90, 110, 130, 150, 170] [182, 66] 9 3
[210, 230, 250, 270, 290, 290, 290, 290, 290] [70, 70, 70, 70, 70, 90, 110, 130, 150] [182, 66] 9 3
[190, 210, 230, 250, 270, 290, 290, 290, 290] [70, 70, 70, 70, 70, 70, 90, 110, 130] [182, 66] 9 3
[170, 190, 210, 230, 250, 270, 290, 290, 290, 290] [70, 70, 70, 70, 70, 70, 70, 90, 110, 130] [328, 146] 10 3
[170, 170, 190, 210, 230, 250, 270, 290, 290, 290] [90, 70, 70, 70, 70, 70, 70, 70, 90, 110] [328, 146] 10 0
[170, 170, 170, 190, 210, 230, 250, 270, 290, 290] [110, 90, 70, 70, 70, 70, 70, 70, 70, 90] [328, 146] 10 0
[170, 170, 170, 170, 190, 210, 230, 250, 270, 290] [130, 110, 90, 70, 70, 70, 70, 70, 70, 70] [328, 146] 10 0
[170, 170, 170, 170, 170, 190, 210, 230, 250, 270] [150, 130, 110, 90, 70, 70, 70, 70, 70, 70] [328, 146] 10 0
[190, 170, 170, 170, 170, 170, 190, 210, 230, 250] [150, 150, 130, 110, 90, 70, 70, 70, 70, 70] [328, 146] 10 1
[210, 190, 170, 170, 170, 170, 170, 190, 210, 230] [150, 150, 150, 130, 110, 90, 70, 70, 70, 70] [328, 146] 10 1
[230, 210, 190, 170, 170, 170, 170, 170, 190, 210] [150, 150, 150, 150, 130, 110, 90, 70, 70, 70] [328, 146] 10 1
[250, 230, 210, 190, 170, 170, 170, 170, 170, 190] [150, 150, 150, 150, 150, 130, 110, 90, 70, 70] [328, 146] 10 1
[270, 250, 230, 210, 190, 170, 170, 170, 170, 170] [150, 150, 150, 150, 150, 150, 130, 110, 90, 70] [328, 146] 10 1
[290, 270, 250, 230, 210, 190, 170, 170, 170, 170] [150, 150, 150, 150, 150, 150, 150, 130, 110, 90] [328, 146] 10 1
[310, 290, 270, 250, 230, 210, 190, 170, 170, 170] [150, 150, 150, 150, 150, 150, 150, 150, 130, 110] [328, 146] 10 1
[330, 310, 290, 270, 250, 230, 210, 190, 170, 170, 170] [150, 150, 150, 150, 150, 150, 150, 150, 150, 130, 110] [439, 420] 11 1
[350, 330, 310, 290, 270, 250, 230, 210, 190, 170, 170] [150, 150, 150, 150, 150, 150, 150, 150, 150, 150, 130] [439, 420] 11 1
[370, 350, 330, 310, 290, 270, 250, 230, 210, 190, 170] [150, 150, 150, 150, 150, 150, 150, 150, 150, 150, 150] [439, 420] 11 1
[390, 370, 350, 330, 310, 290, 270, 250, 230, 210, 190] [150, 150, 150, 150, 150, 150, 150, 150, 150, 150, 150] [439, 420] 11 1
[410, 390, 370, 350, 330, 310, 290, 270, 250, 230, 210] [150, 150, 150, 150, 150, 150, 150, 150, 150, 150, 150] [439, 420] 11 1
[430, 410, 390, 370, 350, 330, 310, 290, 270, 250, 230] [150, 150, 150, 150, 150, 150, 150, 150, 150, 150, 150] [439, 420] 11 1
[430, 430, 410, 390, 370, 350, 330, 310, 290, 270, 250] [170, 150, 150, 150, 150, 150, 150, 150, 150, 150, 150] [439, 420] 11 0
[430, 430, 430, 410, 390, 370, 350, 330, 310, 290, 270] [190, 170, 150, 150, 150, 150, 150, 150, 150, 150, 150] [439, 420] 11 0
[430, 430, 430, 430, 410, 390, 370, 350, 330, 310, 290] [210, 190, 170, 150, 150, 150, 150, 150, 150, 150, 150] [439, 420] 11 0
[430, 430, 430, 430, 430, 410, 390, 370, 350, 330, 310] [230, 210, 190, 170, 150, 150, 150, 150, 150, 150, 150] [439, 420] 11 0
[430, 430, 430, 430, 430, 430, 410, 390, 370, 350, 330] [250, 230, 210, 190, 170, 150, 150, 150, 150, 150, 150] [439, 420] 11 0
[430, 430, 430, 430, 430, 430, 430, 410, 390, 370, 350] [270, 250, 230, 210, 190, 170, 150, 150, 150, 150, 150] [439, 420] 11 0
[430, 430, 430, 430, 430, 430, 430, 430, 410, 390, 370] [290, 270, 250, 230, 210, 190, 170, 150, 150, 150, 150] [439, 420] 11 0
[430, 430, 430, 430, 430, 430, 430, 430, 430, 410, 390] [310, 290, 270, 250, 230, 210, 190, 170, 150, 150, 150] [439, 420] 11 0
[430, 430, 430, 430, 430, 430, 430, 430, 430, 430, 410] [330, 310, 290, 270, 250, 230, 210, 190, 170, 150, 150] [439, 420] 11 0
[430, 430, 430, 430, 430, 430, 430, 430, 430, 430, 430] [350, 330, 310, 290, 270, 250, 230, 210, 190, 170, 150] [439, 420] 11 0
[430, 430, 430, 430, 430, 430, 430, 430, 430, 430, 430] [370, 350, 330, 310, 290, 270, 250, 230, 210, 190, 170] [439, 420] 11 0
[430, 430, 430, 430, 430, 430, 430, 430, 430, 430, 430] [390, 370, 350, 330, 310, 290, 270, 250, 230, 210, 190] [439, 420] 11 0
[430, 430, 430, 430, 430, 430, 430, 430, 430, 430, 430] [410, 390, 370, 350, 330, 310, 290, 270, 250, 230, 210] [439, 420] 11 0
[430, 430, 430, 430, 430, 430, 430, 430, 430, 430, 430, 430] [430, 410, 390, 370, 350, 330, 310, 290, 270, 250, 230, 210] [398, 355] 12 0
[410, 430, 430, 430, 430, 430, 430, 430, 430, 430, 430, 430] [430, 430, 410, 390, 370, 350, 330, 310, 290, 270, 250, 230] [398, 355] 12 3
[390, 410, 430, 430, 430, 430, 430, 430, 430, 430, 430, 430] [430, 430, 430, 410, 390, 370, 350, 330, 310, 290, 270, 250] [398, 355] 12 3
[390, 390, 410, 430, 430, 430, 430, 430, 430, 430, 430, 430] [410, 430, 430, 430, 410, 390, 370, 350, 330, 310, 290, 270] [398, 355] 12 2
[390, 390, 390, 410, 430, 430, 430, 430, 430, 430, 430, 430] [390, 410, 430, 430, 430, 410, 390, 370, 350, 330, 310, 290] [398, 355] 12 2
[390, 390, 390, 390, 410, 430, 430, 430, 430, 430, 430, 430] [370, 390, 410, 430, 430, 430, 410, 390, 370, 350, 330, 310] [398, 355] 12 2
[390, 390, 390, 390, 390, 410, 430, 430, 430, 430, 430, 430] [350, 370, 390, 410, 430, 430, 430, 410, 390, 370, 350, 330] [398, 355] 12 2
[390, 390, 390, 390, 390, 390, 410, 430, 430, 430, 430, 430, 430] [330, 350, 370, 390, 410, 430, 430, 430, 410, 390, 370, 350, 330] [101, 325] 13 2
[390, 390, 390, 390, 390, 390, 390, 410, 430, 430, 430, 430, 430] [310, 330, 350, 370, 390, 410, 430, 430, 430, 410, 390, 370, 350] [101, 325] 13 2
[370, 390, 390, 390, 390, 390, 390, 390, 410, 430, 430, 430, 430] [310, 310, 330, 350, 370, 390, 410, 430, 430, 430, 410, 390, 370] [101, 325] 13 3
[350, 370, 390, 390, 390, 390, 390, 390, 390, 410, 430, 430, 430] [310, 310, 310, 330, 350, 370, 390, 410, 430, 430, 430, 410, 390] [101, 325] 13 3
[330, 350, 370, 390, 390, 390, 390, 390, 390, 390, 410, 430, 430] [310, 310, 310, 310, 330, 350, 370, 390, 410, 430, 430, 430, 410] [101, 325] 13 3
[310, 330, 350, 370, 390, 390, 390, 390, 390, 390, 390, 410, 430] [310, 310, 310, 310, 310, 330, 350, 370, 390, 410, 430, 430, 430] [101, 325] 13 3
[290, 310, 330, 350, 370, 390, 390, 390, 390, 390, 390, 390, 410] [310, 310, 310, 310, 310, 310, 330, 350, 370, 390, 410, 430, 430] [101, 325] 13 3
[270, 290, 310, 330, 350, 370, 390, 390, 390, 390, 390, 390, 390] [310, 310, 310, 310, 310, 310, 310, 330, 350, 370, 390, 410, 430] [101, 325] 13 3
[250, 270, 290, 310, 330, 350, 370, 390, 390, 390, 390, 390, 390] [310, 310, 310, 310, 310, 310, 310, 310, 330, 350, 370, 390, 410] [101, 325] 13 3
[230, 250, 270, 290, 310, 330, 350, 370, 390, 390, 390, 390, 390] [310, 310, 310, 310, 310, 310, 310, 310, 310, 330, 350, 370, 390] [101, 325] 13 3
[210, 230, 250, 270, 290, 310, 330, 350, 370, 390, 390, 390, 390] [310, 310, 310, 310, 310, 310, 310, 310, 310, 310, 330, 350, 370] [101, 325] 13 3
[190, 210, 230, 250, 270, 290, 310, 330, 350, 370, 390, 390, 390] [310, 310, 310, 310, 310, 310, 310, 310, 310, 310, 310, 330, 350] [101, 325] 13 3
[170, 190, 210, 230, 250, 270, 290, 310, 330, 350, 370, 390, 390] [310, 310, 310, 310, 310, 310, 310, 310, 310, 310, 310, 310, 330] [101, 325] 13 3
[150, 170, 190, 210, 230, 250, 270, 290, 310, 330, 350, 370, 390] [310, 310, 310, 310, 310, 310, 310, 310, 310, 310, 310, 310, 310] [101, 325] 13 3
[130, 150, 170, 190, 210, 230, 250, 270, 290, 310, 330, 350, 370] [310, 310, 310, 310, 310, 310, 310, 310, 310, 310, 310, 310, 310] [101, 325] 13 3
[110, 130, 150, 170, 190, 210, 230, 250, 270, 290, 310, 330, 350] [310, 310, 310, 310, 310, 310, 310, 310, 310, 310, 310, 310, 310] [101, 325] 13 3
[90, 110, 130, 150, 170, 190, 210, 230, 250, 270, 290, 310, 330, 350] [310, 310, 310, 310, 310, 310, 310, 310, 310, 310, 310, 310, 310, 310] [249, 143] 14 3
[90, 90, 110, 130, 150, 170, 190, 210, 230, 250, 270, 290, 310, 330] [290, 310, 310, 310, 310, 310, 310, 310, 310, 310, 310, 310, 310, 310] [249, 143] 14 2
[90, 90, 90, 110, 130, 150, 170, 190, 210, 230, 250, 270, 290, 310] [270, 290, 310, 310, 310, 310, 310, 310, 310, 310, 310, 310, 310, 310] [249, 143] 14 2
[90, 90, 90, 90, 110, 130, 150, 170, 190, 210, 230, 250, 270, 290] [250, 270, 290, 310, 310, 310, 310, 310, 310, 310, 310, 310, 310, 310] [249, 143] 14 2
[90, 90, 90, 90, 90, 110, 130, 150, 170, 190, 210, 230, 250, 270] [230, 250, 270, 290, 310, 310, 310, 310, 310, 310, 310, 310, 310, 310] [249, 143] 14 2
[90, 90, 90, 90, 90, 90, 110, 130, 150, 170, 190, 210, 230, 250] [210, 230, 250, 270, 290, 310, 310, 310, 310, 310, 310, 310, 310, 310] [249, 143] 14 2
[90, 90, 90, 90, 90, 90, 90, 110, 130, 150, 170, 190, 210, 230] [190, 210, 230, 250, 270, 290, 310, 310, 310, 310, 310, 310, 310, 310] [249, 143] 14 2
[90, 90, 90, 90, 90, 90, 90, 90, 110, 130, 150, 170, 190, 210] [170, 190, 210, 230, 250, 270, 290, 310, 310, 310, 310, 310, 310, 310] [249, 143] 14 2
[90, 90, 90, 90, 90, 90, 90, 90, 90, 110, 130, 150, 170, 190] [150, 170, 190, 210, 230, 250, 270, 290, 310, 310, 310, 310, 310, 310] [249, 143] 14 2
[90, 90, 90, 90, 90, 90, 90, 90, 90, 90, 110, 130, 150, 170] [130, 150, 170, 190, 210, 230, 250, 270, 290, 310, 310, 310, 310, 310] [249, 143] 14 2
[110, 90, 90, 90, 90, 90, 90, 90, 90, 90, 90, 110, 130, 150] [130, 130, 150, 170, 190, 210, 230, 250, 270, 290, 310, 310, 310, 310] [249, 143] 14 1
[130, 110, 90, 90, 90, 90, 90, 90, 90, 90, 90, 90, 110, 130] [130, 130, 130, 150, 170, 190, 210, 230, 250, 270, 290, 310, 310, 310] [249, 143] 14 1
[150, 130, 110, 90, 90, 90, 90, 90, 90, 90, 90, 90, 90, 110] [130, 130, 130, 130, 150, 170, 190, 210, 230, 250, 270, 290, 310, 310] [249, 143] 14 1
[170, 150, 130, 110, 90, 90, 90, 90, 90, 90, 90, 90, 90, 90] [130, 130, 130, 130, 130, 150, 170, 190, 210, 230, 250, 270, 290, 310] [249, 143] 14 1
[190, 170, 150, 130, 110, 90, 90, 90, 90, 90, 90, 90, 90, 90] [130, 130, 130, 130, 130, 130, 150, 170, 190, 210, 230, 250, 270, 290] [249, 143] 14 1
[210, 190, 170, 150, 130, 110, 90, 90, 90, 90, 90, 90, 90, 90] [130, 130, 130, 130, 130, 130, 130, 150, 170, 190, 210, 230, 250, 270] [249, 143] 14 1
[230, 210, 190, 170, 150, 130, 110, 90, 90, 90, 90, 90, 90, 90] [130, 130, 130, 130, 130, 130, 130, 130, 150, 170, 190, 210, 230, 250] [249, 143] 14 1
[250, 230, 210, 190, 170, 150, 130, 110, 90, 90, 90, 90, 90, 90, 90] [130, 130, 130, 130, 130, 130, 130, 130, 130, 150, 170, 190, 210, 230, 250] [299, 214] 15 1
[270, 250, 230, 210, 190, 170, 150, 130, 110, 90, 90, 90, 90, 90, 90] [130, 130, 130, 130, 130, 130, 130, 130, 130, 130, 150, 170, 190, 210, 230] [299, 214] 15 1
[290, 270, 250, 230, 210, 190, 170, 150, 130, 110, 90, 90, 90, 90, 90] [130, 130, 130, 130, 130, 130, 130, 130, 130, 130, 130, 150, 170, 190, 210] [299, 214] 15 1
[290, 290, 270, 250, 230, 210, 190, 170, 150, 130, 110, 90, 90, 90, 90] [150, 130, 130, 130, 130, 130, 130, 130, 130, 130, 130, 130, 150, 170, 190] [299, 214] 15 0
[290, 290, 290, 270, 250, 230, 210, 190, 170, 150, 130, 110, 90, 90, 90] [170, 150, 130, 130, 130, 130, 130, 130, 130, 130, 130, 130, 130, 150, 170] [299, 214] 15 0
[290, 290, 290, 290, 270, 250, 230, 210, 190, 170, 150, 130, 110, 90, 90] [190, 170, 150, 130, 130, 130, 130, 130, 130, 130, 130, 130, 130, 130, 150] [299, 214] 15 0
[290, 290, 290, 290, 290, 270, 250, 230, 210, 190, 170, 150, 130, 110, 90] [210, 190, 170, 150, 130, 130, 130, 130, 130, 130, 130, 130, 130, 130, 130] [299, 214] 15 0
