[290, 290, 290, 290, 290] [290, 270, 250, 230, 210] [505, 358] 5 0
[290, 290, 290, 290, 290] [310, 290, 270, 250, 230] [505, 358] 5 0
[290, 290, 290, 290, 290] [330, 310, 290, 270, 250] [505, 358] 5 0
[290, 290, 290, 290, 290] [350, 330, 310, 290, 270] [505, 358] 5 0
[310, 290, 290, 290, 290] [350, 350, 330, 310, 290] [505, 358] 5 1
[330, 310, 290, 290, 290] [350, 350, 350, 330, 310] [505, 358] 5 1
[350, 330, 310, 290, 290] [350, 350, 350, 350, 330] [505, 358] 5 1
[370, 350, 330, 310, 290] [350, 350, 350, 350, 350] [505, 358] 5 1
[390, 370, 350, 330, 310] [350, 350, 350, 350, 350] [505, 358] 5 1
[410, 390, 370, 350, 330] [350, 350, 350, 350, 350] [505, 358] 5 1
[430, 410, 390, 370, 350] [350, 350, 350, 350, 350] [505, 358] 5 1
[450, 430, 410, 390, 370] [350, 350, 350, 350, 350] [505, 358] 5 1
[470, 450, 430, 410, 390] [350, 350, 350, 350, 350] [505, 358] 5 1
[490, 470, 450, 430, 410] [350, 350, 350, 350, 350] [505, 358] 5 1
[510, 490, 470, 450, 430, 410] [350, 350, 350, 350, 350, 350] [315, 502] 6 1
[510, 510, 490, 470, 450, 430] [370, 350, 350, 350, 350, 350] [315, 502] 6 0
[510, 510, 510, 490, 470, 450] [390, 370, 350, 350, 350, 350] [315, 502] 6 0
[510, 510, 510, 510, 490, 470] [410, 390, 370, 350, 350, 350] [315, 502] 6 0
[510, 510, 510, 510, 510, 490] [430, 410, 390, 370, 350, 350] [315, 502] 6 0
[510, 510, 510, 510, 510, 510] [450, 430, 410, 390, 370, 350] [315, 502] 6 0
[510, 510, 510, 510, 510, 510] [470, 450, 430, 410, 390, 370] [315, 502] 6 0
[510, 510, 510, 510, 510, 510] [490, 470, 450, 430, 410, 390] [315, 502] 6 0
[490, 510, 510, 510, 510, 510] [490, 490, 470, 450, 430, 410] [315, 502] 6 3
[470, 490, 510, 510, 510, 510] [490, 490, 490, 470, 450, 430] [315, 502] 6 3
[450, 470, 490, 510, 510, 510] [490, 490, 490, 490, 470, 450] [315, 502] 6 3
[430, 450, 470, 490, 510, 510] [490, 490, 490, 490, 490, 470] [315, 502] 6 3
[410, 430, 450, 470, 490, 510] [490, 490, 490, 490, 490, 490] [315, 502] 6 3
[390, 410, 430, 450, 470, 490] [490, 490, 490, 490, 490, 490] [315, 502] 6 3
[370, 390, 410, 430, 450, 470] [490, 490, 490, 490, 490, 490] [315, 502] 6 3
[350, 370, 390, 410, 430, 450] [490, 490, 490, 490, 490, 490] [315, 502] 6 3
[330, 350, 370, 390, 410, 430] [490, 490, 490, 490, 490, 490] [315, 502] 6 3
[310, 330, 350, 370, 390, 410] [490, 490, 490, 490, 490, 490] [315, 502] 6 3
[290, 310, 330, 350, 370, 390, 410] [490, 490, 490, 490, 490, 490, 490] [542, 107] 7 3
[290, 290, 310, 330, 350, 370, 390] [470, 490, 490, 490, 490, 490, 490] [542, 107] 7 2
[290, 290, 290, 310, 330, 350, 370] [450, 470, 490, 490, 490, 490, 490] [542, 107] 7 2
[290, 290, 290, 290, 310, 330, 350] [430, 450, 470, 490, 490, 490, 490] [542, 107] 7 2
[290, 290, 290, 290, 290, 310, 330] [410, 430, 450, 470, 490, 490, 490] [542, 107] 7 2
[290, 290, 290, 290, 290, 290, 310] [390, 410, 430, 450, 470, 490, 490] [542, 107] 7 2
[290, 290, 290, 290, 290, 290, 290] [370, 390, 410, 430, 450, 470, 490] [542, 107] 7 2
[290, 290, 290, 290, 290, 290, 290] [350, 370, 390, 410, 430, 450, 470] [542, 107] 7 2
[290, 290, 290, 290, 290, 290, 290] [330, 350, 370, 390, 410, 430, 450] [542, 107] 7 2
[290, 290, 290, 290, 290, 290, 290] [310, 330, 350, 370, 390, 410, 430] [542, 107] 7 2
[290, 290, 290, 290, 290, 290, 290] [290, 310, 330, 350, 370, 390, 410] [542, 107] 7 2
[290, 290, 290, 290, 290, 290, 290] [270, 290, 310, 330, 350, 370, 390] [542, 107] 7 2
[290, 290, 290, 290, 290, 290, 290] [250, 270, 290, 310, 330, 350, 370] [542, 107] 7 2
[290, 290, 290, 290, 290, 290, 290] [230, 250, 270, 290, 310, 330, 350] [542, 107] 7 2
[290, 290, 290, 290, 290, 290, 290] [210, 230, 250, 270, 290, 310, 330] [542, 107] 7 2
[290, 290, 290, 290, 290, 290, 290] [190, 210, 230, 250, 270, 290, 310] [542, 107] 7 2
[290, 290, 290, 290, 290, 290, 290] [170, 190, 210, 230, 250, 270, 290] [542, 107] 7 2
[290, 290, 290, 290, 290, 290, 290] [150, 170, 190, 210, 230, 250, 270] [542, 107] 7 2
[290, 290, 290, 290, 290, 290, 290] [130, 150, 170, 190, 210, 230, 250] [542, 107] 7 2
[290, 290, 290, 290, 290, 290, 290] [110, 130, 150, 170, 190, 210, 230] [542, 107] 7 2
[290, 290, 290, 290, 290, 290, 290] [90, 110, 130, 150, 170, 190, 210] [542, 107] 7 2
[310, 290, 290, 290, 290, 290, 290] [90, 90, 110, 130, 150, 170, 190] [542, 107] 7 1
[330, 310, 290, 290, 290, 290, 290] [90, 90, 90, 110, 130, 150, 170] [542, 107] 7 1
[350, 330, 310, 290, 290, 290, 290] [90, 90, 90, 90, 110, 130, 150] [542, 107] 7 1
[370, 350, 330, 310, 290, 290, 290] [90, 90, 90, 90, 90, 110, 130] [542, 107] 7 1
[390, 370, 350, 330, 310, 290, 290] [90, 90, 90, 90, 90, 90, 110] [542, 107] 7 1
[410, 390, 370, 350, 330, 310, 290] [90, 90, 90, 90, 90, 90, 90] [542, 107] 7 1
[430, 410, 390, 370, 350, 330, 310] [90, 90, 90, 90, 90, 90, 90] [542, 107] 7 1
[450, 430, 410, 390, 370, 350, 330] [90, 90, 90, 90, 90, 90, 90] [542, 107] 7 1
[470, 450, 430, 410, 390, 370, 350] [90, 90, 90, 90, 90, 90, 90] [542, 107] 7 1
[490, 470, 450, 430, 410, 390, 370] [90, 90, 90, 90, 90, 90, 90] [542, 107] 7 1
[510, 490, 470, 450, 430, 410, 390] [90, 90, 90, 90, 90, 90, 90] [542, 107] 7 1
[530, 510, 490, 470, 450, 430, 410] [90, 90, 90, 90, 90, 90, 90] [542, 107] 7 1
[550, 530, 510, 490, 470, 450, 430, 410] [90, 90, 90, 90, 90, 90, 90, 90] [88, 268] 8 1
[550, 550, 530, 510, 490, 470, 450, 430] [110, 90, 90, 90, 90, 90, 90, 90] [88, 268] 8 0
[550, 550, 550, 530, 510, 490, 470, 450] [130, 110, 90, 90, 90, 90, 90, 90] [88, 268] 8 0
[550, 550, 550, 550, 530, 510, 490, 470] [150, 130, 110, 90, 90, 90, 90, 90] [88, 268] 8 0
[550, 550, 550, 550, 550, 530, 510, 490] [170, 150, 130, 110, 90, 90, 90, 90] [88, 268] 8 0
[550, 550, 550, 550, 550, 550, 530, 510] [190, 170, 150, 130, 110, 90, 90, 90] [88, 268] 8 0
[550, 550, 550, 550, 550, 550, 550, 530] [210, 190, 170, 150, 130, 110, 90, 90] [88, 268] 8 0
[550, 550, 550, 550, 550, 550, 550, 550] [230, 210, 190, 170, 150, 130, 110, 90] [88, 268] 8 0
[550, 550, 550, 550, 550, 550, 550, 550] [250, 230, 210, 190, 170, 150, 130, 110] [88, 268] 8 0
[550, 550, 550, 550, 550, 550, 550, 550] [270, 250, 230, 210, 190, 170, 150, 130] [88, 268] 8 0
[530, 550, 550, 550, 550, 550, 550, 550] [270, 270, 250, 230, 210, 190, 170, 150] [88, 268] 8 3
[510, 530, 550, 550, 550, 550, 550, 550] [270, 270, 270, 250, 230, 210, 190, 170] [88, 268] 8 3
[490, 510, 530, 550, 550, 550, 550, 550] [270, 270, 270, 270, 250, 230, 210, 190] [88, 268] 8 3
[470, 490, 510, 530, 550, 550, 550, 550] [270, 270, 270, 270, 270, 250, 230, 210] [88, 268] 8 3
[450, 470, 490, 510, 530, 550, 550, 550] [270, 270, 270, 270, 270, 270, 250, 230] [88, 268] 8 3
[430, 450, 470, 490, 510, 530, 550, 550] [270, 270, 270, 270, 270, 270, 270, 250] [88, 268] 8 3
[410, 430, 450, 470, 490, 510, 530, 550] [270, 270, 270, 270, 270, 270, 270, 270] [88, 268] 8 3
[390, 410, 430, 450, 470, 490, 510, 530] [270, 270, 270, 270, 270, 270, 270, 270] [88, 268] 8 3
[370, 390, 410, 430, 450, 470, 490, 510] [270, 270, 270, 270, 270, 270, 270, 270] [88, 268] 8 3
[350, 370, 390, 410, 430, 450, 470, 490] [270, 270, 270, 270, 270, 270, 270, 270] [88, 268] 8 3
[330, 350, 370, 390, 410, 430, 450, 470] [270, 270, 270, 270, 270, 270, 270, 270] [88, 268] 8 3
[310, 330, 350, 370, 390, 410, 430, 450] [270, 270, 270, 270, 270, 270, 270, 270] [88, 268] 8 3
[290, 310, 330, 350, 370, 390, 410, 430] [270, 270, 270, 270, 270, 270, 270, 270] [88, 268] 8 3
[270, 290, 310, 330, 350, 370, 390, 410] [270, 270, 270, 270, 270, 270, 270, 270] [88, 268] 8 3
[250, 270, 290, 310, 330, 350, 370, 390] [270, 270, 270, 270, 270, 270, 270, 270] [88, 268] 8 3
[230, 250, 270, 290, 310, 330, 350, 370] [270, 270, 270, 270, 270, 270, 270, 270] [88, 268] 8 3
[210, 230, 250, 270, 290, 310, 330, 350] [270, 270, 270, 270, 270, 270, 270, 270] [88, 268] 8 3
[190, 210, 230, 250, 270, 290, 310, 330] [270, 270, 270, 270, 270, 270, 270, 270] [88, 268] 8 3
[170, 190, 210, 230, 250, 270, 290, 310] [270, 270, 270, 270, 270, 270, 270, 270] [88, 268] 8 3
[150, 170, 190, 210, 230, 250, 270, 290] [270, 270, 270, 270, 270, 270, 270, 270] [88, 268] 8 3
[130, 150, 170, 190, 210, 230, 250, 270] [270, 270, 270, 270, 270, 270, 270, 270] [88, 268] 8 3
[110, 130, 150, 170, 190, 210, 230, 250] [270, 270, 270, 270, 270, 270, 270, 270] [88, 268] 8 3
[90, 110, 130, 150, 170, 190, 210, 230] [270, 270, 270, 270, 270, 270, 270, 270] [88, 268] 8 3
[90, 90, 110, 130, 150, 170, 190, 210, 230] [250, 270, 270, 270, 270, 270, 270, 270, 270] [384, 186] 9 2
[90, 90, 90, 110, 130, 150, 170, 190, 210] [230, 250, 270, 270, 270, 270, 270, 270, 270] [384, 186] 9 2
[90, 90, 90, 90, 110, 130, 150, 170, 190] [210, 230, 250, 270, 270, 270, 270, 270, 270] [384, 186] 9 2
[90, 90, 90, 90, 90, 110, 130, 150, 170] [190, 210, 230, 250, 270, 270, 270, 270, 270] [384, 186] 9 2
[110, 90, 90, 90, 90, 90, 110, 130, 150] [190, 190, 210, 230, 250, 270, 270, 270, 270] [384, 186] 9 1
[130, 110, 90, 90, 90, 90, 90, 110, 130] [190, 190, 190, 210, 230, 250, 270, 270, 270] [384, 186] 9 1
[150, 130, 110, 90, 90, 90, 90, 90, 110] [190, 190, 190, 190, 210, 230, 250, 270, 270] [384, 186] 9 1
[170, 150, 130, 110, 90, 90, 90, 90, 90] [190, 190, 190, 190, 190, 210, 230, 250, 270] [384, 186] 9 1
[190, 170, 150, 130, 110, 90, 90, 90, 90] [190, 190, 190, 190, 190, 190, 210, 230, 250] [384, 186] 9 1
[210, 190, 170, 150, 130, 110, 90, 90, 90] [190, 190, 190, 190, 190, 190, 190, 210, 230] [384, 186] 9 1
[230, 210, 190, 170, 150, 130, 110, 90, 90] [190, 190, 190, 190, 190, 190, 190, 190, 210] [384, 186] 9 1
[250, 230, 210, 190, 170, 150, 130, 110, 90] [190, 190, 190, 190, 190, 190, 190, 190, 190] [384, 186] 9 1
[270, 250, 230, 210, 190, 170, 150, 130, 110] [190, 190, 190, 190, 190, 190, 190, 190, 190] [384, 186] 9 1
[290, 270, 250, 230, 210, 190, 170, 150, 130] [190, 190, 190, 190, 190, 190, 190, 190, 190] [384, 186] 9 1
[310, 290, 270, 250, 230, 210, 190, 170, 150] [190, 190, 190, 190, 190, 190, 190, 190, 190] [384, 186] 9 1
[330, 310, 290, 270, 250, 230, 210, 190, 170] [190, 190, 190, 190, 190, 190, 190, 190, 190] [384, 186] 9 1
[350, 330, 310, 290, 270, 250, 230, 210, 190] [190, 190, 190, 190, 190, 190, 190, 190, 190] [384, 186] 9 1
[370, 350, 330, 310, 290, 270, 250, 230, 210] [190, 190, 190, 190, 190, 190, 190, 190, 190] [384, 186] 9 1
[390, 370, 350, 330, 310, 290, 270, 250, 230, 210] [190, 190, 190, 190, 190, 190, 190, 190, 190, 190] [253, 579] 10 1
[390, 390, 370, 350, 330, 310, 290, 270, 250, 230] [210, 190, 190, 190, 190, 190, 190, 190, 190, 190] [253, 579] 10 0
[390, 390, 390, 370, 350, 330, 310, 290, 270, 250] [230, 210, 190, 190, 190, 190, 190, 190, 190, 190] [253, 579] 10 0
[390, 390, 390, 390, 370, 350, 330, 310, 290, 270] [250, 230, 210, 190, 190, 190, 190, 190, 190, 190] [253, 579] 10 0
[390, 390, 390, 390, 390, 370, 350, 330, 310, 290] [270, 250, 230, 210, 190, 190, 190, 190, 190, 190] [253, 579] 10 0
[390, 390, 390, 390, 390, 390, 370, 350, 330, 310] [290, 270, 250, 230, 210, 190, 190, 190, 190, 190] [253, 579] 10 0
[390, 390, 390, 390, 390, 390, 390, 370, 350, 330] [310, 290, 270, 250, 230, 210, 190, 190, 190, 190] [253, 579] 10 0
[390, 390, 390, 390, 390, 390, 390, 390, 370, 350] [330, 310, 290, 270, 250, 230, 210, 190, 190, 190] [253, 579] 10 0
[390, 390, 390, 390, 390, 390, 390, 390, 390, 370] [350, 330, 310, 290, 270, 250, 230, 210, 190, 190] [253, 579] 10 0
[390, 390, 390, 390, 390, 390, 390, 390, 390, 390] [370, 350, 330, 310, 290, 270, 250, 230, 210, 190] [253, 579] 10 0
[390, 390, 390, 390, 390, 390, 390, 390, 390, 390] [390, 370, 350, 330, 310, 290, 270, 250, 230, 210] [253, 579] 10 0
[390, 390, 390, 390, 390, 390, 390, 390, 390, 390] [410, 390, 370, 350, 330, 310, 290, 270, 250, 230] [253, 579] 10 0
[390, 390, 390, 390, 390, 390, 390, 390, 390, 390] [430, 410, 390, 370, 350, 330, 310, 290, 270, 250] [253, 579] 10 0
[390, 390, 390, 390, 390, 390, 390, 390, 390, 390] [450, 430, 410, 390, 370, 350, 330, 310, 290, 270] [253, 579] 10 0
[390, 390, 390, 390, 390, 390, 390, 390, 390, 390] [470, 450, 430, 410, 390, 370, 350, 330, 310, 290] [253, 579] 10 0
[390, 390, 390, 390, 390, 390, 390, 390, 390, 390] [490, 470, 450, 430, 410, 390, 370, 350, 330, 310] [253, 579] 10 0
[390, 390, 390, 390, 390, 390, 390, 390, 390, 390] [510, 490, 470, 450, 430, 410, 390, 370, 350, 330] [253, 579] 10 0
[390, 390, 390, 390, 390, 390, 390, 390, 390, 390] [530, 510, 490, 470, 450, 430, 410, 390, 370, 350] [253, 579] 10 0
[390, 390, 390, 390, 390, 390, 390, 390, 390, 390] [550, 530, 510, 490, 470, 450, 430, 410, 390, 370] [253, 579] 10 0
[390, 390, 390, 390, 390, 390, 390, 390, 390, 390] [570, 550, 530, 510, 490, 470, 450, 430, 410, 390] [253, 579] 10 0
[370, 390, 390, 390, 390, 390, 390, 390, 390, 390] [570, 570, 550, 530, 510, 490, 470, 450, 430, 410] [253, 579] 10 3
[350, 370, 390, 390, 390, 390, 390, 390, 390, 390] [570, 570, 570, 550, 530, 510, 490, 470, 450, 430] [253, 579] 10 3
[330, 350, 370, 390, 390, 390, 390, 390, 390, 390] [570, 570, 570, 570, 550, 530, 510, 490, 470, 450] [253, 579] 10 3
[310, 330, 350, 370, 390, 390, 390, 390, 390, 390] [570, 570, 570, 570, 570, 550, 530, 510, 490, 470] [253, 579] 10 3
[290, 310, 330, 350, 370, 390, 390, 390, 390, 390] [570, 570, 570, 570, 570, 570, 550, 530, 510, 490] [253, 579] 10 3
[270, 290, 310, 330, 350, 370, 390, 390, 390, 390] [570, 570, 570, 570, 570, 570, 570, 550, 530, 510] [253, 579] 10 3
[250, 270, 290, 310, 330, 350, 370, 390, 390, 390] [570, 570, 570, 570, 570, 570, 570, 570, 550, 530] [253, 579] 10 3
[230, 250, 270, 290, 310, 330, 350, 370, 390, 390, 390] [570, 570, 570, 570, 570, 570, 570, 570, 570, 550, 530] [324, 575] 11 3
[210, 230, 250, 270, 290, 310, 330, 350, 370, 390, 390] [570, 570, 570, 570, 570, 570, 570, 570, 570, 570, 550] [324, 575] 11 3
[190, 210, 230, 250, 270, 290, 310, 330, 350, 370, 390] [570, 570, 570, 570, 570, 570, 570, 570, 570, 570, 570] [324, 575] 11 3
[190, 190, 210, 230, 250, 270, 290, 310, 330, 350, 370] [550, 570, 570, 570, 570, 570, 570, 570, 570, 570, 570] [324, 575] 11 2
[210, 190, 190, 210, 230, 250, 270, 290, 310, 330, 350] [550, 550, 570, 570, 570, 570, 570, 570, 570, 570, 570] [324, 575] 11 1
[230, 210, 190, 190, 210, 230, 250, 270, 290, 310, 330] [550, 550, 550, 570, 570, 570, 570, 570, 570, 570, 570] [324, 575] 11 1
[250, 230, 210, 190, 190, 210, 230, 250, 270, 290, 310] [550, 550, 550, 550, 570, 570, 570, 570, 570, 570, 570] [324, 575] 11 1
[270, 250, 230, 210, 190, 190, 210, 230, 250, 270, 290] [550, 550, 550, 550, 550, 570, 570, 570, 570, 570, 570] [324, 575] 11 1
[290, 270, 250, 230, 210, 190, 190, 210, 230, 250, 270] [550, 550, 550, 550, 550, 550, 570, 570, 570, 570, 570] [324, 575] 11 1
[310, 290, 270, 250, 230, 210, 190, 190, 210, 230, 250] [550, 550, 550, 550, 550, 550, 550, 570, 570, 570, 570] [324, 575] 11 1
[310, 310, 290, 270, 250, 230, 210, 190, 190, 210, 230] [570, 550, 550, 550, 550, 550, 550, 550, 570, 570, 570] [324, 575] 11 0
[330, 310, 310, 290, 270, 250, 230, 210, 190, 190, 210, 230] [570, 570, 550, 550, 550, 550, 550, 550, 550, 570, 570, 570] [529, 587] 12 1
[350, 330, 310, 310, 290, 270, 250, 230, 210, 190, 190, 210] [570, 570, 570, 550, 550, 550, 550, 550, 550, 550, 570, 570] [529, 587] 12 1
[370, 350, 330, 310, 310, 290, 270, 250, 230, 210, 190, 190] [570, 570, 570, 570, 550, 550, 550, 550, 550, 550, 550, 570] [529, 587] 12 1
[390, 370, 350, 330, 310, 310, 290, 270, 250, 230, 210, 190] [570, 570, 570, 570, 570, 550, 550, 550, 550, 550, 550, 550] [529, 587] 12 1
[410, 390, 370, 350, 330, 310, 310, 290, 270, 250, 230, 210] [570, 570, 570, 570, 570, 570, 550, 550, 550, 550, 550, 550] [529, 587] 12 1
[430, 410, 390, 370, 350, 330, 310, 310, 290, 270, 250, 230] [570, 570, 570, 570, 570, 570, 570, 550, 550, 550, 550, 550] [529, 587] 12 1
[450, 430, 410, 390, 370, 350, 330, 310, 310, 290, 270, 250] [570, 570, 570, 570, 570, 570, 570, 570, 550, 550, 550, 550] [529, 587] 12 1
[470, 450, 430, 410, 390, 370, 350, 330, 310, 310, 290, 270] [570, 570, 570, 570, 570, 570, 570, 570, 570, 550, 550, 550] [529, 587] 12 1
[490, 470, 450, 430, 410, 390, 370, 350, 330, 310, 310, 290] [570, 570, 570, 570, 570, 570, 570, 570, 570, 570, 550, 550] [529, 587] 12 1
[510, 490, 470, 450, 430, 410, 390, 370, 350, 330, 310, 310] [570, 570, 570, 570, 570, 570, 570, 570, 570, 570, 570, 550] [529, 587] 12 1
[530, 510, 490, 470, 450, 430, 410, 390, 370, 350, 330, 310, 310] [570, 570, 570, 570, 570, 570, 570, 570, 570, 570, 570, 570, 550] [226, 584] 13 1
[530, 530, 510, 490, 470, 450, 430, 410, 390, 370, 350, 330, 310] [550, 570, 570, 570, 570, 570, 570, 570, 570, 570, 570, 570, 570] [226, 584] 13 2
[510, 530, 530, 510, 490, 470, 450, 430, 410, 390, 370, 350, 330] [550, 550, 570, 570, 570, 570, 570, 570, 570, 570, 570, 570, 570] [226, 584] 13 3
[490, 510, 530, 530, 510, 490, 470, 450, 430, 410, 390, 370, 350] [550, 550, 550, 570, 570, 570, 570, 570, 570, 570, 570, 570, 570] [226, 584] 13 3
[470, 490, 510, 530, 530, 510, 490, 470, 450, 430, 410, 390, 370] [550, 550, 550, 550, 570, 570, 570, 570, 570, 570, 570, 570, 570] [226, 584] 13 3
[450, 470, 490, 510, 530, 530, 510, 490, 470, 450, 430, 410, 390] [550, 550, 550, 550, 550, 570, 570, 570, 570, 570, 570, 570, 570] [226, 584] 13 3
[430, 450, 470, 490, 510, 530, 530, 510, 490, 470, 450, 430, 410] [550, 550, 550, 550, 550, 550, 570, 570, 570, 570, 570, 570, 570] [226, 584] 13 3
[410, 430, 450, 470, 490, 510, 530, 530, 510, 490, 470, 450, 430] [550, 550, 550, 550, 550, 550, 550, 570, 570, 570, 570, 570, 570] [226, 584] 13 3
[410, 410, 430, 450, 470, 490, 510, 530, 530, 510, 490, 470, 450] [570, 550, 550, 550, 550, 550, 550, 550, 570, 570, 570, 570, 570] [226, 584] 13 0
[390, 410, 410, 430, 450, 470, 490, 510, 530, 530, 510, 490, 470] [570, 570, 550, 550, 550, 550, 550, 550, 550, 570, 570, 570, 570] [226, 584] 13 3
[370, 390, 410, 410, 430, 450, 470, 490, 510, 530, 530, 510, 490] [570, 570, 570, 550, 550, 550, 550, 550, 550, 550, 570, 570, 570] [226, 584] 13 3
[350, 370, 390, 410, 410, 430, 450, 470, 490, 510, 530, 530, 510] [570, 570, 570, 570, 550, 550, 550, 550, 550, 550, 550, 570, 570] [226, 584] 13 3
[330, 350, 370, 390, 410, 410, 430, 450, 470, 490, 510, 530, 530] [570, 570, 570, 570, 570, 550, 550, 550, 550, 550, 550, 550, 570] [226, 584] 13 3
[310, 330, 350, 370, 390, 410, 410, 430, 450, 470, 490, 510, 530] [570, 570, 570, 570, 570, 570, 550, 550, 550, 550, 550, 550, 550] [226, 584] 13 3
[290, 310, 330, 350, 370, 390, 410, 410, 430, 450, 470, 490, 510] [570, 570, 570, 570, 570, 570, 570, 550, 550, 550, 550, 550, 550] [226, 584] 13 3
[270, 290, 310, 330, 350, 370, 390, 410, 410, 430, 450, 470, 490] [570, 570, 570, 570, 570, 570, 570, 570, 550, 550, 550, 550, 550] [226, 584] 13 3
[250, 270, 290, 310, 330, 350, 370, 390, 410, 410, 430, 450, 470] [570, 570, 570, 570, 570, 570, 570, 570, 570, 550, 550, 550, 550] [226, 584] 13 3
[230, 250, 270, 290, 310, 330, 350, 370, 390, 410, 410, 430, 450] [570, 570, 570, 570, 570, 570, 570, 570, 570, 570, 550, 550, 550] [226, 584] 13 3
[210, 230, 250, 270, 290, 310, 330, 350, 370, 390, 410, 410, 430, 450] [570, 570, 570, 570, 570, 570, 570, 570, 570, 570, 570, 550, 550, 550] [256, 193] 14 3
[210, 210, 230, 250, 270, 290, 310, 330, 350, 370, 390, 410, 410, 430] [550, 570, 570, 570, 570, 570, 570, 570, 570, 570, 570, 570, 550, 550] [256, 193] 14 2
[210, 210, 210, 230, 250, 270, 290, 310, 330, 350, 370, 390, 410, 410] [530, 550, 570, 570, 570, 570, 570, 570, 570, 570, 570, 570, 570, 550] [256, 193] 14 2
[210, 210, 210, 210, 230, 250, 270, 290, 310, 330, 350, 370, 390, 410] [510, 530, 550, 570, 570, 570, 570, 570, 570, 570, 570, 570, 570, 570] [256, 193] 14 2
[210, 210, 210, 210, 210, 230, 250, 270, 290, 310, 330, 350, 370, 390] [490, 510, 530, 550, 570, 570, 570, 570, 570, 570, 570, 570, 570, 570] [256, 193] 14 2
[210, 210, 210, 210, 210, 210, 230, 250, 270, 290, 310, 330, 350, 370] [470, 490, 510, 530, 550, 570, 570, 570, 570, 570, 570, 570, 570, 570] [256, 193] 14 2
[210, 210, 210, 210, 210, 210, 210, 230, 250, 270, 290, 310, 330, 350] [450, 470, 490, 510, 530, 550, 570, 570, 570, 570, 570, 570, 570, 570] [256, 193] 14 2
[210, 210, 210, 210, 210, 210, 210, 210, 230, 250, 270, 290, 310, 330] [430, 450, 470, 490, 510, 530, 550, 570, 570, 570, 570, 570, 570, 570] [256, 193] 14 2
[210, 210, 210, 210, 210, 210, 210, 210, 210, 230, 250, 270, 290, 310] [410, 430, 450, 470, 490, 510, 530, 550, 570, 570, 570, 570, 570, 570] [256, 193] 14 2
[210, 210, 210, 210, 210, 210, 210, 210, 210, 210, 230, 250, 270, 290] [390, 410, 430, 450, 470, 490, 510, 530, 550, 570, 570, 570, 570, 570] [256, 193] 14 2
[210, 210, 210, 210, 210, 210, 210, 210, 210, 210, 210, 230, 250, 270] [370, 390, 410, 430, 450, 470, 490, 510, 530, 550, 570, 570, 570, 570] [256, 193] 14 2
[210, 210, 210, 210, 210, 210, 210, 210, 210, 210, 210, 210, 230, 250] [350, 370, 390, 410, 430, 450, 470, 490, 510, 530, 550, 570, 570, 570] [256, 193] 14 2
[210, 210, 210, 210, 210, 210, 210, 210, 210, 210, 210, 210, 210, 230] [330, 350, 370, 390, 410, 430, 450, 470, 490, 510, 530, 550, 570, 570] [256, 193] 14 2
[210, 210, 210, 210, 210, 210, 210, 210, 210, 210, 210, 210, 210, 210] [310, 330, 350, 370, 390, 410, 430, 450, 470, 490, 510, 530, 550, 570] [256, 193] 14 2
[210, 210, 210, 210, 210, 210, 210, 210, 210, 210, 210, 210, 210, 210] [290, 310, 330, 350, 370, 390, 410, 430, 450, 470, 490, 510, 530, 550] [256, 193] 14 2
[210, 210, 210, 210, 210, 210, 210, 210, 210, 210, 210, 210, 210, 210] [270, 290, 310, 330, 350, 370, 390, 410, 430, 450, 470, 490, 510, 530] [256, 193] 14 2
[210, 210, 210, 210, 210, 210, 210, 210, 210, 210, 210, 210, 210, 210] [250, 270, 290, 310, 330, 350, 370, 390, 410, 430, 450, 470, 490, 510] [256, 193] 14 2
[210, 210, 210, 210, 210, 210, 210, 210, 210, 210, 210, 210, 210, 210] [230, 250, 270, 290, 310, 330, 350, 370, 390, 410, 430, 450, 470, 490] [256, 193] 14 2
[210, 210, 210, 210, 210, 210, 210, 210, 210, 210, 210, 210, 210, 210] [210, 230, 250, 270, 290, 310, 330, 350, 370, 390, 410, 430, 450, 470] [256, 193] 14 2
[210, 210, 210, 210, 210, 210, 210, 210, 210, 210, 210, 210, 210, 210] [190, 210, 230, 250, 270, 290, 310, 330, 350, 370, 390, 410, 430, 450] [256, 193] 14 2
[230, 210, 210, 210, 210, 210, 210, 210, 210, 210, 210, 210, 210, 210] [190, 190, 210, 230, 250, 270, 290, 310, 330, 350, 370, 390, 410, 430] [256, 193] 14 1
[250, 230, 210, 210, 210, 210, 210, 210, 210, 210, 210, 210, 210, 210] [190, 190, 190, 210, 230, 250, 270, 290, 310, 330, 350, 370, 390, 410] [256, 193] 14 1
[270, 250, 230, 210, 210, 210, 210, 210, 210, 210, 210, 210, 210, 210, 210] [190, 190, 190, 190, 210, 230, 250, 270, 290, 310, 330, 350, 370, 390, 410] [500, 254] 15 1
[290, 270, 250, 230, 210, 210, 210, 210, 210, 210, 210, 210, 210, 210, 210] [190, 190, 190, 190, 190, 210, 230, 250, 270, 290, 310, 330, 350, 370, 390] [500, 254] 15 1
[290, 290, 270, 250, 230, 210, 210, 210, 210, 210, 210, 210, 210, 210, 210] [210, 190, 190, 190, 190, 190, 210, 230, 250, 270, 290, 310, 330, 350, 370] [500, 254] 15 0
[290, 290, 290, 270, 250, 230, 210, 210, 210, 210, 210, 210, 210, 210, 210] [230, 210, 190, 190, 190, 190, 190, 210, 230, 250, 270, 290, 310, 330, 350] [500, 254] 15 0
[290, 290, 290, 290, 270, 250, 230, 210, 210, 210, 210, 210, 210, 210, 210] [250, 230, 210, 190, 190, 190, 190, 190, 210, 230, 250, 270, 290, 310, 330] [500, 254] 15 0
[310, 290, 290, 290, 290, 270, 250, 230, 210, 210, 210, 210, 210, 210, 210] [250, 250, 230, 210, 190, 190, 190, 190, 190, 210, 230, 250, 270, 290, 310] [500, 254] 15 1
[330, 310, 290, 290, 290, 290, 270, 250, 230, 210, 210, 210, 210, 210, 210] [250, 250, 250, 230, 210, 190, 190, 190, 190, 190, 210, 230, 250, 270, 290] [500, 254] 15 1
[350, 330, 310, 290, 290, 290, 290, 270, 250, 230, 210, 210, 210, 210, 210] [250, 250, 250, 250, 230, 210, 190, 190, 190, 190, 190, 210, 230, 250, 270] [500, 254] 15 1
[370, 350, 330, 310, 290, 290, 290, 290, 270, 250, 230, 210, 210, 210, 210] [250, 250, 250, 250, 250, 230, 210, 190, 190, 190, 190, 190, 210, 230, 250] [500, 254] 15 1
[390, 370, 350, 330, 310, 290, 290, 290, 290, 270, 250, 230, 210, 210, 210] [250, 250, 250, 250, 250, 250, 230, 210, 190, 190, 190, 190, 190, 210, 230] [500, 254] 15 1
[410, 390, 370, 350, 330, 310, 290, 290, 290, 290, 270, 250, 230, 210, 210] [250, 250, 250, 250, 250, 250, 250, 230, 210, 190, 190, 190, 190, 190, 210] [500, 254] 15 1
[430, 410, 390, 370, 350, 330, 310, 290, 290, 290, 290, 270, 250, 230, 210] [250, 250, 250, 250, 250, 250, 250, 250, 230, 210, 190, 190, 190, 190, 190] [500, 254] 15 1
[450, 430, 410, 390, 370, 350, 330, 310, 290, 290, 290, 290, 270, 250, 230] [250, 250, 250, 250, 250, 250, 250, 250, 250, 230, 210, 190, 190, 190, 190] [500, 254] 15 1
[470, 450, 430, 410, 390, 370, 350, 330, 310, 290, 290, 290, 290, 270, 250] [250, 250, 250, 250, 250, 250, 250, 250, 250, 250, 230, 210, 190, 190, 190] [500, 254] 15 1
[490, 470, 450, 430, 410, 390, 370, 350, 330, 310, 290, 290, 290, 290, 270] [250, 250, 250, 250, 250, 250, 250, 250, 250, 250, 250, 230, 210, 190, 190] [500, 254] 15 1
