[290, 290, 290, 290, 290] [290, 270, 250, 230, 210] [524, 27] 5 0
[310, 290, 290, 290, 290] [290, 290, 270, 250, 230] [524, 27] 5 1
[330, 310, 290, 290, 290] [290, 290, 290, 270, 250] [524, 27] 5 1
[350, 330, 310, 290, 290] [290, 290, 290, 290, 270] [524, 27] 5 1
[370, 350, 330, 310, 290] [290, 290, 290, 290, 290] [524, 27] 5 1
[390, 370, 350, 330, 310] [290, 290, 290, 290, 290] [524, 27] 5 1
[410, 390, 370, 350, 330] [290, 290, 290, 290, 290] [524, 27] 5 1
[430, 410, 390, 370, 350] [290, 290, 290, 290, 290] [524, 27] 5 1
[450, 430, 410, 390, 370] [290, 290, 290, 290, 290] [524, 27] 5 1
[470, 450, 430, 410, 390] [290, 290, 290, 290, 290] [524, 27] 5 1
[490, 470, 450, 430, 410] [290, 290, 290, 290, 290] [524, 27] 5 1
[510, 490, 470, 450, 430] [290, 290, 290, 290, 290] [524, 27] 5 1
[530, 510, 490, 470, 450] [290, 290, 290, 290, 290] [524, 27] 5 1
[530, 530, 510, 490, 470] [270, 290, 290, 290, 290] [524, 27] 5 2
[530, 530, 530, 510, 490] [250, 270, 290, 290, 290] [524, 27] 5 2
[530, 530, 530, 530, 510] [230, 250, 270, 290, 290] [524, 27] 5 2
[530, 530, 530, 530, 530] [210, 230, 250, 270, 290] [524, 27] 5 2
[530, 530, 530, 530, 530] [190, 210, 230, 250, 270] [524, 27] 5 2
[530, 530, 530, 530, 530] [170, 190, 210, 230, 250] [524, 27] 5 2
[530, 530, 530, 530, 530] [150, 170, 190, 210, 230] [524, 27] 5 2
[530, 530, 530, 530, 530] [130, 150, 170, 190, 210] [524, 27] 5 2
[530, 530, 530, 530, 530] [110, 130, 150, 170, 190] [524, 27] 5 2
[530, 530, 530, 530, 530] [90, 110, 130, 150, 170] [524, 27] 5 2
[530, 530, 530, 530, 530] [70, 90, 110, 130, 150] [524, 27] 5 2
[530, 530, 530, 530, 530] [50, 70, 90, 110, 130] [524, 27] 5 2
[530, 530, 530, 530, 530] [30, 50, 70, 90, 110] [524, 27] 5 2
[510, 530, 530, 530, 530, 530] [30, 30, 50, 70, 90, 110] [255, 450] 6 3
[490, 510, 530, 530, 530, 530] [30, 30, 30, 50, 70, 90] [255, 450] 6 3
[470, 490, 510, 530, 530, 530] [30, 30, 30, 30, 50, 70] [255, 450] 6 3
[450, 470, 490, 510, 530, 530] [30, 30, 30, 30, 30, 50] [255, 450] 6 3
[430, 450, 470, 490, 510, 530] [30, 30, 30, 30, 30, 30] [255, 450] 6 3
[410, 430, 450, 470, 490, 510] [30, 30, 30, 30, 30, 30] [255, 450] 6 3
[390, 410, 430, 450, 470, 490] [30, 30, 30, 30, 30, 30] [255, 450] 6 3
[370, 390, 410, 430, 450, 470] [30, 30, 30, 30, 30, 30] [255, 450] 6 3
[350, 370, 390, 410, 430, 450] [30, 30, 30, 30, 30, 30] [255, 450] 6 3
[330, 350, 370, 390, 410, 430] [30, 30, 30, 30, 30, 30] [255, 450] 6 3
[310, 330, 350, 370, 390, 410] [30, 30, 30, 30, 30, 30] [255, 450] 6 3
[290, 310, 330, 350, 370, 390] [30, 30, 30, 30, 30, 30] [255, 450] 6 3
[270, 290, 310, 330, 350, 370] [30, 30, 30, 30, 30, 30] [255, 450] 6 3
[250, 270, 290, 310, 330, 350] [30, 30, 30, 30, 30, 30] [255, 450] 6 3
[250, 250, 270, 290, 310, 330] [50, 30, 30, 30, 30, 30] [255, 450] 6 0
[250, 250, 250, 270, 290, 310] [70, 50, 30, 30, 30, 30] [255, 450] 6 0
[250, 250, 250, 250, 270, 290] [90, 70, 50, 30, 30, 30] [255, 450] 6 0
[250, 250, 250, 250, 250, 270] [110, 90, 70, 50, 30, 30] [255, 450] 6 0
[250, 250, 250, 250, 250, 250] [130, 110, 90, 70, 50, 30] [255, 450] 6 0
[250, 250, 250, 250, 250, 250] [150, 130, 110, 90, 70, 50] [255, 450] 6 0
[250, 250, 250, 250, 250, 250] [170, 150, 130, 110, 90, 70] [255, 450] 6 0
[250, 250, 250, 250, 250, 250] [190, 170, 150, 130, 110, 90] [255, 450] 6 0
[250, 250, 250, 250, 250, 250] [210, 190, 170, 150, 130, 110] [255, 450] 6 0
[250, 250, 250, 250, 250, 250] [230, 210, 190, 170, 150, 130] [255, 450] 6 0
[250, 250, 250, 250, 250, 250] [250, 230, 210, 190, 170, 150] [255, 450] 6 0
[250, 250, 250, 250, 250, 250] [270, 250, 230, 210, 190, 170] [255, 450] 6 0
[250, 250, 250, 250, 250, 250] [290, 270, 250, 230, 210, 190] [255, 450] 6 0
[250, 250, 250, 250, 250, 250] [310, 290, 270, 250, 230, 210] [255, 450] 6 0
[250, 250, 250, 250, 250, 250] [330, 310, 290, 270, 250, 230] [255, 450] 6 0
[250, 250, 250, 250, 250, 250] [350, 330, 310, 290, 270, 250] [255, 450] 6 0
[250, 250, 250, 250, 250, 250] [370, 350, 330, 310, 290, 270] [255, 450] 6 0
[250, 250, 250, 250, 250, 250] [390, 370, 350, 330, 310, 290] [255, 450] 6 0
[250, 250, 250, 250, 250, 250] [410, 390, 370, 350, 330, 310] [255, 450] 6 0
[250, 250, 250, 250, 250, 250] [430, 410, 390, 370, 350, 330] [255, 450] 6 0
[250, 250, 250, 250, 250, 250] [450, 430, 410, 390, 370, 350] [255, 450] 6 0
[250, 250, 250, 250, 250, 250, 250] [470, 450, 430, 410, 390, 370, 350] [515, 289] 7 0
[270, 250, 250, 250, 250, 250, 250] [470, 470, 450, 430, 410, 390, 370] [515, 289] 7 1
[290, 270, 250, 250, 250, 250, 250] [470, 470, 470, 450, 430, 410, 390] [515, 289] 7 1
[310, 290, 270, 250, 250, 250, 250] [470, 470, 470, 470, 450, 430, 410] [515, 289] 7 1
[330, 310, 290, 270, 250, 250, 250] [470, 470, 470, 470, 470, 450, 430] [515, 289] 7 1
[350, 330, 310, 290, 270, 250, 250] [470, 470, 470, 470, 470, 470, 450] [515, 289] 7 1
[370, 350, 330, 310, 290, 270, 250] [470, 470, 470, 470, 470, 470, 470] [515, 289] 7 1
[390, 370, 350, 330, 310, 290, 270] [470, 470, 470, 470, 470, 470, 470] [515, 289] 7 1
[410, 390, 370, 350, 330, 310, 290] [470, 470, 470, 470, 470, 470, 470] [515, 289] 7 1
[430, 410, 390, 370, 350, 330, 310] [470, 470, 470, 470, 470, 470, 470] [515, 289] 7 1
[450, 430, 410, 390, 370, 350, 330] [470, 470, 470, 470, 470, 470, 470] [515, 289] 7 1
[470, 450, 430, 410, 390, 370, 350] [470, 470, 470, 470, 470, 470, 470] [515, 289] 7 1
[490, 470, 450, 430, 410, 390, 370] [470, 470, 470, 470, 470, 470, 470] [515, 289] 7 1
[510, 490, 470, 450, 430, 410, 390] [470, 470, 470, 470, 470, 470, 470] [515, 289] 7 1
[510, 510, 490, 470, 450, 430, 410] [450, 470, 470, 470, 470, 470, 470] [515, 289] 7 2
[510, 510, 510, 490, 470, 450, 430] [430, 450, 470, 470, 470, 470, 470] [515, 289] 7 2
[510, 510, 510, 510, 490, 470, 450] [410, 430, 450, 470, 470, 470, 470] [515, 289] 7 2
[510, 510, 510, 510, 510, 490, 470] [390, 410, 430, 450, 470, 470, 470] [515, 289] 7 2
[510, 510, 510, 510, 510, 510, 490] [370, 390, 410, 430, 450, 470, 470] [515, 289] 7 2
[510, 510, 510, 510, 510, 510, 510] [350, 370, 390, 410, 430, 450, 470] [515, 289] 7 2
[510, 510, 510, 510, 510, 510, 510] [330, 350, 370, 390, 410, 430, 450] [515, 289] 7 2
[510, 510, 510, 510, 510, 510, 510] [310, 330, 350, 370, 390, 410, 430] [515, 289] 7 2
[510, 510, 510, 510, 510, 510, 510] [290, 310, 330, 350, 370, 390, 410] [515, 289] 7 2
[510, 510, 510, 510, 510, 510, 510, 510] [270, 290, 310, 330, 350, 370, 390, 410] [579, 261] 8 2
[510, 510, 510, 510, 510, 510, 510, 510] [250, 270, 290, 310, 330, 350, 370, 390] [579, 261] 8 2
[530, 510, 510, 510, 510, 510, 510, 510] [250, 250, 270, 290, 310, 330, 350, 370] [579, 261] 8 1
[550, 530, 510, 510, 510, 510, 510, 510] [250, 250, 250, 270, 290, 310, 330, 350] [579, 261] 8 1
[570, 550, 530, 510, 510, 510, 510, 510] [250, 250, 250, 250, 270, 290, 310, 330] [579, 261] 8 1
[570, 570, 550, 530, 510, 510, 510, 510, 510] [270, 250, 250, 250, 250, 270, 290, 310, 330] [249, 547] 9 0
[570, 570, 570, 550, 530, 510, 510, 510, 510] [290, 270, 250, 250, 250, 250, 270, 290, 310] [249, 547] 9 0
[570, 570, 570, 570, 550, 530, 510, 510, 510] [310, 290, 270, 250, 250, 250, 250, 270, 290] [249, 547] 9 0
[570, 570, 570, 570, 570, 550, 530, 510, 510] [330, 310, 290, 270, 250, 250, 250, 250, 270] [249, 547] 9 0
[570, 570, 570, 570, 570, 570, 550, 530, 510] [350, 330, 310, 290, 270, 250, 250, 250, 250] [249, 547] 9 0
[570, 570, 570, 570, 570, 570, 570, 550, 530] [370, 350, 330, 310, 290, 270, 250, 250, 250] [249, 547] 9 0
[570, 570, 570, 570, 570, 570, 570, 570, 550] [390, 370, 350, 330, 310, 290, 270, 250, 250] [249, 547] 9 0
[570, 570, 570, 570, 570, 570, 570, 570, 570] [410, 390, 370, 350, 330, 310, 290, 270, 250] [249, 547] 9 0
[570, 570, 570, 570, 570, 570, 570, 570, 570] [430, 410, 390, 370, 350, 330, 310, 290, 270] [249, 547] 9 0
[570, 570, 570, 570, 570, 570, 570, 570, 570] [450, 430, 410, 390, 370, 350, 330, 310, 290] [249, 547] 9 0
[570, 570, 570, 570, 570, 570, 570, 570, 570] [470, 450, 430, 410, 390, 370, 350, 330, 310] [249, 547] 9 0
[570, 570, 570, 570, 570, 570, 570, 570, 570] [490, 470, 450, 430, 410, 390, 370, 350, 330] [249, 547] 9 0
[570, 570, 570, 570, 570, 570, 570, 570, 570] [510, 490, 470, 450, 430, 410, 390, 370, 350] [249, 547] 9 0
[570, 570, 570, 570, 570, 570, 570, 570, 570] [530, 510, 490, 470, 450, 430, 410, 390, 370] [249, 547] 9 0
[570, 570, 570, 570, 570, 570, 570, 570, 570] [550, 530, 510, 490, 470, 450, 430, 410, 390] [249, 547] 9 0
[550, 570, 570, 570, 570, 570, 570, 570, 570] [550, 550, 530, 510, 490, 470, 450, 430, 410] [249, 547] 9 3
[530, 550, 570, 570, 570, 570, 570, 570, 570] [550, 550, 550, 530, 510, 490, 470, 450, 430] [249, 547] 9 3
[510, 530, 550, 570, 570, 570, 570, 570, 570] [550, 550, 550, 550, 530, 510, 490, 470, 450] [249, 547] 9 3
[490, 510, 530, 550, 570, 570, 570, 570, 570] [550, 550, 550, 550, 550, 530, 510, 490, 470] [249, 547] 9 3
[470, 490, 510, 530, 550, 570, 570, 570, 570] [550, 550, 550, 550, 550, 550, 530, 510, 490] [249, 547] 9 3
[450, 470, 490, 510, 530, 550, 570, 570, 570] [550, 550, 550, 550, 550, 550, 550, 530, 510] [249, 547] 9 3
[430, 450, 470, 490, 510, 530, 550, 570, 570] [550, 550, 550, 550, 550, 550, 550, 550, 530] [249, 547] 9 3
[410, 430, 450, 470, 490, 510, 530, 550, 570] [550, 550, 550, 550, 550, 550, 550, 550, 550] [249, 547] 9 3
[390, 410, 430, 450, 470, 490, 510, 530, 550] [550, 550, 550, 550, 550, 550, 550, 550, 550] [249, 547] 9 3
[370, 390, 410, 430, 450, 470, 490, 510, 530] [550, 550, 550, 550, 550, 550, 550, 550, 550] [249, 547] 9 3
[350, 370, 390, 410, 430, 450, 470, 490, 510] [550, 550, 550, 550, 550, 550, 550, 550, 550] [249, 547] 9 3
[330, 350, 370, 390, 410, 430, 450, 470, 490] [550, 550, 550, 550, 550, 550, 550, 550, 550] [249, 547] 9 3
[310, 330, 350, 370, 390, 410, 430, 450, 470] [550, 550, 550, 550, 550, 550, 550, 550, 550] [249, 547] 9 3
[290, 310, 330, 350, 370, 390, 410, 430, 450] [550, 550, 550, 550, 550, 550, 550, 550, 550] [249, 547] 9 3
[270, 290, 310, 330, 350, 370, 390, 410, 430] [550, 550, 550, 550, 550, 550, 550, 550, 550] [249, 547] 9 3
[250, 270, 290, 310, 330, 350, 370, 390, 410] [550, 550, 550, 550, 550, 550, 550, 550, 550] [249, 547] 9 3
[230, 250, 270, 290, 310, 330, 350, 370, 390, 410] [550, 550, 550, 550, 550, 550, 550, 550, 550, 550] [528, 358] 10 3
[230, 230, 250, 270, 290, 310, 330, 350, 370, 390] [530, 550, 550, 550, 550, 550, 550, 550, 550, 550] [528, 358] 10 2
[230, 230, 230, 250, 270, 290, 310, 330, 350, 370] [510, 530, 550, 550, 550, 550, 550, 550, 550, 550] [528, 358] 10 2
[230, 230, 230, 230, 250, 270, 290, 310, 330, 350] [490, 510, 530, 550, 550, 550, 550, 550, 550, 550] [528, 358] 10 2
[230, 230, 230, 230, 230, 250, 270, 290, 310, 330] [470, 490, 510, 530, 550, 550, 550, 550, 550, 550] [528, 358] 10 2
[230, 230, 230, 230, 230, 230, 250, 270, 290, 310] [450, 470, 490, 510, 530, 550, 550, 550, 550, 550] [528, 358] 10 2
[230, 230, 230, 230, 230, 230, 230, 250, 270, 290] [430, 450, 470, 490, 510, 530, 550, 550, 550, 550] [528, 358] 10 2
[230, 230, 230, 230, 230, 230, 230, 230, 250, 270] [410, 430, 450, 470, 490, 510, 530, 550, 550, 550] [528, 358] 10 2
[230, 230, 230, 230, 230, 230, 230, 230, 230, 250] [390, 410, 430, 450, 470, 490, 510, 530, 550, 550] [528, 358] 10 2
[230, 230, 230, 230, 230, 230, 230, 230, 230, 230] [370, 390, 410, 430, 450, 470, 490, 510, 530, 550] [528, 358] 10 2
[230, 230, 230, 230, 230, 230, 230, 230, 230, 230] [350, 370, 390, 410, 430, 450, 470, 490, 510, 530] [528, 358] 10 2
[230, 230, 230, 230, 230, 230, 230, 230, 230, 230] [330, 350, 370, 390, 410, 430, 450, 470, 490, 510] [528, 358] 10 2
[250, 230, 230, 230, 230, 230, 230, 230, 230, 230] [330, 330, 350, 370, 390, 410, 430, 450, 470, 490] [528, 358] 10 1
[270, 250, 230, 230, 230, 230, 230, 230, 230, 230] [330, 330, 330, 350, 370, 390, 410, 430, 450, 470] [528, 358] 10 1
[290, 270, 250, 230, 230, 230, 230, 230, 230, 230] [330, 330, 330, 330, 350, 370, 390, 410, 430, 450] [528, 358] 10 1
[310, 290, 270, 250, 230, 230, 230, 230, 230, 230] [330, 330, 330, 330, 330, 350, 370, 390, 410, 430] [528, 358] 10 1
[330, 310, 290, 270, 250, 230, 230, 230, 230, 230] [330, 330, 330, 330, 330, 330, 350, 370, 390, 410] [528, 358] 10 1
[350, 330, 310, 290, 270, 250, 230, 230, 230, 230] [330, 330, 330, 330, 330, 330, 330, 350, 370, 390] [528, 358] 10 1
[370, 350, 330, 310, 290, 270, 250, 230, 230, 230] [330, 330, 330, 330, 330, 330, 330, 330, 350, 370] [528, 358] 10 1
[390, 370, 350, 330, 310, 290, 270, 250, 230, 230] [330, 330, 330, 330, 330, 330, 330, 330, 330, 350] [528, 358] 10 1
[410, 390, 370, 350, 330, 310, 290, 270, 250, 230] [330, 330, 330, 330, 330, 330, 330, 330, 330, 330] [528, 358] 10 1
[430, 410, 390, 370, 350, 330, 310, 290, 270, 250] [330, 330, 330, 330, 330, 330, 330, 330, 330, 330] [528, 358] 10 1
[450, 430, 410, 390, 370, 350, 330, 310, 290, 270] [330, 330, 330, 330, 330, 330, 330, 330, 330, 330] [528, 358] 10 1
[470, 450, 430, 410, 390, 370, 350, 330, 310, 290] [330, 330, 330, 330, 330, 330, 330, 330, 330, 330] [528, 358] 10 1
[490, 470, 450, 430, 410, 390, 370, 350, 330, 310] [330, 330, 330, 330, 330, 330, 330, 330, 330, 330] [528, 358] 10 1
[510, 490, 470, 450, 430, 410, 390, 370, 350, 330] [330, 330, 330, 330, 330, 330, 330, 330, 330, 330] [528, 358] 10 1
[530, 510, 490, 470, 450, 430, 410, 390, 370, 350] [330, 330, 330, 330, 330, 330, 330, 330, 330, 330] [528, 358] 10 1
[530, 530, 510, 490, 470, 450, 430, 410, 390, 370] [350, 330, 330, 330, 330, 330, 330, 330, 330, 330] [528, 358] 10 0
[530, 530, 530, 510, 490, 470, 450, 430, 410, 390, 370] [370, 350, 330, 330, 330, 330, 330, 330, 330, 330, 330] [120, 41] 11 0
[510, 530, 530, 530, 510, 490, 470, 450, 430, 410, 390] [370, 370, 350, 330, 330, 330, 330, 330, 330, 330, 330] [120, 41] 11 3
[490, 510, 530, 530, 530, 510, 490, 470, 450, 430, 410] [370, 370, 370, 350, 330, 330, 330, 330, 330, 330, 330] [120, 41] 11 3
[470, 490, 510, 530, 530, 530, 510, 490, 470, 450, 430] [370, 370, 370, 370, 350, 330, 330, 330, 330, 330, 330] [120, 41] 11 3
[450, 470, 490, 510, 530, 530, 530, 510, 490, 470, 450] [370, 370, 370, 370, 370, 350, 330, 330, 330, 330, 330] [120, 41] 11 3
[430, 450, 470, 490, 510, 530, 530, 530, 510, 490, 470] [370, 370, 370, 370, 370, 370, 350, 330, 330, 330, 330] [120, 41] 11 3
[410, 430, 450, 470, 490, 510, 530, 530, 530, 510, 490] [370, 370, 370, 370, 370, 370, 370, 350, 330, 330, 330] [120, 41] 11 3
[390, 410, 430, 450, 470, 490, 510, 530, 530, 530, 510] [370, 370, 370, 370, 370, 370, 370, 370, 350, 330, 330] [120, 41] 11 3
[370, 390, 410, 430, 450, 470, 490, 510, 530, 530, 530] [370, 370, 370, 370, 370, 370, 370, 370, 370, 350, 330] [120, 41] 11 3
[350, 370, 390, 410, 430, 450, 470, 490, 510, 530, 530] [370, 370, 370, 370, 370, 370, 370, 370, 370, 370, 350] [120, 41] 11 3
[330, 350, 370, 390, 410, 430, 450, 470, 490, 510, 530] [370, 370, 370, 370, 370, 370, 370, 370, 370, 370, 370] [120, 41] 11 3
[310, 330, 350, 370, 390, 410, 430, 450, 470, 490, 510] [370, 370, 370, 370, 370, 370, 370, 370, 370, 370, 370] [120, 41] 11 3
[290, 310, 330, 350, 370, 390, 410, 430, 450, 470, 490] [370, 370, 370, 370, 370, 370, 370, 370, 370, 370, 370] [120, 41] 11 3
[270, 290, 310, 330, 350, 370, 390, 410, 430, 450, 470] [370, 370, 370, 370, 370, 370, 370, 370, 370, 370, 370] [120, 41] 11 3
[250, 270, 290, 310, 330, 350, 370, 390, 410, 430, 450] [370, 370, 370, 370, 370, 370, 370, 370, 370, 370, 370] [120, 41] 11 3
[230, 250, 270, 290, 310, 330, 350, 370, 390, 410, 430] [370, 370, 370, 370, 370, 370, 370, 370, 370, 370, 370] [120, 41] 11 3
[210, 230, 250, 270, 290, 310, 330, 350, 370, 390, 410] [370, 370, 370, 370, 370, 370, 370, 370, 370, 370, 370] [120, 41] 11 3
[190, 210, 230, 250, 270, 290, 310, 330, 350, 370, 390] [370, 370, 370, 370, 370, 370, 370, 370, 370, 370, 370] [120, 41] 11 3
[170, 190, 210, 230, 250, 270, 290, 310, 330, 350, 370] [370, 370, 370, 370, 370, 370, 370, 370, 370, 370, 370] [120, 41] 11 3
[150, 170, 190, 210, 230, 250, 270, 290, 310, 330, 350] [370, 370, 370, 370, 370, 370, 370, 370, 370, 370, 370] [120, 41] 11 3
[130, 150, 170, 190, 210, 230, 250, 270, 290, 310, 330] [370, 370, 370, 370, 370, 370, 370, 370, 370, 370, 370] [120, 41] 11 3
[110, 130, 150, 170, 190, 210, 230, 250, 270, 290, 310] [370, 370, 370, 370, 370, 370, 370, 370, 370, 370, 370] [120, 41] 11 3
[90, 110, 130, 150, 170, 190, 210, 230, 250, 270, 290] [370, 370, 370, 370, 370, 370, 370, 370, 370, 370, 370] [120, 41] 11 3
[90, 90, 110, 130, 150, 170, 190, 210, 230, 250, 270] [350, 370, 370, 370, 370, 370, 370, 370, 370, 370, 370] [120, 41] 11 2
[90, 90, 90, 110, 130, 150, 170, 190, 210, 230, 250] [330, 350, 370, 370, 370, 370, 370, 370, 370, 370, 370] [120, 41] 11 2
[90, 90, 90, 90, 110, 130, 150, 170, 190, 210, 230] [310, 330, 350, 370, 370, 370, 370, 370, 370, 370, 370] [120, 41] 11 2
[90, 90, 90, 90, 90, 110, 130, 150, 170, 190, 210] [290, 310, 330, 350, 370, 370, 370, 370, 370, 370, 370] [120, 41] 11 2
[90, 90, 90, 90, 90, 90, 110, 130, 150, 170, 190] [270, 290, 310, 330, 350, 370, 370, 370, 370, 370, 370] [120, 41] 11 2
[90, 90, 90, 90, 90, 90, 90, 110, 130, 150, 170] [250, 270, 290, 310, 330, 350, 370, 370, 370, 370, 370] [120, 41] 11 2
[90, 90, 90, 90, 90, 90, 90, 90, 110, 130, 150] [230, 250, 270, 290, 310, 330, 350, 370, 370, 370, 370] [120, 41] 11 2
[90, 90, 90, 90, 90, 90, 90, 90, 90, 110, 130] [210, 230, 250, 270, 290, 310, 330, 350, 370, 370, 370] [120, 41] 11 2
[90, 90, 90, 90, 90, 90, 90, 90, 90, 90, 110] [190, 210, 230, 250, 270, 290, 310, 330, 350, 370, 370] [120, 41] 11 2
[90, 90, 90, 90, 90, 90, 90, 90, 90, 90, 90] [170, 190, 210, 230, 250, 270, 290, 310, 330, 350, 370] [120, 41] 11 2
[90, 90, 90, 90, 90, 90, 90, 90, 90, 90, 90] [150, 170, 190, 210, 230, 250, 270, 290, 310, 330, 350] [120, 41] 11 2
[90, 90, 90, 90, 90, 90, 90, 90, 90, 90, 90] [130, 150, 170, 190, 210, 230, 250, 270, 290, 310, 330] [120, 41] 11 2
[90, 90, 90, 90, 90, 90, 90, 90, 90, 90, 90] [110, 130, 150, 170, 190, 210, 230, 250, 270, 290, 310] [120, 41] 11 2
[90, 90, 90, 90, 90, 90, 90, 90, 90, 90, 90] [90, 110, 130, 150, 170, 190, 210, 230, 250, 270, 290] [120, 41] 11 2
[90, 90, 90, 90, 90, 90, 90, 90, 90, 90, 90] [70, 90, 110, 130, 150, 170, 190, 210, 230, 250, 270] [120, 41] 11 2
[90, 90, 90, 90, 90, 90, 90, 90, 90, 90, 90] [50, 70, 90, 110, 130, 150, 170, 190, 210, 230, 250] [120, 41] 11 2
[110, 90, 90, 90, 90, 90, 90, 90, 90, 90, 90] [50, 50, 70, 90, 110, 130, 150, 170, 190, 210, 230] [120, 41] 11 1
[130, 110, 90, 90, 90, 90, 90, 90, 90, 90, 90, 90] [50, 50, 50, 70, 90, 110, 130, 150, 170, 190, 210, 230] [96, 438] 12 1
[130, 130, 110, 90, 90, 90, 90, 90, 90, 90, 90, 90] [70, 50, 50, 50, 70, 90, 110, 130, 150, 170, 190, 210] [96, 438] 12 0
[130, 130, 130, 110, 90, 90, 90, 90, 90, 90, 90, 90] [90, 70, 50, 50, 50, 70, 90, 110, 130, 150, 170, 190] [96, 438] 12 0
[130, 130, 130, 130, 110, 90, 90, 90, 90, 90, 90, 90] [110, 90, 70, 50, 50, 50, 70, 90, 110, 130, 150, 170] [96, 438] 12 0
[130, 130, 130, 130, 130, 110, 90, 90, 90, 90, 90, 90] [130, 110, 90, 70, 50, 50, 50, 70, 90, 110, 130, 150] [96, 438] 12 0
[130, 130, 130, 130, 130, 130, 110, 90, 90, 90, 90, 90] [150, 130, 110, 90, 70, 50, 50, 50, 70, 90, 110, 130] [96, 438] 12 0
[130, 130, 130, 130, 130, 130, 130, 110, 90, 90, 90, 90] [170, 150, 130, 110, 90, 70, 50, 50, 50, 70, 90, 110] [96, 438] 12 0
[130, 130, 130, 130, 130, 130, 130, 130, 110, 90, 90, 90] [190, 170, 150, 130, 110, 90, 70, 50, 50, 50, 70, 90] [96, 438] 12 0
[130, 130, 130, 130, 130, 130, 130, 130, 130, 110, 90, 90] [210, 190, 170, 150, 130, 110, 90, 70, 50, 50, 50, 70] [96, 438] 12 0
[130, 130, 130, 130, 130, 130, 130, 130, 130, 130, 110, 90] [230, 210, 190, 170, 150, 130, 110, 90, 70, 50, 50, 50] [96, 438] 12 0
[130, 130, 130, 130, 130, 130, 130, 130, 130, 130, 130, 110] [250, 230, 210, 190, 170, 150, 130, 110, 90, 70, 50, 50] [96, 438] 12 0
[130, 130, 130, 130, 130, 130, 130, 130, 130, 130, 130, 130] [270, 250, 230, 210, 190, 170, 150, 130, 110, 90, 70, 50] [96, 438] 12 0
[130, 130, 130, 130, 130, 130, 130, 130, 130, 130, 130, 130] [290, 270, 250, 230, 210, 190, 170, 150, 130, 110, 90, 70] [96, 438] 12 0
[130, 130, 130, 130, 130, 130, 130, 130, 130, 130, 130, 130] [310, 290, 270, 250, 230, 210, 190, 170, 150, 130, 110, 90] [96, 438] 12 0
[130, 130, 130, 130, 130, 130, 130, 130, 130, 130, 130, 130] [330, 310, 290, 270, 250, 230, 210, 190, 170, 150, 130, 110] [96, 438] 12 0
[130, 130, 130, 130, 130, 130, 130, 130, 130, 130, 130, 130] [350, 330, 310, 290, 270, 250, 230, 210, 190, 170, 150, 130] [96, 438] 12 0
[130, 130, 130, 130, 130, 130, 130, 130, 130, 130, 130, 130] [370, 350, 330, 310, 290, 270, 250, 230, 210, 190, 170, 150] [96, 438] 12 0
[130, 130, 130, 130, 130, 130, 130, 130, 130, 130, 130, 130] [390, 370, 350, 330, 310, 290, 270, 250, 230, 210, 190, 170] [96, 438] 12 0
[130, 130, 130, 130, 130, 130, 130, 130, 130, 130, 130, 130] [410, 390, 370, 350, 330, 310, 290, 270, 250, 230, 210, 190] [96, 438] 12 0
[130, 130, 130, 130, 130, 130, 130, 130, 130, 130, 130, 130] [430, 410, 390, 370, 350, 330, 310, 290, 270, 250, 230, 210] [96, 438] 12 0
[110, 130, 130, 130, 130, 130, 130, 130, 130, 130, 130, 130] [430, 430, 410, 390, 370, 350, 330, 310, 290, 270, 250, 230] [96, 438] 12 3
[90, 110, 130, 130, 130, 130, 130, 130, 130, 130, 130, 130] [430, 430, 430, 410, 390, 370, 350, 330, 310, 290, 270, 250] [96, 438] 12 3
[70, 90, 110, 130, 130, 130, 130, 130, 130, 130, 130, 130, 130] [430, 430, 430, 430, 410, 390, 370, 350, 330, 310, 290, 270, 250] [449, 485] 13 3
[70, 70, 90, 110, 130, 130, 130, 130, 130, 130, 130, 130, 130] [450, 430, 430, 430, 430, 410, 390, 370, 350, 330, 310, 290, 270] [449, 485] 13 0
[70, 70, 70, 90, 110, 130, 130, 130, 130, 130, 130, 130, 130] [470, 450, 430, 430, 430, 430, 410, 390, 370, 350, 330, 310, 290] [449, 485] 13 0
[70, 70, 70, 70, 90, 110, 130, 130, 130, 130, 130, 130, 130] [490, 470, 450, 430, 430, 430, 430, 410, 390, 370, 350, 330, 310] [449, 485] 13 0
[90, 70, 70, 70, 70, 90, 110, 130, 130, 130, 130, 130, 130] [490, 490, 470, 450, 430, 430, 430, 430, 410, 390, 370, 350, 330] [449, 485] 13 1
[110, 90, 70, 70, 70, 70, 90, 110, 130, 130, 130, 130, 130] [490, 490, 490, 470, 450, 430, 430, 430, 430, 410, 390, 370, 350] [449, 485] 13 1
[130, 110, 90, 70, 70, 70, 70, 90, 110, 130, 130, 130, 130] [490, 490, 490, 490, 470, 450, 430, 430, 430, 430, 410, 390, 370] [449, 485] 13 1
[150, 130, 110, 90, 70, 70, 70, 70, 90, 110, 130, 130, 130] [490, 490, 490, 490, 490, 470, 450, 430, 430, 430, 430, 410, 390] [449, 485] 13 1
[170, 150, 130, 110, 90, 70, 70, 70, 70, 90, 110, 130, 130] [490, 490, 490, 490, 490, 490, 470, 450, 430, 430, 430, 430, 410] [449, 485] 13 1
[190, 170, 150, 130, 110, 90, 70, 70, 70, 70, 90, 110, 130] [490, 490, 490, 490, 490, 490, 490, 470, 450, 430, 430, 430, 430] [449, 485] 13 1
[210, 190, 170, 150, 130, 110, 90, 70, 70, 70, 70, 90, 110] [490, 490, 490, 490, 490, 490, 490, 490, 470, 450, 430, 430, 430] [449, 485] 13 1
[230, 210, 190, 170, 150, 130, 110, 90, 70, 70, 70, 70, 90] [490, 490, 490, 490, 490, 490, 490, 490, 490, 470, 450, 430, 430] [449, 485] 13 1
[250, 230, 210, 190, 170, 150, 130, 110, 90, 70, 70, 70, 70] [490, 490, 490, 490, 490, 490, 490, 490, 490, 490, 470, 450, 430] [449, 485] 13 1
[270, 250, 230, 210, 190, 170, 150, 130, 110, 90, 70, 70, 70] [490, 490, 490, 490, 490, 490, 490, 490, 490, 490, 490, 470, 450] [449, 485] 13 1
[290, 270, 250, 230, 210, 190, 170, 150, 130, 110, 90, 70, 70] [490, 490, 490, 490, 490, 490, 490, 490, 490, 490, 490, 490, 470] [449, 485] 13 1
[310, 290, 270, 250, 230, 210, 190, 170, 150, 130, 110, 90, 70] [490, 490, 490, 490, 490, 490, 490, 490, 490, 490, 490, 490, 490] [449, 485] 13 1
[330, 310, 290, 270, 250, 230, 210, 190, 170, 150, 130, 110, 90] [490, 490, 490, 490, 490, 490, 490, 490, 490, 490, 490, 490, 490] [449, 485] 13 1
[350, 330, 310, 290, 270, 250, 230, 210, 190, 170, 150, 130, 110] [490, 490, 490, 490, 490, 490, 490, 490, 490, 490, 490, 490, 490] [449, 485] 13 1
[370, 350, 330, 310, 290, 270, 250, 230, 210, 190, 170, 150, 130] [490, 490, 490, 490, 490, 490, 490, 490, 490, 490, 490, 490, 490] [449, 485] 13 1
[390, 370, 350, 330, 310, 290, 270, 250, 230, 210, 190, 170, 150] [490, 490, 490, 490, 490, 490, 490, 490, 490, 490, 490, 490, 490] [449, 485] 13 1
[410, 390, 370, 350, 330, 310, 290, 270, 250, 230, 210, 190, 170] [490, 490, 490, 490, 490, 490, 490, 490, 490, 490, 490, 490, 490] [449, 485] 13 1
[430, 410, 390, 370, 350, 330, 310, 290, 270, 250, 230, 210, 190] [490, 490, 490, 490, 490, 490, 490, 490, 490, 490, 490, 490, 490] [449, 485] 13 1
[450, 430, 410, 390, 370, 350, 330, 310, 290, 270, 250, 230, 210, 190] [490, 490, 490, 490, 490, 490, 490, 490, 490, 490, 490, 490, 490, 490] [471, 272] 14 1
[450, 450, 430, 410, 390, 370, 350, 330, 310, 290, 270, 250, 230, 210] [470, 490, 490, 490, 490, 490, 490, 490, 490, 490, 490, 490, 490, 490] [471, 272] 14 2
[450, 450, 450, 430, 410, 390, 370, 350, 330, 310, 290, 270, 250, 230] [450, 470, 490, 490, 490, 490, 490, 490, 490, 490, 490, 490, 490, 490] [471, 272] 14 2
[470, 450, 450, 450, 430, 410, 390, 370, 350, 330, 310, 290, 270, 250] [450, 450, 470, 490, 490, 490, 490, 490, 490, 490, 490, 490, 490, 490] [471, 272] 14 1
[470, 470, 450, 450, 450, 430, 410, 390, 370, 350, 330, 310, 290, 270] [430, 450, 450, 470, 490, 490, 490, 490, 490, 490, 490, 490, 490, 490] [471, 272] 14 2
[470, 470, 470, 450, 450, 450, 430, 410, 390, 370, 350, 330, 310, 290] [410, 430, 450, 450, 470, 490, 490, 490, 490, 490, 490, 490, 490, 490] [471, 272] 14 2
[470, 470, 470, 470, 450, 450, 450, 430, 410, 390, 370, 350, 330, 310] [390, 410, 430, 450, 450, 470, 490, 490, 490, 490, 490, 490, 490, 490] [471, 272] 14 2
[470, 470, 470, 470, 470, 450, 450, 450, 430, 410, 390, 370, 350, 330] [370, 390, 410, 430, 450, 450, 470, 490, 490, 490, 490, 490, 490, 490] [471, 272] 14 2
[470, 470, 470, 470, 470, 470, 450, 450, 450, 430, 410, 390, 370, 350] [350, 370, 390, 410, 430, 450, 450, 470, 490, 490, 490, 490, 490, 490] [471, 272] 14 2
[470, 470, 470, 470, 470, 470, 470, 450, 450, 450, 430, 410, 390, 370] [330, 350, 370, 390, 410, 430, 450, 450, 470, 490, 490, 490, 490, 490] [471, 272] 14 2
[470, 470, 470, 470, 470, 470, 470, 470, 450, 450, 450, 430, 410, 390] [310, 330, 350, 370, 390, 410, 430, 450, 450, 470, 490, 490, 490, 490] [471, 272] 14 2
[470, 470, 470, 470, 470, 470, 470, 470, 470, 450, 450, 450, 430, 410] [290, 310, 330, 350, 370, 390, 410, 430, 450, 450, 470, 490, 490, 490] [471, 272] 14 2
[470, 470, 470, 470, 470, 470, 470, 470, 470, 470, 450, 450, 450, 430] [270, 290, 310, 330, 350, 370, 390, 410, 430, 450, 450, 470, 490, 490] [471, 272] 14 2
[470, 470, 470, 470, 470, 470, 470, 470, 470, 470, 470, 450, 450, 450, 430] [250, 270, 290, 310, 330, 350, 370, 390, 410, 430, 450, 450, 470, 490, 490] [196, 165] 15 2
[470, 470, 470, 470, 470, 470, 470, 470, 470, 470, 470, 470, 450, 450, 450] [230, 250, 270, 290, 310, 330, 350, 370, 390, 410, 430, 450, 450, 470, 490] [196, 165] 15 2
[470, 470, 470, 470, 470, 470, 470, 470, 470, 470, 470, 470, 470, 450, 450] [210, 230, 250, 270, 290, 310, 330, 350, 370, 390, 410, 430, 450, 450, 470] [196, 165] 15 2
[470, 470, 470, 470, 470, 470, 470, 470, 470, 470, 470, 470, 470, 470, 450] [190, 210, 230, 250, 270, 290, 310, 330, 350, 370, 390, 410, 430, 450, 450] [196, 165] 15 2
[470, 470, 470, 470, 470, 470, 470, 470, 470, 470, 470, 470, 470, 470, 470] [170, 190, 210, 230, 250, 270, 290, 310, 330, 350, 370, 390, 410, 430, 450] [196, 165] 15 2
[450, 470, 470, 470, 470, 470, 470, 470, 470, 470, 470, 470, 470, 470, 470] [170, 170, 190, 210, 230, 250, 270, 290, 310, 330, 350, 370, 390, 410, 430] [196, 165] 15 3
[430, 450, 470, 470, 470, 470, 470, 470, 470, 470, 470, 470, 470, 470, 470] [170, 170, 170, 190, 210, 230, 250, 270, 290, 310, 330, 350, 370, 390, 410] [196, 165] 15 3
[410, 430, 450, 470, 470, 470, 470, 470, 470, 470, 470, 470, 470, 470, 470] [170, 170, 170, 170, 190, 210, 230, 250, 270, 290, 310, 330, 350, 370, 390] [196, 165] 15 3
[390, 410, 430, 450, 470, 470, 470, 470, 470, 470, 470, 470, 470, 470, 470] [170, 170, 170, 170, 170, 190, 210, 230, 250, 270, 290, 310, 330, 350, 370] [196, 165] 15 3
[370, 390, 410, 430, 450, 470, 470, 470, 470, 470, 470, 470, 470, 470, 470] [170, 170, 170, 170, 170, 170, 190, 210, 230, 250, 270, 290, 310, 330, 350] [196, 165] 15 3
[350, 370, 390, 410, 430, 450, 470, 470, 470, 470, 470, 470, 470, 470, 470] [170, 170, 170, 170, 170, 170, 170, 190, 210, 230, 250, 270, 290, 310, 330] [196, 165] 15 3
[330, 350, 370, 390, 410, 430, 450, 470, 470, 470, 470, 470, 470, 470, 470] [170, 170, 170, 170, 170, 170, 170, 170, 190, 210, 230, 250, 270, 290, 310] [196, 165] 15 3
[310, 330, 350, 370, 390, 410, 430, 450, 470, 470, 470, 470, 470, 470, 470] [170, 170, 170, 170, 170, 170, 170, 170, 170, 190, 210, 230, 250, 270, 290] [196, 165] 15 3
[290, 310, 330, 350, 370, 390, 410, 430, 450, 470, 470, 470, 470, 470, 470] [170, 170, 170, 170, 170, 170, 170, 170, 170, 170, 190, 210, 230, 250, 270] [196, 165] 15 3
[270, 290, 310, 330, 350, 370, 390, 410, 430, 450, 470, 470, 470, 470, 470] [170, 170, 170, 170, 170, 170, 170, 170, 170, 170, 170, 190, 210, 230, 250] [196, 165] 15 3
[250, 270, 290, 310, 330, 350, 370, 390, 410, 430, 450, 470, 470, 470, 470] [170, 170, 170, 170, 170, 170, 170, 170, 170, 170, 170, 170, 190, 210, 230] [196, 165] 15 3
[230, 250, 270, 290, 310, 330, 350, 370, 390, 410, 430, 450, 470, 470, 470] [170, 170, 170, 170, 170, 170, 170, 170, 170, 170, 170, 170, 170, 190, 210] [196, 165] 15 3
[210, 230, 250, 270, 290, 310, 330, 350, 370, 390, 410, 430, 450, 470, 470] [170, 170, 170, 170, 170, 170, 170, 170, 170, 170, 170, 170, 170, 170, 190] [196, 165] 15 3
[190, 210, 230, 250, 270, 290, 310, 330, 350, 370, 390, 410, 430, 450, 470] [170, 170, 170, 170, 170, 170, 170, 170, 170, 170, 170, 170, 170, 170, 170] [196, 165] 15 3
[170, 190, 210, 230, 250, 270, 290, 310, 330, 350, 370, 390, 410, 430, 450, 470] [170, 170, 170, 170, 170, 170, 170, 170, 170, 170, 170, 170, 170, 170, 170, 170] [283, 220] 16 3
[170, 170, 190, 210, 230, 250, 270, 290, 310, 330, 350, 370, 390, 410, 430, 450] [190, 170, 170, 170, 170, 170, 170, 170, 170, 170, 170, 170, 170, 170, 170, 170] [283, 220] 16 0
[170, 170, 170, 190, 210, 230, 250, 270, 290, 310, 330, 350, 370, 390, 410, 430] [210, 190, 170, 170, 170, 170, 170, 170, 170, 170, 170, 170, 170, 170, 170, 170] [283, 220] 16 0
[190, 170, 170, 170, 190, 210, 230, 250, 270, 290, 310, 330, 350, 370, 390, 410] [210, 210, 190, 170, 170, 170, 170, 170, 170, 170, 170, 170, 170, 170, 170, 170] [283, 220] 16 1
[210, 190, 170, 170, 170, 190, 210, 230, 250, 270, 290, 310, 330, 350, 370, 390] [210, 210, 210, 190, 170, 170, 170, 170, 170, 170, 170, 170, 170, 170, 170, 170] [283, 220] 16 1
[230, 210, 190, 170, 170, 170, 190, 210, 230, 250, 270, 290, 310, 330, 350, 370] [210, 210, 210, 210, 190, 170, 170, 170, 170, 170, 170, 170, 170, 170, 170, 170] [283, 220] 16 1
[250, 230, 210, 190, 170, 170, 170, 190, 210, 230, 250, 270, 290, 310, 330, 350] [210, 210, 210, 210, 210, 190, 170, 170, 170, 170, 170, 170, 170, 170, 170, 170] [283, 220] 16 1
[270, 250, 230, 210, 190, 170, 170, 170, 190, 210, 230, 250, 270, 290, 310, 330] [210, 210, 210, 210, 210, 210, 190, 170, 170, 170, 170, 170, 170, 170, 170, 170] [283, 220] 16 1
