[290, 290, 290, 290, 290] [290, 270, 250, 230, 210] [443, 382] 5 0
[290, 290, 290, 290, 290] [310, 290, 270, 250, 230] [443, 382] 5 0
[290, 290, 290, 290, 290] [330, 310, 290, 270, 250] [443, 382] 5 0
[290, 290, 290, 290, 290] [350, 330, 310, 290, 270] [443, 382] 5 0
[290, 290, 290, 290, 290] [370, 350, 330, 310, 290] [443, 382] 5 0
[310, 290, 290, 290, 290] [370, 370, 350, 330, 310] [443, 382] 5 1
[330, 310, 290, 290, 290] [370, 370, 370, 350, 330] [443, 382] 5 1
[350, 330, 310, 290, 290] [370, 370, 370, 370, 350] [443, 382] 5 1
[370, 350, 330, 310, 290] [370, 370, 370, 370, 370] [443, 382] 5 1
[390, 370, 350, 330, 310] [370, 370, 370, 370, 370] [443, 382] 5 1
[410, 390, 370, 350, 330] [370, 370, 370, 370, 370] [443, 382] 5 1
[430, 410, 390, 370, 350] [370, 370, 370, 370, 370] [443, 382] 5 1
[450, 430, 410, 390, 370, 350] [370, 370, 370, 370, 370, 370] [88, 237] 6 1
[450, 450, 430, 410, 390, 370] [350, 370, 370, 370, 370, 370] [88, 237] 6 2
[450, 450, 450, 430, 410, 390] [330, 350, 370, 370, 370, 370] [88, 237] 6 2
[450, 450, 450, 450, 430, 410] [310, 330, 350, 370, 370, 370] [88, 237] 6 2
[450, 450, 450, 450, 450, 430] [290, 310, 330, 350, 370, 370] [88, 237] 6 2
[450, 450, 450, 450, 450, 450] [270, 290, 310, 330, 350, 370] [88, 237] 6 2
[450, 450, 450, 450, 450, 450] [250, 270, 290, 310, 330, 350] [88, 237] 6 2
[450, 450, 450, 450, 450, 450] [230, 250, 270, 290, 310, 330] [88, 237] 6 2
[430, 450, 450, 450, 450, 450] [230, 230, 250, 270, 290, 310] [88, 237] 6 3
[410, 430, 450, 450, 450, 450] [230, 230, 230, 250, 270, 290] [88, 237] 6 3
[390, 410, 430, 450, 450, 450] [230, 230, 230, 230, 250, 270] [88, 237] 6 3
[370, 390, 410, 430, 450, 450] [230, 230, 230, 230, 230, 250] [88, 237] 6 3
[350, 370, 390, 410, 430, 450] [230, 230, 230, 230, 230, 230] [88, 237] 6 3
[330, 350, 370, 390, 410, 430] [230, 230, 230, 230, 230, 230] [88, 237] 6 3
[310, 330, 350, 370, 390, 410] [230, 230, 230, 230, 230, 230] [88, 237] 6 3
[290, 310, 330, 350, 370, 390] [230, 230, 230, 230, 230, 230] [88, 237] 6 3
[270, 290, 310, 330, 350, 370] [230, 230, 230, 230, 230, 230] [88, 237] 6 3
[250, 270, 290, 310, 330, 350] [230, 230, 230, 230, 230, 230] [88, 237] 6 3
[230, 250, 270, 290, 310, 330] [230, 230, 230, 230, 230, 230] [88, 237] 6 3
[210, 230, 250, 270, 290, 310] [230, 230, 230, 230, 230, 230] [88, 237] 6 3
[190, 210, 230, 250, 270, 290] [230, 230, 230, 230, 230, 230] [88, 237] 6 3
[170, 190, 210, 230, 250, 270] [230, 230, 230, 230, 230, 230] [88, 237] 6 3
[150, 170, 190, 210, 230, 250] [230, 230, 230, 230, 230, 230] [88, 237] 6 3
[130, 150, 170, 190, 210, 230] [230, 230, 230, 230, 230, 230] [88, 237] 6 3
[110, 130, 150, 170, 190, 210] [230, 230, 230, 230, 230, 230] [88, 237] 6 3
[90, 110, 130, 150, 170, 190] [230, 230, 230, 230, 230, 230] [88, 237] 6 3
[70, 90, 110, 130, 150, 170, 190] [230, 230, 230, 230, 230, 230, 230] [455, 498] 7 3
[70, 70, 90, 110, 130, 150, 170] [250, 230, 230, 230, 230, 230, 230] [455, 498] 7 0
[70, 70, 70, 90, 110, 130, 150] [270, 250, 230, 230, 230, 230, 230] [455, 498] 7 0
[70, 70, 70, 70, 90, 110, 130] [290, 270, 250, 230, 230, 230, 230] [455, 498] 7 0
[70, 70, 70, 70, 70, 90, 110] [310, 290, 270, 250, 230, 230, 230] [455, 498] 7 0
[70, 70, 70, 70, 70, 70, 90] [330, 310, 290, 270, 250, 230, 230] [455, 498] 7 0
[70, 70, 70, 70, 70, 70, 70] [350, 330, 310, 290, 270, 250, 230] [455, 498] 7 0
[70, 70, 70, 70, 70, 70, 70] [370, 350, 330, 310, 290, 270, 250] [455, 498] 7 0
[70, 70, 70, 70, 70, 70, 70] [390, 370, 350, 330, 310, 290, 270] [455, 498] 7 0
[70, 70, 70, 70, 70, 70, 70] [410, 390, 370, 350, 330, 310, 290] [455, 498] 7 0
[70, 70, 70, 70, 70, 70, 70] [430, 410, 390, 370, 350, 330, 310] [455, 498] 7 0
[70, 70, 70, 70, 70, 70, 70] [450, 430, 410, 390, 370, 350, 330] [455, 498] 7 0
[70, 70, 70, 70, 70, 70, 70] [470, 450, 430, 410, 390, 370, 350] [455, 498] 7 0
[70, 70, 70, 70, 70, 70, 70] [490, 470, 450, 430, 410, 390, 370] [455, 498] 7 0
[90, 70, 70, 70, 70, 70, 70] [490, 490, 470, 450, 430, 410, 390] [455, 498] 7 1
[110, 90, 70, 70, 70, 70, 70] [490, 490, 490, 470, 450, 430, 410] [455, 498] 7 1
[130, 110, 90, 70, 70, 70, 70] [490, 490, 490, 490, 470, 450, 430] [455, 498] 7 1
[150, 130, 110, 90, 70, 70, 70] [490, 490, 490, 490, 490, 470, 450] [455, 498] 7 1
[170, 150, 130, 110, 90, 70, 70] [490, 490, 490, 490, 490, 490, 470] [455, 498] 7 1
[190, 170, 150, 130, 110, 90, 70] [490, 490, 490, 490, 490, 490, 490] [455, 498] 7 1
[210, 190, 170, 150, 130, 110, 90] [490, 490, 490, 490, 490, 490, 490] [455, 498] 7 1
[230, 210, 190, 170, 150, 130, 110] [490, 490, 490, 490, 490, 490, 490] [455, 498] 7 1
[250, 230, 210, 190, 170, 150, 130] [490, 490, 490, 490, 490, 490, 490] [455, 498] 7 1
[270, 250, 230, 210, 190, 170, 150] [490, 490, 490, 490, 490, 490, 490] [455, 498] 7 1
[290, 270, 250, 230, 210, 190, 170] [490, 490, 490, 490, 490, 490, 490] [455, 498] 7 1
[310, 290, 270, 250, 230, 210, 190] [490, 490, 490, 490, 490, 490, 490] [455, 498] 7 1
[330, 310, 290, 270, 250, 230, 210] [490, 490, 490, 490, 490, 490, 490] [455, 498] 7 1
[350, 330, 310, 290, 270, 250, 230] [490, 490, 490, 490, 490, 490, 490] [455, 498] 7 1
[370, 350, 330, 310, 290, 270, 250] [490, 490, 490, 490, 490, 490, 490] [455, 498] 7 1
[390, 370, 350, 330, 310, 290, 270] [490, 490, 490, 490, 490, 490, 490] [455, 498] 7 1
[410, 390, 370, 350, 330, 310, 290] [490, 490, 490, 490, 490, 490, 490] [455, 498] 7 1
[430, 410, 390, 370, 350, 330, 310] [490, 490, 490, 490, 490, 490, 490] [455, 498] 7 1
[450, 430, 410, 390, 370, 350, 330] [490, 490, 490, 490, 490, 490, 490] [455, 498] 7 1
[450, 450, 430, 410, 390, 370, 350, 330] [470, 490, 490, 490, 490, 490, 490, 490] [321, 422] 8 2
[450, 450, 450, 430, 410, 390, 370, 350] [450, 470, 490, 490, 490, 490, 490, 490] [321, 422] 8 2
[450, 450, 450, 450, 430, 410, 390, 370] [430, 450, 470, 490, 490, 490, 490, 490] [321, 422] 8 2
[450, 450, 450, 450, 450, 430, 410, 390] [410, 430, 450, 470, 490, 490, 490, 490] [321, 422] 8 2
[430, 450, 450, 450, 450, 450, 430, 410] [410, 410, 430, 450, 470, 490, 490, 490] [321, 422] 8 3
[410, 430, 450, 450, 450, 450, 450, 430] [410, 410, 410, 430, 450, 470, 490, 490] [321, 422] 8 3
[390, 410, 430, 450, 450, 450, 450, 450] [410, 410, 410, 410, 430, 450, 470, 490] [321, 422] 8 3
[370, 390, 410, 430, 450, 450, 450, 450] [410, 410, 410, 410, 410, 430, 450, 470] [321, 422] 8 3
[350, 370, 390, 410, 430, 450, 450, 450] [410, 410, 410, 410, 410, 410, 430, 450] [321, 422] 8 3
[330, 350, 370, 390, 410, 430, 450, 450] [410, 410, 410, 410, 410, 410, 410, 430] [321, 422] 8 3
[310, 330, 350, 370, 390, 410, 430, 450, 450] [410, 410, 410, 410, 410, 410, 410, 410, 430] [65, 271] 9 3
[290, 310, 330, 350, 370, 390, 410, 430, 450] [410, 410, 410, 410, 410, 410, 410, 410, 410] [65, 271] 9 3
[270, 290, 310, 330, 350, 370, 390, 410, 430] [410, 410, 410, 410, 410, 410, 410, 410, 410] [65, 271] 9 3
[250, 270, 290, 310, 330, 350, 370, 390, 410] [410, 410, 410, 410, 410, 410, 410, 410, 410] [65, 271] 9 3
[230, 250, 270, 290, 310, 330, 350, 370, 390] [410, 410, 410, 410, 410, 410, 410, 410, 410] [65, 271] 9 3
[210, 230, 250, 270, 290, 310, 330, 350, 370] [410, 410, 410, 410, 410, 410, 410, 410, 410] [65, 271] 9 3
[190, 210, 230, 250, 270, 290, 310, 330, 350] [410, 410, 410, 410, 410, 410, 410, 410, 410] [65, 271] 9 3
[170, 190, 210, 230, 250, 270, 290, 310, 330] [410, 410, 410, 410, 410, 410, 410, 410, 410] [65, 271] 9 3
[150, 170, 190, 210, 230, 250, 270, 290, 310] [410, 410, 410, 410, 410, 410, 410, 410, 410] [65, 271] 9 3
[130, 150, 170, 190, 210, 230, 250, 270, 290] [410, 410, 410, 410, 410, 410, 410, 410, 410] [65, 271] 9 3
[110, 130, 150, 170, 190, 210, 230, 250, 270] [410, 410, 410, 410, 410, 410, 410, 410, 410] [65, 271] 9 3
[90, 110, 130, 150, 170, 190, 210, 230, 250] [410, 410, 410, 410, 410, 410, 410, 410, 410] [65, 271] 9 3
[70, 90, 110, 130, 150, 170, 190, 210, 230] [410, 410, 410, 410, 410, 410, 410, 410, 410] [65, 271] 9 3
[50, 70, 90, 110, 130, 150, 170, 190, 210] [410, 410, 410, 410, 410, 410, 410, 410, 410] [65, 271] 9 3
[50, 50, 70, 90, 110, 130, 150, 170, 190] [390, 410, 410, 410, 410, 410, 410, 410, 410] [65, 271] 9 2
[50, 50, 50, 70, 90, 110, 130, 150, 170] [370, 390, 410, 410, 410, 410, 410, 410, 410] [65, 271] 9 2
[50, 50, 50, 50, 70, 90, 110, 130, 150] [350, 370, 390, 410, 410, 410, 410, 410, 410] [65, 271] 9 2
[50, 50, 50, 50, 50, 70, 90, 110, 130] [330, 350, 370, 390, 410, 410, 410, 410, 410] [65, 271] 9 2
[50, 50, 50, 50, 50, 50, 70, 90, 110] [310, 330, 350, 370, 390, 410, 410, 410, 410] [65, 271] 9 2
[50, 50, 50, 50, 50, 50, 50, 70, 90] [290, 310, 330, 350, 370, 390, 410, 410, 410] [65, 271] 9 2
[50, 50, 50, 50, 50, 50, 50, 50, 70] [270, 290, 310, 330, 350, 370, 390, 410, 410] [65, 271] 9 2
[50, 50, 50, 50, 50, 50, 50, 50, 50, 70] [250, 270, 290, 310, 330, 350, 370, 390, 410, 410] [350, 418] 10 2
[70, 50, 50, 50, 50, 50, 50, 50, 50, 50] [250, 250, 270, 290, 310, 330, 350, 370, 390, 410] [350, 418] 10 1
[90, 70, 50, 50, 50, 50, 50, 50, 50, 50] [250, 250, 250, 270, 290, 310, 330, 350, 370, 390] [350, 418] 10 1
[110, 90, 70, 50, 50, 50, 50, 50, 50, 50] [250, 250, 250, 250, 270, 290, 310, 330, 350, 370] [350, 418] 10 1
[130, 110, 90, 70, 50, 50, 50, 50, 50, 50] [250, 250, 250, 250, 250, 270, 290, 310, 330, 350] [350, 418] 10 1
[150, 130, 110, 90, 70, 50, 50, 50, 50, 50] [250, 250, 250, 250, 250, 250, 270, 290, 310, 330] [350, 418] 10 1
[170, 150, 130, 110, 90, 70, 50, 50, 50, 50] [250, 250, 250, 250, 250, 250, 250, 270, 290, 310] [350, 418] 10 1
[190, 170, 150, 130, 110, 90, 70, 50, 50, 50] [250, 250, 250, 250, 250, 250, 250, 250, 270, 290] [350, 418] 10 1
[210, 190, 170, 150, 130, 110, 90, 70, 50, 50] [250, 250, 250, 250, 250, 250, 250, 250, 250, 270] [350, 418] 10 1
[230, 210, 190, 170, 150, 130, 110, 90, 70, 50] [250, 250, 250, 250, 250, 250, 250, 250, 250, 250] [350, 418] 10 1
[250, 230, 210, 190, 170, 150, 130, 110, 90, 70] [250, 250, 250, 250, 250, 250, 250, 250, 250, 250] [350, 418] 10 1
[270, 250, 230, 210, 190, 170, 150, 130, 110, 90] [250, 250, 250, 250, 250, 250, 250, 250, 250, 250] [350, 418] 10 1
[290, 270, 250, 230, 210, 190, 170, 150, 130, 110] [250, 250, 250, 250, 250, 250, 250, 250, 250, 250] [350, 418] 10 1
[310, 290, 270, 250, 230, 210, 190, 170, 150, 130] [250, 250, 250, 250, 250, 250, 250, 250, 250, 250] [350, 418] 10 1
[330, 310, 290, 270, 250, 230, 210, 190, 170, 150] [250, 250, 250, 250, 250, 250, 250, 250, 250, 250] [350, 418] 10 1
[350, 330, 310, 290, 270, 250, 230, 210, 190, 170] [250, 250, 250, 250, 250, 250, 250, 250, 250, 250] [350, 418] 10 1
[350, 350, 330, 310, 290, 270, 250, 230, 210, 190] [270, 250, 250, 250, 250, 250, 250, 250, 250, 250] [350, 418] 10 0
[350, 350, 350, 330, 310, 290, 270, 250, 230, 210] [290, 270, 250, 250, 250, 250, 250, 250, 250, 250] [350, 418] 10 0
[350, 350, 350, 350, 330, 310, 290, 270, 250, 230] [310, 290, 270, 250, 250, 250, 250, 250, 250, 250] [350, 418] 10 0
[350, 350, 350, 350, 350, 330, 310, 290, 270, 250] [330, 310, 290, 270, 250, 250, 250, 250, 250, 250] [350, 418] 10 0
[350, 350, 350, 350, 350, 350, 330, 310, 290, 270] [350, 330, 310, 290, 270, 250, 250, 250, 250, 250] [350, 418] 10 0
[350, 350, 350, 350, 350, 350, 350, 330, 310, 290] [370, 350, 330, 310, 290, 270, 250, 250, 250, 250] [350, 418] 10 0
[350, 350, 350, 350, 350, 350, 350, 350, 330, 310] [390, 370, 350, 330, 310, 290, 270, 250, 250, 250] [350, 418] 10 0
[350, 350, 350, 350, 350, 350, 350, 350, 350, 330] [410, 390, 370, 350, 330, 310, 290, 270, 250, 250] [350, 418] 10 0
[350, 350, 350, 350, 350, 350, 350, 350, 350, 350, 330] [430, 410, 390, 370, 350, 330, 310, 290, 270, 250, 250] [203, 545] 11 0
[350, 350, 350, 350, 350, 350, 350, 350, 350, 350, 350] [450, 430, 410, 390, 370, 350, 330, 310, 290, 270, 250] [203, 545] 11 0
[350, 350, 350, 350, 350, 350, 350, 350, 350, 350, 350] [470, 450, 430, 410, 390, 370, 350, 330, 310, 290, 270] [203, 545] 11 0
[350, 350, 350, 350, 350, 350, 350, 350, 350, 350, 350] [490, 470, 450, 430, 410, 390, 370, 350, 330, 310, 290] [203, 545] 11 0
[350, 350, 350, 350, 350, 350, 350, 350, 350, 350, 350] [510, 490, 470, 450, 430, 410, 390, 370, 350, 330, 310] [203, 545] 11 0
[350, 350, 350, 350, 350, 350, 350, 350, 350, 350, 350] [530, 510, 490, 470, 450, 430, 410, 390, 370, 350, 330] [203, 545] 11 0
[330, 350, 350, 350, 350, 350, 350, 350, 350, 350, 350] [530, 530, 510, 490, 470, 450, 430, 410, 390, 370, 350] [203, 545] 11 3
[310, 330, 350, 350, 350, 350, 350, 350, 350, 350, 350] [530, 530, 530, 510, 490, 470, 450, 430, 410, 390, 370] [203, 545] 11 3
[290, 310, 330, 350, 350, 350, 350, 350, 350, 350, 350] [530, 530, 530, 530, 510, 490, 470, 450, 430, 410, 390] [203, 545] 11 3
[270, 290, 310, 330, 350, 350, 350, 350, 350, 350, 350] [530, 530, 530, 530, 530, 510, 490, 470, 450, 430, 410] [203, 545] 11 3
[250, 270, 290, 310, 330, 350, 350, 350, 350, 350, 350] [530, 530, 530, 530, 530, 530, 510, 490, 470, 450, 430] [203, 545] 11 3
[230, 250, 270, 290, 310, 330, 350, 350, 350, 350, 350] [530, 530, 530, 530, 530, 530, 530, 510, 490, 470, 450] [203, 545] 11 3
[210, 230, 250, 270, 290, 310, 330, 350, 350, 350, 350] [530, 530, 530, 530, 530, 530, 530, 530, 510, 490, 470] [203, 545] 11 3
[190, 210, 230, 250, 270, 290, 310, 330, 350, 350, 350, 350] [530, 530, 530, 530, 530, 530, 530, 530, 530, 510, 490, 470] [121, 68] 12 3
[170, 190, 210, 230, 250, 270, 290, 310, 330, 350, 350, 350] [530, 530, 530, 530, 530, 530, 530, 530, 530, 530, 510, 490] [121, 68] 12 3
[150, 170, 190, 210, 230, 250, 270, 290, 310, 330, 350, 350] [530, 530, 530, 530, 530, 530, 530, 530, 530, 530, 530, 510] [121, 68] 12 3
[130, 150, 170, 190, 210, 230, 250, 270, 290, 310, 330, 350] [530, 530, 530, 530, 530, 530, 530, 530, 530, 530, 530, 530] [121, 68] 12 3
[130, 130, 150, 170, 190, 210, 230, 250, 270, 290, 310, 330] [510, 530, 530, 530, 530, 530, 530, 530, 530, 530, 530, 530] [121, 68] 12 2
[130, 130, 130, 150, 170, 190, 210, 230, 250, 270, 290, 310] [490, 510, 530, 530, 530, 530, 530, 530, 530, 530, 530, 530] [121, 68] 12 2
[130, 130, 130, 130, 150, 170, 190, 210, 230, 250, 270, 290] [470, 490, 510, 530, 530, 530, 530, 530, 530, 530, 530, 530] [121, 68] 12 2
[130, 130, 130, 130, 130, 150, 170, 190, 210, 230, 250, 270] [450, 470, 490, 510, 530, 530, 530, 530, 530, 530, 530, 530] [121, 68] 12 2
[130, 130, 130, 130, 130, 130, 150, 170, 190, 210, 230, 250] [430, 450, 470, 490, 510, 530, 530, 530, 530, 530, 530, 530] [121, 68] 12 2
[130, 130, 130, 130, 130, 130, 130, 150, 170, 190, 210, 230] [410, 430, 450, 470, 490, 510, 530, 530, 530, 530, 530, 530] [121, 68] 12 2
[130, 130, 130, 130, 130, 130, 130, 130, 150, 170, 190, 210] [390, 410, 430, 450, 470, 490, 510, 530, 530, 530, 530, 530] [121, 68] 12 2
[130, 130, 130, 130, 130, 130, 130, 130, 130, 150, 170, 190] [370, 390, 410, 430, 450, 470, 490, 510, 530, 530, 530, 530] [121, 68] 12 2
[130, 130, 130, 130, 130, 130, 130, 130, 130, 130, 150, 170] [350, 370, 390, 410, 430, 450, 470, 490, 510, 530, 530, 530] [121, 68] 12 2
[130, 130, 130, 130, 130, 130, 130, 130, 130, 130, 130, 150] [330, 350, 370, 390, 410, 430, 450, 470, 490, 510, 530, 530] [121, 68] 12 2
[130, 130, 130, 130, 130, 130, 130, 130, 130, 130, 130, 130] [310, 330, 350, 370, 390, 410, 430, 450, 470, 490, 510, 530] [121, 68] 12 2
[130, 130, 130, 130, 130, 130, 130, 130, 130, 130, 130, 130] [290, 310, 330, 350, 370, 390, 410, 430, 450, 470, 490, 510] [121, 68] 12 2
[130, 130, 130, 130, 130, 130, 130, 130, 130, 130, 130, 130] [270, 290, 310, 330, 350, 370, 390, 410, 430, 450, 470, 490] [121, 68] 12 2
[130, 130, 130, 130, 130, 130, 130, 130, 130, 130, 130, 130] [250, 270, 290, 310, 330, 350, 370, 390, 410, 430, 450, 470] [121, 68] 12 2
[130, 130, 130, 130, 130, 130, 130, 130, 130, 130, 130, 130] [230, 250, 270, 290, 310, 330, 350, 370, 390, 410, 430, 450] [121, 68] 12 2
[130, 130, 130, 130, 130, 130, 130, 130, 130, 130, 130, 130] [210, 230, 250, 270, 290, 310, 330, 350, 370, 390, 410, 430] [121, 68] 12 2
[130, 130, 130, 130, 130, 130, 130, 130, 130, 130, 130, 130] [190, 210, 230, 250, 270, 290, 310, 330, 350, 370, 390, 410] [121, 68] 12 2
[130, 130, 130, 130, 130, 130, 130, 130, 130, 130, 130, 130] [170, 190, 210, 230, 250, 270, 290, 310, 330, 350, 370, 390] [121, 68] 12 2
[130, 130, 130, 130, 130, 130, 130, 130, 130, 130, 130, 130] [150, 170, 190, 210, 230, 250, 270, 290, 310, 330, 350, 370] [121, 68] 12 2
[130, 130, 130, 130, 130, 130, 130, 130, 130, 130, 130, 130] [130, 150, 170, 190, 210, 230, 250, 270, 290, 310, 330, 350] [121, 68] 12 2
[130, 130, 130, 130, 130, 130, 130, 130, 130, 130, 130, 130] [110, 130, 150, 170, 190, 210, 230, 250, 270, 290, 310, 330] [121, 68] 12 2
[130, 130, 130, 130, 130, 130, 130, 130, 130, 130, 130, 130] [90, 110, 130, 150, 170, 190, 210, 230, 250, 270, 290, 310] [121, 68] 12 2
[130, 130, 130, 130, 130, 130, 130, 130, 130, 130, 130, 130] [70, 90, 110, 130, 150, 170, 190, 210, 230, 250, 270, 290] [121, 68] 12 2
[130, 130, 130, 130, 130, 130, 130, 130, 130, 130, 130, 130, 130] [50, 70, 90, 110, 130, 150, 170, 190, 210, 230, 250, 270, 290] [215, 101] 13 2
[150, 130, 130, 130, 130, 130, 130, 130, 130, 130, 130, 130, 130] [50, 50, 70, 90, 110, 130, 150, 170, 190, 210, 230, 250, 270] [215, 101] 13 1
[170, 150, 130, 130, 130, 130, 130, 130, 130, 130, 130, 130, 130] [50, 50, 50, 70, 90, 110, 130, 150, 170, 190, 210, 230, 250] [215, 101] 13 1
[190, 170, 150, 130, 130, 130, 130, 130, 130, 130, 130, 130, 130] [50, 50, 50, 50, 70, 90, 110, 130, 150, 170, 190, 210, 230] [215, 101] 13 1
[210, 190, 170, 150, 130, 130, 130, 130, 130, 130, 130, 130, 130] [50, 50, 50, 50, 50, 70, 90, 110, 130, 150, 170, 190, 210] [215, 101] 13 1
[210, 210, 190, 170, 150, 130, 130, 130, 130, 130, 130, 130, 130] [70, 50, 50, 50, 50, 50, 70, 90, 110, 130, 150, 170, 190] [215, 101] 13 0
[210, 210, 210, 190, 170, 150, 130, 130, 130, 130, 130, 130, 130] [90, 70, 50, 50, 50, 50, 50, 70, 90, 110, 130, 150, 170] [215, 101] 13 0
[210, 210, 210, 210, 190, 170, 150, 130, 130, 130, 130, 130, 130, 130] [110, 90, 70, 50, 50, 50, 50, 50, 70, 90, 110, 130, 150, 170] [226, 25] 14 0
[230, 210, 210, 210, 210, 190, 170, 150, 130, 130, 130, 130, 130, 130] [110, 110, 90, 70, 50, 50, 50, 50, 50, 70, 90, 110, 130, 150] [226, 25] 14 1
[230, 230, 210, 210, 210, 210, 190, 170, 150, 130, 130, 130, 130, 130] [90, 110, 110, 90, 70, 50, 50, 50, 50, 50, 70, 90, 110, 130] [226, 25] 14 2
[230, 230, 230, 210, 210, 210, 210, 190, 170, 150, 130, 130, 130, 130] [70, 90, 110, 110, 90, 70, 50, 50, 50, 50, 50, 70, 90, 110] [226, 25] 14 2
[230, 230, 230, 230, 210, 210, 210, 210, 190, 170, 150, 130, 130, 130] [50, 70, 90, 110, 110, 90, 70, 50, 50, 50, 50, 50, 70, 90] [226, 25] 14 2
[230, 230, 230, 230, 230, 210, 210, 210, 210, 190, 170, 150, 130, 130] [30, 50, 70, 90, 110, 110, 90, 70, 50, 50, 50, 50, 50, 70] [226, 25] 14 2
