[290, 290, 290, 290, 290] [290, 270, 250, 230, 210] [490, 54] 5 0
[310, 290, 290, 290, 290] [290, 290, 270, 250, 230] [490, 54] 5 1
[330, 310, 290, 290, 290] [290, 290, 290, 270, 250] [490, 54] 5 1
[350, 330, 310, 290, 290] [290, 290, 290, 290, 270] [490, 54] 5 1
[370, 350, 330, 310, 290] [290, 290, 290, 290, 290] [490, 54] 5 1
[390, 370, 350, 330, 310] [290, 290, 290, 290, 290] [490, 54] 5 1
[410, 390, 370, 350, 330] [290, 290, 290, 290, 290] [490, 54] 5 1
[430, 410, 390, 370, 350] [290, 290, 290, 290, 290] [490, 54] 5 1
[450, 430, 410, 390, 370] [290, 290, 290, 290, 290] [490, 54] 5 1
[470, 450, 430, 410, 390] [290, 290, 290, 290, 290] [490, 54] 5 1
[490, 470, 450, 430, 410] [290, 290, 290, 290, 290] [490, 54] 5 1
[490, 490, 470, 450, 430] [270, 290, 290, 290, 290] [490, 54] 5 2
[490, 490, 490, 470, 450] [250, 270, 290, 290, 290] [490, 54] 5 2
[490, 490, 490, 490, 470] [230, 250, 270, 290, 290] [490, 54] 5 2
[490, 490, 490, 490, 490] [210, 230, 250, 270, 290] [490, 54] 5 2
[490, 490, 490, 490, 490] [190, 210, 230, 250, 270] [490, 54] 5 2
[490, 490, 490, 490, 490] [170, 190, 210, 230, 250] [490, 54] 5 2
[490, 490, 490, 490, 490] [150, 170, 190, 210, 230] [490, 54] 5 2
[490, 490, 490, 490, 490] [130, 150, 170, 190, 210] [490, 54] 5 2
[490, 490, 490, 490, 490] [110, 130, 150, 170, 190] [490, 54] 5 2
[490, 490, 490, 490, 490] [90, 110, 130, 150, 170] [490, 54] 5 2
[490, 490, 490, 490, 490] [70, 90, 110, 130, 150] [490, 54] 5 2
[490, 490, 490, 490, 490] [50, 70, 90, 110, 130] [490, 54] 5 2
[490, 490, 490, 490, 490, 490] [30, 50, 70, 90, 110, 130] [530, 569] 6 2
[470, 490, 490, 490, 490, 490] [30, 30, 50, 70, 90, 110] [530, 569] 6 3
[470, 470, 490, 490, 490, 490] [50, 30, 30, 50, 70, 90] [530, 569] 6 0
[470, 470, 470, 490, 490, 490] [70, 50, 30, 30, 50, 70] [530, 569] 6 0
[470, 470, 470, 470, 490, 490] [90, 70, 50, 30, 30, 50] [530, 569] 6 0
[470, 470, 470, 470, 470, 490] [110, 90, 70, 50, 30, 30] [530, 569] 6 0
[470, 470, 470, 470, 470, 470] [130, 110, 90, 70, 50, 30] [530, 569] 6 0
[470, 470, 470, 470, 470, 470] [150, 130, 110, 90, 70, 50] [530, 569] 6 0
[470, 470, 470, 470, 470, 470] [170, 150, 130, 110, 90, 70] [530, 569] 6 0
[470, 470, 470, 470, 470, 470] [190, 170, 150, 130, 110, 90] [530, 569] 6 0
[470, 470, 470, 470, 470, 470] [210, 190, 170, 150, 130, 110] [530, 569] 6 0
[470, 470, 470, 470, 470, 470] [230, 210, 190, 170, 150, 130] [530, 569] 6 0
[470, 470, 470, 470, 470, 470] [250, 230, 210, 190, 170, 150] [530, 569] 6 0
[470, 470, 470, 470, 470, 470] [270, 250, 230, 210, 190, 170] [530, 569] 6 0
[470, 470, 470, 470, 470, 470] [290, 270, 250, 230, 210, 190] [530, 569] 6 0
[470, 470, 470, 470, 470, 470] [310, 290, 270, 250, 230, 210] [530, 569] 6 0
[470, 470, 470, 470, 470, 470] [330, 310, 290, 270, 250, 230] [530, 569] 6 0
[470, 470, 470, 470, 470, 470] [350, 330, 310, 290, 270, 250] [530, 569] 6 0
[470, 470, 470, 470, 470, 470] [370, 350, 330, 310, 290, 270] [530, 569] 6 0
[470, 470, 470, 470, 470, 470] [390, 370, 350, 330, 310, 290] [530, 569] 6 0
[470, 470, 470, 470, 470, 470] [410, 390, 370, 350, 330, 310] [530, 569] 6 0
[470, 470, 470, 470, 470, 470] [430, 410, 390, 370, 350, 330] [530, 569] 6 0
[470, 470, 470, 470, 470, 470] [450, 430, 410, 390, 370, 350] [530, 569] 6 0
[470, 470, 470, 470, 470, 470] [470, 450, 430, 410, 390, 370] [530, 569] 6 0
[470, 470, 470, 470, 470, 470] [490, 470, 450, 430, 410, 390] [530, 569] 6 0
[470, 470, 470, 470, 470, 470] [510, 490, 470, 450, 430, 410] [530, 569] 6 0
[470, 470, 470, 470, 470, 470] [530, 510, 490, 470, 450, 430] [530, 569] 6 0
[470, 470, 470, 470, 470, 470] [550, 530, 510, 490, 470, 450] [530, 569] 6 0
[470, 470, 470, 470, 470, 470] [570, 550, 530, 510, 490, 470] [530, 569] 6 0
[490, 470, 470, 470, 470, 470] [570, 570, 550, 530, 510, 490] [530, 569] 6 1
[510, 490, 470, 470, 470, 470] [570, 570, 570, 550, 530, 510] [530, 569] 6 1
[530, 510, 490, 470, 470, 470] [570, 570, 570, 570, 550, 530] [530, 569] 6 1
[530, 530, 510, 490, 470, 470, 470] [550, 570, 570, 570, 570, 550, 530] [548, 284] 7 2
[550, 530, 530, 510, 490, 470, 470] [550, 550, 570, 570, 570, 570, 550] [548, 284] 7 1
[550, 550, 530, 530, 510, 490, 470] [530, 550, 550, 570, 570, 570, 570] [548, 284] 7 2
[550, 550, 550, 530, 530, 510, 490] [510, 530, 550, 550, 570, 570, 570] [548, 284] 7 2
[550, 550, 550, 550, 530, 530, 510] [490, 510, 530, 550, 550, 570, 570] [548, 284] 7 2
[550, 550, 550, 550, 550, 530, 530] [470, 490, 510, 530, 550, 550, 570] [548, 284] 7 2
[550, 550, 550, 550, 550, 550, 530] [450, 470, 490, 510, 530, 550, 550] [548, 284] 7 2
[550, 550, 550, 550, 550, 550, 550] [430, 450, 470, 490, 510, 530, 550] [548, 284] 7 2
[550, 550, 550, 550, 550, 550, 550] [410, 430, 450, 470, 490, 510, 530] [548, 284] 7 2
[550, 550, 550, 550, 550, 550, 550] [390, 410, 430, 450, 470, 490, 510] [548, 284] 7 2
[550, 550, 550, 550, 550, 550, 550] [370, 390, 410, 430, 450, 470, 490] [548, 284] 7 2
[550, 550, 550, 550, 550, 550, 550] [350, 370, 390, 410, 430, 450, 470] [548, 284] 7 2
[550, 550, 550, 550, 550, 550, 550] [330, 350, 370, 390, 410, 430, 450] [548, 284] 7 2
[550, 550, 550, 550, 550, 550, 550] [310, 330, 350, 370, 390, 410, 430] [548, 284] 7 2
[550, 550, 550, 550, 550, 550, 550] [290, 310, 330, 350, 370, 390, 410] [548, 284] 7 2
[550, 550, 550, 550, 550, 550, 550, 550] [270, 290, 310, 330, 350, 370, 390, 410] [50, 137] 8 2
[530, 550, 550, 550, 550, 550, 550, 550] [270, 270, 290, 310, 330, 350, 370, 390] [50, 137] 8 3
[530, 530, 550, 550, 550, 550, 550, 550] [250, 270, 270, 290, 310, 330, 350, 370] [50, 137] 8 2
[530, 530, 530, 550, 550, 550, 550, 550] [230, 250, 270, 270, 290, 310, 330, 350] [50, 137] 8 2
[530, 530, 530, 530, 550, 550, 550, 550] [210, 230, 250, 270, 270, 290, 310, 330] [50, 137] 8 2
[530, 530, 530, 530, 530, 550, 550, 550] [190, 210, 230, 250, 270, 270, 290, 310] [50, 137] 8 2
[530, 530, 530, 530, 530, 530, 550, 550] [170, 190, 210, 230, 250, 270, 270, 290] [50, 137] 8 2
[530, 530, 530, 530, 530, 530, 530, 550] [150, 170, 190, 210, 230, 250, 270, 270] [50, 137] 8 2
[530, 530, 530, 530, 530, 530, 530, 530] [130, 150, 170, 190, 210, 230, 250, 270] [50, 137] 8 2
[510, 530, 530, 530, 530, 530, 530, 530] [130, 130, 150, 170, 190, 210, 230, 250] [50, 137] 8 3
[490, 510, 530, 530, 530, 530, 530, 530] [130, 130, 130, 150, 170, 190, 210, 230] [50, 137] 8 3
[470, 490, 510, 530, 530, 530, 530, 530] [130, 130, 130, 130, 150, 170, 190, 210] [50, 137] 8 3
[450, 470, 490, 510, 530, 530, 530, 530] [130, 130, 130, 130, 130, 150, 170, 190] [50, 137] 8 3
[430, 450, 470, 490, 510, 530, 530, 530] [130, 130, 130, 130, 130, 130, 150, 170] [50, 137] 8 3
[410, 430, 450, 470, 490, 510, 530, 530] [130, 130, 130, 130, 130, 130, 130, 150] [50, 137] 8 3
[390, 410, 430, 450, 470, 490, 510, 530] [130, 130, 130, 130, 130, 130, 130, 130] [50, 137] 8 3
[370, 390, 410, 430, 450, 470, 490, 510] [130, 130, 130, 130, 130, 130, 130, 130] [50, 137] 8 3
[350, 370, 390, 410, 430, 450, 470, 490] [130, 130, 130, 130, 130, 130, 130, 130] [50, 137] 8 3
[330, 350, 370, 390, 410, 430, 450, 470] [130, 130, 130, 130, 130, 130, 130, 130] [50, 137] 8 3
[310, 330, 350, 370, 390, 410, 430, 450] [130, 130, 130, 130, 130, 130, 130, 130] [50, 137] 8 3
[290, 310, 330, 350, 370, 390, 410, 430] [130, 130, 130, 130, 130, 130, 130, 130] [50, 137] 8 3
[270, 290, 310, 330, 350, 370, 390, 410] [130, 130, 130, 130, 130, 130, 130, 130] [50, 137] 8 3
[250, 270, 290, 310, 330, 350, 370, 390] [130, 130, 130, 130, 130, 130, 130, 130] [50, 137] 8 3
[230, 250, 270, 290, 310, 330, 350, 370] [130, 130, 130, 130, 130, 130, 130, 130] [50, 137] 8 3
[210, 230, 250, 270, 290, 310, 330, 350] [130, 130, 130, 130, 130, 130, 130, 130] [50, 137] 8 3
[190, 210, 230, 250, 270, 290, 310, 330] [130, 130, 130, 130, 130, 130, 130, 130] [50, 137] 8 3
[170, 190, 210, 230, 250, 270, 290, 310] [130, 130, 130, 130, 130, 130, 130, 130] [50, 137] 8 3
[150, 170, 190, 210, 230, 250, 270, 290] [130, 130, 130, 130, 130, 130, 130, 130] [50, 137] 8 3
[130, 150, 170, 190, 210, 230, 250, 270] [130, 130, 130, 130, 130, 130, 130, 130] [50, 137] 8 3
[110, 130, 150, 170, 190, 210, 230, 250] [130, 130, 130, 130, 130, 130, 130, 130] [50, 137] 8 3
[90, 110, 130, 150, 170, 190, 210, 230] [130, 130, 130, 130, 130, 130, 130, 130] [50, 137] 8 3
[70, 90, 110, 130, 150, 170, 190, 210] [130, 130, 130, 130, 130, 130, 130, 130] [50, 137] 8 3
[50, 70, 90, 110, 130, 150, 170, 190] [130, 130, 130, 130, 130, 130, 130, 130] [50, 137] 8 3
[50, 50, 70, 90, 110, 130, 150, 170, 190] [150, 130, 130, 130, 130, 130, 130, 130, 130] [474, 568] 9 0
[50, 50, 50, 70, 90, 110, 130, 150, 170] [170, 150, 130, 130, 130, 130, 130, 130, 130] [474, 568] 9 0
[50, 50, 50, 50, 70, 90, 110, 130, 150] [190, 170, 150, 130, 130, 130, 130, 130, 130] [474, 568] 9 0
[50, 50, 50, 50, 50, 70, 90, 110, 130] [210, 190, 170, 150, 130, 130, 130, 130, 130] [474, 568] 9 0
[50, 50, 50, 50, 50, 50, 70, 90, 110] [230, 210, 190, 170, 150, 130, 130, 130, 130] [474, 568] 9 0
[50, 50, 50, 50, 50, 50, 50, 70, 90] [250, 230, 210, 190, 170, 150, 130, 130, 130] [474, 568] 9 0
[50, 50, 50, 50, 50, 50, 50, 50, 70] [270, 250, 230, 210, 190, 170, 150, 130, 130] [474, 568] 9 0
[50, 50, 50, 50, 50, 50, 50, 50, 50] [290, 270, 250, 230, 210, 190, 170, 150, 130] [474, 568] 9 0
[50, 50, 50, 50, 50, 50, 50, 50, 50] [310, 290, 270, 250, 230, 210, 190, 170, 150] [474, 568] 9 0
[50, 50, 50, 50, 50, 50, 50, 50, 50] [330, 310, 290, 270, 250, 230, 210, 190, 170] [474, 568] 9 0
[50, 50, 50, 50, 50, 50, 50, 50, 50] [350, 330, 310, 290, 270, 250, 230, 210, 190] [474, 568] 9 0
[50, 50, 50, 50, 50, 50, 50, 50, 50] [370, 350, 330, 310, 290, 270, 250, 230, 210] [474, 568] 9 0
[50, 50, 50, 50, 50, 50, 50, 50, 50] [390, 370, 350, 330, 310, 290, 270, 250, 230] [474, 568] 9 0
[50, 50, 50, 50, 50, 50, 50, 50, 50] [410, 390, 370, 350, 330, 310, 290, 270, 250] [474, 568] 9 0
[50, 50, 50, 50, 50, 50, 50, 50, 50] [430, 410, 390, 370, 350, 330, 310, 290, 270] [474, 568] 9 0
[50, 50, 50, 50, 50, 50, 50, 50, 50] [450, 430, 410, 390, 370, 350, 330, 310, 290] [474, 568] 9 0
[50, 50, 50, 50, 50, 50, 50, 50, 50] [470, 450, 430, 410, 390, 370, 350, 330, 310] [474, 568] 9 0
[50, 50, 50, 50, 50, 50, 50, 50, 50] [490, 470, 450, 430, 410, 390, 370, 350, 330] [474, 568] 9 0
[50, 50, 50, 50, 50, 50, 50, 50, 50] [510, 490, 470, 450, 430, 410, 390, 370, 350] [474, 568] 9 0
[50, 50, 50, 50, 50, 50, 50, 50, 50] [530, 510, 490, 470, 450, 430, 410, 390, 370] [474, 568] 9 0
[50, 50, 50, 50, 50, 50, 50, 50, 50] [550, 530, 510, 490, 470, 450, 430, 410, 390] [474, 568] 9 0
[70, 50, 50, 50, 50, 50, 50, 50, 50] [550, 550, 530, 510, 490, 470, 450, 430, 410] [474, 568] 9 1
[90, 70, 50, 50, 50, 50, 50, 50, 50] [550, 550, 550, 530, 510, 490, 470, 450, 430] [474, 568] 9 1
[110, 90, 70, 50, 50, 50, 50, 50, 50] [550, 550, 550, 550, 530, 510, 490, 470, 450] [474, 568] 9 1
[130, 110, 90, 70, 50, 50, 50, 50, 50] [550, 550, 550, 550, 550, 530, 510, 490, 470] [474, 568] 9 1
[150, 130, 110, 90, 70, 50, 50, 50, 50] [550, 550, 550, 550, 550, 550, 530, 510, 490] [474, 568] 9 1
[170, 150, 130, 110, 90, 70, 50, 50, 50] [550, 550, 550, 550, 550, 550, 550, 530, 510] [474, 568] 9 1
[190, 170, 150, 130, 110, 90, 70, 50, 50] [550, 550, 550, 550, 550, 550, 550, 550, 530] [474, 568] 9 1
[210, 190, 170, 150, 130, 110, 90, 70, 50] [550, 550, 550, 550, 550, 550, 550, 550, 550] [474, 568] 9 1
[230, 210, 190, 170, 150, 130, 110, 90, 70] [550, 550, 550, 550, 550, 550, 550, 550, 550] [474, 568] 9 1
[250, 230, 210, 190, 170, 150, 130, 110, 90] [550, 550, 550, 550, 550, 550, 550, 550, 550] [474, 568] 9 1
[270, 250, 230, 210, 190, 170, 150, 130, 110] [550, 550, 550, 550, 550, 550, 550, 550, 550] [474, 568] 9 1
[290, 270, 250, 230, 210, 190, 170, 150, 130] [550, 550, 550, 550, 550, 550, 550, 550, 550] [474, 568] 9 1
[310, 290, 270, 250, 230, 210, 190, 170, 150] [550, 550, 550, 550, 550, 550, 550, 550, 550] [474, 568] 9 1
[330, 310, 290, 270, 250, 230, 210, 190, 170] [550, 550, 550, 550, 550, 550, 550, 550, 550] [474, 568] 9 1
[350, 330, 310, 290, 270, 250, 230, 210, 190] [550, 550, 550, 550, 550, 550, 550, 550, 550] [474, 568] 9 1
[370, 350, 330, 310, 290, 270, 250, 230, 210] [550, 550, 550, 550, 550, 550, 550, 550, 550] [474, 568] 9 1
[390, 370, 350, 330, 310, 290, 270, 250, 230] [550, 550, 550, 550, 550, 550, 550, 550, 550] [474, 568] 9 1
[410, 390, 370, 350, 330, 310, 290, 270, 250] [550, 550, 550, 550, 550, 550, 550, 550, 550] [474, 568] 9 1
[430, 410, 390, 370, 350, 330, 310, 290, 270] [550, 550, 550, 550, 550, 550, 550, 550, 550] [474, 568] 9 1
[450, 430, 410, 390, 370, 350, 330, 310, 290] [550, 550, 550, 550, 550, 550, 550, 550, 550] [474, 568] 9 1
[470, 450, 430, 410, 390, 370, 350, 330, 310] [550, 550, 550, 550, 550, 550, 550, 550, 550] [474, 568] 9 1
[490, 470, 450, 430, 410, 390, 370, 350, 330, 310] [550, 550, 550, 550, 550, 550, 550, 550, 550, 550] [556, 152] 10 1
[510, 490, 470, 450, 430, 410, 390, 370, 350, 330] [550, 550, 550, 550, 550, 550, 550, 550, 550, 550] [556, 152] 10 1
[530, 510, 490, 470, 450, 430, 410, 390, 370, 350] [550, 550, 550, 550, 550, 550, 550, 550, 550, 550] [556, 152] 10 1
[550, 530, 510, 490, 470, 450, 430, 410, 390, 370] [550, 550, 550, 550, 550, 550, 550, 550, 550, 550] [556, 152] 10 1
[550, 550, 530, 510, 490, 470, 450, 430, 410, 390] [530, 550, 550, 550, 550, 550, 550, 550, 550, 550] [556, 152] 10 2
[550, 550, 550, 530, 510, 490, 470, 450, 430, 410] [510, 530, 550, 550, 550, 550, 550, 550, 550, 550] [556, 152] 10 2
[550, 550, 550, 550, 530, 510, 490, 470, 450, 430] [490, 510, 530, 550, 550, 550, 550, 550, 550, 550] [556, 152] 10 2
[550, 550, 550, 550, 550, 530, 510, 490, 470, 450] [470, 490, 510, 530, 550, 550, 550, 550, 550, 550] [556, 152] 10 2
[550, 550, 550, 550, 550, 550, 530, 510, 490, 470] [450, 470, 490, 510, 530, 550, 550, 550, 550, 550] [556, 152] 10 2
[550, 550, 550, 550, 550, 550, 550, 530, 510, 490] [430, 450, 470, 490, 510, 530, 550, 550, 550, 550] [556, 152] 10 2
[550, 550, 550, 550, 550, 550, 550, 550, 530, 510] [410, 430, 450, 470, 490, 510, 530, 550, 550, 550] [556, 152] 10 2
[550, 550, 550, 550, 550, 550, 550, 550, 550, 530] [390, 410, 430, 450, 470, 490, 510, 530, 550, 550] [556, 152] 10 2
[550, 550, 550, 550, 550, 550, 550, 550, 550, 550] [370, 390, 410, 430, 450, 470, 490, 510, 530, 550] [556, 152] 10 2
[550, 550, 550, 550, 550, 550, 550, 550, 550, 550] [350, 370, 390, 410, 430, 450, 470, 490, 510, 530] [556, 152] 10 2
[550, 550, 550, 550, 550, 550, 550, 550, 550, 550] [330, 350, 370, 390, 410, 430, 450, 470, 490, 510] [556, 152] 10 2
[550, 550, 550, 550, 550, 550, 550, 550, 550, 550] [310, 330, 350, 370, 390, 410, 430, 450, 470, 490] [556, 152] 10 2
[550, 550, 550, 550, 550, 550, 550, 550, 550, 550] [290, 310, 330, 350, 370, 390, 410, 430, 450, 470] [556, 152] 10 2
[550, 550, 550, 550, 550, 550, 550, 550, 550, 550] [270, 290, 310, 330, 350, 370, 390, 410, 430, 450] [556, 152] 10 2
[550, 550, 550, 550, 550, 550, 550, 550, 550, 550] [250, 270, 290, 310, 330, 350, 370, 390, 410, 430] [556, 152] 10 2
[550, 550, 550, 550, 550, 550, 550, 550, 550, 550] [230, 250, 270, 290, 310, 330, 350, 370, 390, 410] [556, 152] 10 2
[550, 550, 550, 550, 550, 550, 550, 550, 550, 550] [210, 230, 250, 270, 290, 310, 330, 350, 370, 390] [556, 152] 10 2
[550, 550, 550, 550, 550, 550, 550, 550, 550, 550] [190, 210, 230, 250, 270, 290, 310, 330, 350, 370] [556, 152] 10 2
[550, 550, 550, 550, 550, 550, 550, 550, 550, 550] [170, 190, 210, 230, 250, 270, 290, 310, 330, 350] [556, 152] 10 2
[550, 550, 550, 550, 550, 550, 550, 550, 550, 550] [150, 170, 190, 210, 230, 250, 270, 290, 310, 330] [556, 152] 10 2
[550, 550, 550, 550, 550, 550, 550, 550, 550, 550, 550] [130, 150, 170, 190, 210, 230, 250, 270, 290, 310, 330] [357, 335] 11 2
[550, 550, 550, 550, 550, 550, 550, 550, 550, 550, 550] [110, 130, 150, 170, 190, 210, 230, 250, 270, 290, 310] [357, 335] 11 2
[530, 550, 550, 550, 550, 550, 550, 550, 550, 550, 550] [110, 110, 130, 150, 170, 190, 210, 230, 250, 270, 290] [357, 335] 11 3
[510, 530, 550, 550, 550, 550, 550, 550, 550, 550, 550] [110, 110, 110, 130, 150, 170, 190, 210, 230, 250, 270] [357, 335] 11 3
[490, 510, 530, 550, 550, 550, 550, 550, 550, 550, 550] [110, 110, 110, 110, 130, 150, 170, 190, 210, 230, 250] [357, 335] 11 3
[470, 490, 510, 530, 550, 550, 550, 550, 550, 550, 550] [110, 110, 110, 110, 110, 130, 150, 170, 190, 210, 230] [357, 335] 11 3
[450, 470, 490, 510, 530, 550, 550, 550, 550, 550, 550] [110, 110, 110, 110, 110, 110, 130, 150, 170, 190, 210] [357, 335] 11 3
[430, 450, 470, 490, 510, 530, 550, 550, 550, 550, 550] [110, 110, 110, 110, 110, 110, 110, 130, 150, 170, 190] [357, 335] 11 3
[410, 430, 450, 470, 490, 510, 530, 550, 550, 550, 550] [110, 110, 110, 110, 110, 110, 110, 110, 130, 150, 170] [357, 335] 11 3
[390, 410, 430, 450, 470, 490, 510, 530, 550, 550, 550] [110, 110, 110, 110, 110, 110, 110, 110, 110, 130, 150] [357, 335] 11 3
[370, 390, 410, 430, 450, 470, 490, 510, 530, 550, 550] [110, 110, 110, 110, 110, 110, 110, 110, 110, 110, 130] [357, 335] 11 3
[350, 370, 390, 410, 430, 450, 470, 490, 510, 530, 550] [110, 110, 110, 110, 110, 110, 110, 110, 110, 110, 110] [357, 335] 11 3
[350, 350, 370, 390, 410, 430, 450, 470, 490, 510, 530] [130, 110, 110, 110, 110, 110, 110, 110, 110, 110, 110] [357, 335] 11 0
[350, 350, 350, 370, 390, 410, 430, 450, 470, 490, 510] [150, 130, 110, 110, 110, 110, 110, 110, 110, 110, 110] [357, 335] 11 0
[350, 350, 350, 350, 370, 390, 410, 430, 450, 470, 490] [170, 150, 130, 110, 110, 110, 110, 110, 110, 110, 110] [357, 335] 11 0
[350, 350, 350, 350, 350, 370, 390, 410, 430, 450, 470] [190, 170, 150, 130, 110, 110, 110, 110, 110, 110, 110] [357, 335] 11 0
[350, 350, 350, 350, 350, 350, 370, 390, 410, 430, 450] [210, 190, 170, 150, 130, 110, 110, 110, 110, 110, 110] [357, 335] 11 0
[350, 350, 350, 350, 350, 350, 350, 370, 390, 410, 430] [230, 210, 190, 170, 150, 130, 110, 110, 110, 110, 110] [357, 335] 11 0
[350, 350, 350, 350, 350, 350, 350, 350, 370, 390, 410] [250, 230, 210, 190, 170, 150, 130, 110, 110, 110, 110] [357, 335] 11 0
[350, 350, 350, 350, 350, 350, 350, 350, 350, 370, 390] [270, 250, 230, 210, 190, 170, 150, 130, 110, 110, 110] [357, 335] 11 0
[350, 350, 350, 350, 350, 350, 350, 350, 350, 350, 370] [290, 270, 250, 230, 210, 190, 170, 150, 130, 110, 110] [357, 335] 11 0
[350, 350, 350, 350, 350, 350, 350, 350, 350, 350, 350] [310, 290, 270, 250, 230, 210, 190, 170, 150, 130, 110] [357, 335] 11 0
[350, 350, 350, 350, 350, 350, 350, 350, 350, 350, 350] [330, 310, 290, 270, 250, 230, 210, 190, 170, 150, 130] [357, 335] 11 0
[350, 350, 350, 350, 350, 350, 350, 350, 350, 350, 350, 350] [350, 330, 310, 290, 270, 250, 230, 210, 190, 170, 150, 130] [552, 543] 12 0
[350, 350, 350, 350, 350, 350, 350, 350, 350, 350, 350, 350] [370, 350, 330, 310, 290, 270, 250, 230, 210, 190, 170, 150] [552, 543] 12 0
[350, 350, 350, 350, 350, 350, 350, 350, 350, 350, 350, 350] [390, 370, 350, 330, 310, 290, 270, 250, 230, 210, 190, 170] [552, 543] 12 0
[350, 350, 350, 350, 350, 350, 350, 350, 350, 350, 350, 350] [410, 390, 370, 350, 330, 310, 290, 270, 250, 230, 210, 190] [552, 543] 12 0
[350, 350, 350, 350, 350, 350, 350, 350, 350, 350, 350, 350] [430, 410, 390, 370, 350, 330, 310, 290, 270, 250, 230, 210] [552, 543] 12 0
[350, 350, 350, 350, 350, 350, 350, 350, 350, 350, 350, 350] [450, 430, 410, 390, 370, 350, 330, 310, 290, 270, 250, 230] [552, 543] 12 0
[350, 350, 350, 350, 350, 350, 350, 350, 350, 350, 350, 350] [470, 450, 430, 410, 390, 370, 350, 330, 310, 290, 270, 250] [552, 543] 12 0
[350, 350, 350, 350, 350, 350, 350, 350, 350, 350, 350, 350] [490, 470, 450, 430, 410, 390, 370, 350, 330, 310, 290, 270] [552, 543] 12 0
[350, 350, 350, 350, 350, 350, 350, 350, 350, 350, 350, 350] [510, 490, 470, 450, 430, 410, 390, 370, 350, 330, 310, 290] [552, 543] 12 0
[350, 350, 350, 350, 350, 350, 350, 350, 350, 350, 350, 350] [530, 510, 490, 470, 450, 430, 410, 390, 370, 350, 330, 310] [552, 543] 12 0
[370, 350, 350, 350, 350, 350, 350, 350, 350, 350, 350, 350] [530, 530, 510, 490, 470, 450, 430, 410, 390, 370, 350, 330] [552, 543] 12 1
[390, 370, 350, 350, 350, 350, 350, 350, 350, 350, 350, 350] [530, 530, 530, 510, 490, 470, 450, 430, 410, 390, 370, 350] [552, 543] 12 1
[410, 390, 370, 350, 350, 350, 350, 350, 350, 350, 350, 350] [530, 530, 530, 530, 510, 490, 470, 450, 430, 410, 390, 370] [552, 543] 12 1
[430, 410, 390, 370, 350, 350, 350, 350, 350, 350, 350, 350] [530, 530, 530, 530, 530, 510, 490, 470, 450, 430, 410, 390] [552, 543] 12 1
[450, 430, 410, 390, 370, 350, 350, 350, 350, 350, 350, 350] [530, 530, 530, 530, 530, 530, 510, 490, 470, 450, 430, 410] [552, 543] 12 1
[470, 450, 430, 410, 390, 370, 350, 350, 350, 350, 350, 350] [530, 530, 530, 530, 530, 530, 530, 510, 490, 470, 450, 430] [552, 543] 12 1
[490, 470, 450, 430, 410, 390, 370, 350, 350, 350, 350, 350] [530, 530, 530, 530, 530, 530, 530, 530, 510, 490, 470, 450] [552, 543] 12 1
[510, 490, 470, 450, 430, 410, 390, 370, 350, 350, 350, 350] [530, 530, 530, 530, 530, 530, 530, 530, 530, 510, 490, 470] [552, 543] 12 1
[530, 510, 490, 470, 450, 430, 410, 390, 370, 350, 350, 350] [530, 530, 530, 530, 530, 530, 530, 530, 530, 530, 510, 490] [552, 543] 12 1
[550, 530, 510, 490, 470, 450, 430, 410, 390, 370, 350, 350] [530, 530, 530, 530, 530, 530, 530, 530, 530, 530, 530, 510] [552, 543] 12 1
[550, 550, 530, 510, 490, 470, 450, 430, 410, 390, 370, 350, 350] [510, 530, 530, 530, 530, 530, 530, 530, 530, 530, 530, 530, 510] [235, 471] 13 2
[550, 550, 550, 530, 510, 490, 470, 450, 430, 410, 390, 370, 350] [490, 510, 530, 530, 530, 530, 530, 530, 530, 530, 530, 530, 530] [235, 471] 13 2
[550, 550, 550, 550, 530, 510, 490, 470, 450, 430, 410, 390, 370] [470, 490, 510, 530, 530, 530, 530, 530, 530, 530, 530, 530, 530] [235, 471] 13 2
[550, 550, 550, 550, 550, 530, 510, 490, 470, 450, 430, 410, 390] [450, 470, 490, 510, 530, 530, 530, 530, 530, 530, 530, 530, 530] [235, 471] 13 2
[530, 550, 550, 550, 550, 550, 530, 510, 490, 470, 450, 430, 410] [450, 450, 470, 490, 510, 530, 530, 530, 530, 530, 530, 530, 530] [235, 471] 13 3
[510, 530, 550, 550, 550, 550, 550, 530, 510, 490, 470, 450, 430] [450, 450, 450, 470, 490, 510, 530, 530, 530, 530, 530, 530, 530] [235, 471] 13 3
[490, 510, 530, 550, 550, 550, 550, 550, 530, 510, 490, 470, 450] [450, 450, 450, 450, 470, 490, 510, 530, 530, 530, 530, 530, 530] [235, 471] 13 3
[470, 490, 510, 530, 550, 550, 550, 550, 550, 530, 510, 490, 470] [450, 450, 450, 450, 450, 470, 490, 510, 530, 530, 530, 530, 530] [235, 471] 13 3
[450, 470, 490, 510, 530, 550, 550, 550, 550, 550, 530, 510, 490] [450, 450, 450, 450, 450, 450, 470, 490, 510, 530, 530, 530, 530] [235, 471] 13 3
[430, 450, 470, 490, 510, 530, 550, 550, 550, 550, 550, 530, 510] [450, 450, 450, 450, 450, 450, 450, 470, 490, 510, 530, 530, 530] [235, 471] 13 3
[410, 430, 450, 470, 490, 510, 530, 550, 550, 550, 550, 550, 530] [450, 450, 450, 450, 450, 450, 450, 450, 470, 490, 510, 530, 530] [235, 471] 13 3
[390, 410, 430, 450, 470, 490, 510, 530, 550, 550, 550, 550, 550] [450, 450, 450, 450, 450, 450, 450, 450, 450, 470, 490, 510, 530] [235, 471] 13 3
[370, 390, 410, 430, 450, 470, 490, 510, 530, 550, 550, 550, 550] [450, 450, 450, 450, 450, 450, 450, 450, 450, 450, 470, 490, 510] [235, 471] 13 3
[350, 370, 390, 410, 430, 450, 470, 490, 510, 530, 550, 550, 550] [450, 450, 450, 450, 450, 450, 450, 450, 450, 450, 450, 470, 490] [235, 471] 13 3
[330, 350, 370, 390, 410, 430, 450, 470, 490, 510, 530, 550, 550] [450, 450, 450, 450, 450, 450, 450, 450, 450, 450, 450, 450, 470] [235, 471] 13 3
[310, 330, 350, 370, 390, 410, 430, 450, 470, 490, 510, 530, 550] [450, 450, 450, 450, 450, 450, 450, 450, 450, 450, 450, 450, 450] [235, 471] 13 3
[290, 310, 330, 350, 370, 390, 410, 430, 450, 470, 490, 510, 530] [450, 450, 450, 450, 450, 450, 450, 450, 450, 450, 450, 450, 450] [235, 471] 13 3
[270, 290, 310, 330, 350, 370, 390, 410, 430, 450, 470, 490, 510] [450, 450, 450, 450, 450, 450, 450, 450, 450, 450, 450, 450, 450] [235, 471] 13 3
[250, 270, 290, 310, 330, 350, 370, 390, 410, 430, 450, 470, 490] [450, 450, 450, 450, 450, 450, 450, 450, 450, 450, 450, 450, 450] [235, 471] 13 3
[230, 250, 270, 290, 310, 330, 350, 370, 390, 410, 430, 450, 470] [450, 450, 450, 450, 450, 450, 450, 450, 450, 450, 450, 450, 450] [235, 471] 13 3
[210, 230, 250, 270, 290, 310, 330, 350, 370, 390, 410, 430, 450] [450, 450, 450, 450, 450, 450, 450, 450, 450, 450, 450, 450, 450] [235, 471] 13 3
[210, 210, 230, 250, 270, 290, 310, 330, 350, 370, 390, 410, 430] [470, 450, 450, 450, 450, 450, 450, 450, 450, 450, 450, 450, 450] [235, 471] 13 0
[230, 210, 210, 230, 250, 270, 290, 310, 330, 350, 370, 390, 410] [470, 470, 450, 450, 450, 450, 450, 450, 450, 450, 450, 450, 450] [235, 471] 13 1
[250, 230, 210, 210, 230, 250, 270, 290, 310, 330, 350, 370, 390, 410] [470, 470, 470, 450, 450, 450, 450, 450, 450, 450, 450, 450, 450, 450] [416, 495] 14 1
[270, 250, 230, 210, 210, 230, 250, 270, 290, 310, 330, 350, 370, 390] [470, 470, 470, 470, 450, 450, 450, 450, 450, 450, 450, 450, 450, 450] [416, 495] 14 1
[290, 270, 250, 230, 210, 210, 230, 250, 270, 290, 310, 330, 350, 370] [470, 470, 470, 470, 470, 450, 450, 450, 450, 450, 450, 450, 450, 450] [416, 495] 14 1
[310, 290, 270, 250, 230, 210, 210, 230, 250, 270, 290, 310, 330, 350] [470, 470, 470, 470, 470, 470, 450, 450, 450, 450, 450, 450, 450, 450] [416, 495] 14 1
[330, 310, 290, 270, 250, 230, 210, 210, 230, 250, 270, 290, 310, 330] [470, 470, 470, 470, 470, 470, 470, 450, 450, 450, 450, 450, 450, 450] [416, 495] 14 1
[350, 330, 310, 290, 270, 250, 230, 210, 210, 230, 250, 270, 290, 310] [470, 470, 470, 470, 470, 470, 470, 470, 450, 450, 450, 450, 450, 450] [416, 495] 14 1
[370, 350, 330, 310, 290, 270, 250, 230, 210, 210, 230, 250, 270, 290] [470, 470, 470, 470, 470, 470, 470, 470, 470, 450, 450, 450, 450, 450] [416, 495] 14 1
[390, 370, 350, 330, 310, 290, 270, 250, 230, 210, 210, 230, 250, 270] [470, 470, 470, 470, 470, 470, 470, 470, 470, 470, 450, 450, 450, 450] [416, 495] 14 1
[410, 390, 370, 350, 330, 310, 290, 270, 250, 230, 210, 210, 230, 250] [470, 470, 470, 470, 470, 470, 470, 470, 470, 470, 470, 450, 450, 450] [416, 495] 14 1
[410, 410, 390, 370, 350, 330, 310, 290, 270, 250, 230, 210, 210, 230] [490, 470, 470, 470, 470, 470, 470, 470, 470, 470, 470, 470, 450, 450] [416, 495] 14 0
[410, 410, 410, 390, 370, 350, 330, 310, 290, 270, 250, 230, 210, 210, 230] [510, 490, 470, 470, 470, 470, 470, 470, 470, 470, 470, 470, 470, 450, 450] [232, 148] 15 0
[390, 410, 410, 410, 390, 370, 350, 330, 310, 290, 270, 250, 230, 210, 210] [510, 510, 490, 470, 470, 470, 470, 470, 470, 470, 470, 470, 470, 470, 450] [232, 148] 15 3
[370, 390, 410, 410, 410, 390, 370, 350, 330, 310, 290, 270, 250, 230, 210] [510, 510, 510, 490, 470, 470, 470, 470, 470, 470, 470, 470, 470, 470, 470] [232, 148] 15 3
[350, 370, 390, 410, 410, 410, 390, 370, 350, 330, 310, 290, 270, 250, 230] [510, 510, 510, 510, 490, 470, 470, 470, 470, 470, 470, 470, 470, 470, 470] [232, 148] 15 3
[330, 350, 370, 390, 410, 410, 410, 390, 370, 350, 330, 310, 290, 270, 250] [510, 510, 510, 510, 510, 490, 470, 470, 470, 470, 470, 470, 470, 470, 470] [232, 148] 15 3
[310, 330, 350, 370, 390, 410, 410, 410, 390, 370, 350, 330, 310, 290, 270] [510, 510, 510, 510, 510, 510, 490, 470, 470, 470, 470, 470, 470, 470, 470] [232, 148] 15 3
[290, 310, 330, 350, 370, 390, 410, 410, 410, 390, 370, 350, 330, 310, 290] [510, 510, 510, 510, 510, 510, 510, 490, 470, 470, 470, 470, 470, 470, 470] [232, 148] 15 3
[270, 290, 310, 330, 350, 370, 390, 410, 410, 410, 390, 370, 350, 330, 310] [510, 510, 510, 510, 510, 510, 510, 510, 490, 470, 470, 470, 470, 470, 470] [232, 148] 15 3
[250, 270, 290, 310, 330, 350, 370, 390, 410, 410, 410, 390, 370, 350, 330] [510, 510, 510, 510, 510, 510, 510, 510, 510, 490, 470, 470, 470, 470, 470] [232, 148] 15 3
[230, 250, 270, 290, 310, 330, 350, 370, 390, 410, 410, 410, 390, 370, 350] [510, 510, 510, 510, 510, 510, 510, 510, 510, 510, 490, 470, 470, 470, 470] [232, 148] 15 3
[210, 230, 250, 270, 290, 310, 330, 350, 370, 390, 410, 410, 410, 390, 370] [510, 510, 510, 510, 510, 510, 510, 510, 510, 510, 510, 490, 470, 470, 470] [232, 148] 15 3
[210, 210, 230, 250, 270, 290, 310, 330, 350, 370, 390, 410, 410, 410, 390] [490, 510, 510, 510, 510, 510, 510, 510, 510, 510, 510, 510, 490, 470, 470] [232, 148] 15 2
[210, 210, 210, 230, 250, 270, 290, 310, 330, 350, 370, 390, 410, 410, 410] [470, 490, 510, 510, 510, 510, 510, 510, 510, 510, 510, 510, 510, 490, 470] [232, 148] 15 2
[210, 210, 210, 210, 230, 250, 270, 290, 310, 330, 350, 370, 390, 410, 410] [450, 470, 490, 510, 510, 510, 510, 510, 510, 510, 510, 510, 510, 510, 490] [232, 148] 15 2
[210, 210, 210, 210, 210, 230, 250, 270, 290, 310, 330, 350, 370, 390, 410] [430, 450, 470, 490, 510, 510, 510, 510, 510, 510, 510, 510, 510, 510, 510] [232, 148] 15 2
[210, 210, 210, 210, 210, 210, 230, 250, 270, 290, 310, 330, 350, 370, 390] [410, 430, 450, 470, 490, 510, 510, 510, 510, 510, 510, 510, 510, 510, 510] [232, 148] 15 2
[210, 210, 210, 210, 210, 210, 210, 230, 250, 270, 290, 310, 330, 350, 370] [390, 410, 430, 450, 470, 490, 510, 510, 510, 510, 510, 510, 510, 510, 510] [232, 148] 15 2
[210, 210, 210, 210, 210, 210, 210, 210, 230, 250, 270, 290, 310, 330, 350] [370, 390, 410, 430, 450, 470, 490, 510, 510, 510, 510, 510, 510, 510, 510] [232, 148] 15 2
[210, 210, 210, 210, 210, 210, 210, 210, 210, 230, 250, 270, 290, 310, 330] [350, 370, 390, 410, 430, 450, 470, 490, 510, 510, 510, 510, 510, 510, 510] [232, 148] 15 2
[210, 210, 210, 210, 210, 210, 210, 210, 210, 210, 230, 250, 270, 290, 310] [330, 350, 370, 390, 410, 430, 450, 470, 490, 510, 510, 510, 510, 510, 510] [232, 148] 15 2
[210, 210, 210, 210, 210, 210, 210, 210, 210, 210, 210, 230, 250, 270, 290] [310, 330, 350, 370, 390, 410, 430, 450, 470, 490, 510, 510, 510, 510, 510] [232, 148] 15 2
[210, 210, 210, 210, 210, 210, 210, 210, 210, 210, 210, 210, 230, 250, 270] [290, 310, 330, 350, 370, 390, 410, 430, 450, 470, 490, 510, 510, 510, 510] [232, 148] 15 2
[210, 210, 210, 210, 210, 210, 210, 210, 210, 210, 210, 210, 210, 230, 250] [270, 290, 310, 330, 350, 370, 390, 410, 430, 450, 470, 490, 510, 510, 510] [232, 148] 15 2
[210, 210, 210, 210, 210, 210, 210, 210, 210, 210, 210, 210, 210, 210, 230] [250, 270, 290, 310, 330, 350, 370, 390, 410, 430, 450, 470, 490, 510, 510] [232, 148] 15 2
[210, 210, 210, 210, 210, 210, 210, 210, 210, 210, 210, 210, 210, 210, 210] [230, 250, 270, 290, 310, 330, 350, 370, 390, 410, 430, 450, 470, 490, 510] [232, 148] 15 2
[210, 210, 210, 210, 210, 210, 210, 210, 210, 210, 210, 210, 210, 210, 210] [210, 230, 250, 270, 290, 310, 330, 350, 370, 390, 410, 430, 450, 470, 490] [232, 148] 15 2
[210, 210, 210, 210, 210, 210, 210, 210, 210, 210, 210, 210, 210, 210, 210] [190, 210, 230, 250, 270, 290, 310, 330, 350, 370, 390, 410, 430, 450, 470] [232, 148] 15 2
[210, 210, 210, 210, 210, 210, 210, 210, 210, 210, 210, 210, 210, 210, 210] [170, 190, 210, 230, 250, 270, 290, 310, 330, 350, 370, 390, 410, 430, 450] [232, 148] 15 2
[210, 210, 210, 210, 210, 210, 210, 210, 210, 210, 210, 210, 210, 210, 210] [150, 170, 190, 210, 230, 250, 270, 290, 310, 330, 350, 370, 390, 410, 430] [232, 148] 15 2
[210, 210, 210, 210, 210, 210, 210, 210, 210, 210, 210, 210, 210, 210, 210] [130, 150, 170, 190, 210, 230, 250, 270, 290, 310, 330, 350, 370, 390, 410] [232, 148] 15 2
[230, 210, 210, 210, 210, 210, 210, 210, 210, 210, 210, 210, 210, 210, 210] [130, 130, 150, 170, 190, 210, 230, 250, 270, 290, 310, 330, 350, 370, 390] [232, 148] 15 1
[230, 230, 210, 210, 210, 210, 210, 210, 210, 210, 210, 210, 210, 210, 210, 210] [150, 130, 130, 150, 170, 190, 210, 230, 250, 270, 290, 310, 330, 350, 370, 390] [555, 579] 16 0
[230, 230, 230, 210, 210, 210, 210, 210, 210, 210, 210, 210, 210, 210, 210, 210] [170, 150, 130, 130, 150, 170, 190, 210, 230, 250, 270, 290, 310, 330, 350, 370] [555, 579] 16 0
[230, 230, 230, 230, 210, 210, 210, 210, 210, 210, 210, 210, 210, 210, 210, 210] [190, 170, 150, 130, 130, 150, 170, 190, 210, 230, 250, 270, 290, 310, 330, 350] [555, 579] 16 0
[230, 230, 230, 230, 230, 210, 210, 210, 210, 210, 210, 210, 210, 210, 210, 210] [210, 190, 170, 150, 130, 130, 150, 170, 190, 210, 230, 250, 270, 290, 310, 330] [555, 579] 16 0
[230, 230, 230, 230, 230, 230, 210, 210, 210, 210, 210, 210, 210, 210, 210, 210] [230, 210, 190, 170, 150, 130, 130, 150, 170, 190, 210, 230, 250, 270, 290, 310] [555, 579] 16 0
[230, 230, 230, 230, 230, 230, 230, 210, 210, 210, 210, 210, 210, 210, 210, 210] [250, 230, 210, 190, 170, 150, 130, 130, 150, 170, 190, 210, 230, 250, 270, 290] [555, 579] 16 0
[230, 230, 230, 230, 230, 230, 230, 230, 210, 210, 210, 210, 210, 210, 210, 210] [270, 250, 230, 210, 190, 170, 150, 130, 130, 150, 170, 190, 210, 230, 250, 270] [555, 579] 16 0
[230, 230, 230, 230, 230, 230, 230, 230, 230, 210, 210, 210, 210, 210, 210, 210] [290, 270, 250, 230, 210, 190, 170, 150, 130, 130, 150, 170, 190, 210, 230, 250] [555, 579] 16 0
[230, 230, 230, 230, 230, 230, 230, 230, 230, 230, 210, 210, 210, 210, 210, 210] [310, 290, 270, 250, 230, 210, 190, 170, 150, 130, 130, 150, 170, 190, 210, 230] [555, 579] 16 0
[230, 230, 230, 230, 230, 230, 230, 230, 230, 230, 230, 210, 210, 210, 210, 210] [330, 310, 290, 270, 250, 230, 210, 190, 170, 150, 130, 130, 150, 170, 190, 210] [555, 579] 16 0
[230, 230, 230, 230, 230, 230, 230, 230, 230, 230, 230, 230, 210, 210, 210, 210] [350, 330, 310, 290, 270, 250, 230, 210, 190, 170, 150, 130, 130, 150, 170, 190] [555, 579] 16 0
[230, 230, 230, 230, 230, 230, 230, 230, 230, 230, 230, 230, 230, 210, 210, 210] [370, 350, 330, 310, 290, 270, 250, 230, 210, 190, 170, 150, 130, 130, 150, 170] [555, 579] 16 0
[230, 230, 230, 230, 230, 230, 230, 230, 230, 230, 230, 230, 230, 230, 210, 210] [390, 370, 350, 330, 310, 290, 270, 250, 230, 210, 190, 170, 150, 130, 130, 150] [555, 579] 16 0
[230, 230, 230, 230, 230, 230, 230, 230, 230, 230, 230, 230, 230, 230, 230, 210] [410, 390, 370, 350, 330, 310, 290, 270, 250, 230, 210, 190, 170, 150, 130, 130] [555, 579] 16 0
[230, 230, 230, 230, 230, 230, 230, 230, 230, 230, 230, 230, 230, 230, 230, 230] [430, 410, 390, 370, 350, 330, 310, 290, 270, 250, 230, 210, 190, 170, 150, 130] [555, 579] 16 0
[230, 230, 230, 230, 230, 230, 230, 230, 230, 230, 230, 230, 230, 230, 230, 230] [450, 430, 410, 390, 370, 350, 330, 310, 290, 270, 250, 230, 210, 190, 170, 150] [555, 579] 16 0
[230, 230, 230, 230, 230, 230, 230, 230, 230, 230, 230, 230, 230, 230, 230, 230] [470, 450, 430, 410, 390, 370, 350, 330, 310, 290, 270, 250, 230, 210, 190, 170] [555, 579] 16 0
[230, 230, 230, 230, 230, 230, 230, 230, 230, 230, 230, 230, 230, 230, 230, 230] [490, 470, 450, 430, 410, 390, 370, 350, 330, 310, 290, 270, 250, 230, 210, 190] [555, 579] 16 0
[230, 230, 230, 230, 230, 230, 230, 230, 230, 230, 230, 230, 230, 230, 230, 230] [510, 490, 470, 450, 430, 410, 390, 370, 350, 330, 310, 290, 270, 250, 230, 210] [555, 579] 16 0
[230, 230, 230, 230, 230, 230, 230, 230, 230, 230, 230, 230, 230, 230, 230, 230] [530, 510, 490, 470, 450, 430, 410, 390, 370, 350, 330, 310, 290, 270, 250, 230] [555, 579] 16 0
[230, 230, 230, 230, 230, 230, 230, 230, 230, 230, 230, 230, 230, 230, 230, 230] [550, 530, 510, 490, 470, 450, 430, 410, 390, 370, 350, 330, 310, 290, 270, 250] [555, 579] 16 0
[230, 230, 230, 230, 230, 230, 230, 230, 230, 230, 230, 230, 230, 230, 230, 230] [570, 550, 530, 510, 490, 470, 450, 430, 410, 390, 370, 350, 330, 310, 290, 270] [555, 579] 16 0
[250, 230, 230, 230, 230, 230, 230, 230, 230, 230, 230, 230, 230, 230, 230, 230] [570, 570, 550, 530, 510, 490, 470, 450, 430, 410, 390, 370, 350, 330, 310, 290] [555, 579] 16 1
[270, 250, 230, 230, 230, 230, 230, 230, 230, 230, 230, 230, 230, 230, 230, 230] [570, 570, 570, 550, 530, 510, 490, 470, 450, 430, 410, 390, 370, 350, 330, 310] [555, 579] 16 1
[290, 270, 250, 230, 230, 230, 230, 230, 230, 230, 230, 230, 230, 230, 230, 230] [570, 570, 570, 570, 550, 530, 510, 490, 470, 450, 430, 410, 390, 370, 350, 330] [555, 579] 16 1
[310, 290, 270, 250, 230, 230, 230, 230, 230, 230, 230, 230, 230, 230, 230, 230] [570, 570, 570, 570, 570, 550, 530, 510, 490, 470, 450, 430, 410, 390, 370, 350] [555, 579] 16 1
[330, 310, 290, 270, 250, 230, 230, 230, 230, 230, 230, 230, 230, 230, 230, 230] [570, 570, 570, 570, 570, 570, 550, 530, 510, 490, 470, 450, 430, 410, 390, 370] [555, 579] 16 1
[350, 330, 310, 290, 270, 250, 230, 230, 230, 230, 230, 230, 230, 230, 230, 230] [570, 570, 570, 570, 570, 570, 570, 550, 530, 510, 490, 470, 450, 430, 410, 390] [555, 579] 16 1
[370, 350, 330, 310, 290, 270, 250, 230, 230, 230, 230, 230, 230, 230, 230, 230] [570, 570, 570, 570, 570, 570, 570, 570, 550, 530, 510, 490, 470, 450, 430, 410] [555, 579] 16 1
[390, 370, 350, 330, 310, 290, 270, 250, 230, 230, 230, 230, 230, 230, 230, 230] [570, 570, 570, 570, 570, 570, 570, 570, 570, 550, 530, 510, 490, 470, 450, 430] [555, 579] 16 1
[410, 390, 370, 350, 330, 310, 290, 270, 250, 230, 230, 230, 230, 230, 230, 230] [570, 570, 570, 570, 570, 570, 570, 570, 570, 570, 550, 530, 510, 490, 470, 450] [555, 579] 16 1
[430, 410, 390, 370, 350, 330, 310, 290, 270, 250, 230, 230, 230, 230, 230, 230] [570, 570, 570, 570, 570, 570, 570, 570, 570, 570, 570, 550, 530, 510, 490, 470] [555, 579] 16 1
[450, 430, 410, 390, 370, 350, 330, 310, 290, 270, 250, 230, 230, 230, 230, 230] [570, 570, 570, 570, 570, 570, 570, 570, 570, 570, 570, 570, 550, 530, 510, 490] [555, 579] 16 1
[470, 450, 430, 410, 390, 370, 350, 330, 310, 290, 270, 250, 230, 230, 230, 230] [570, 570, 570, 570, 570, 570, 570, 570, 570, 570, 570, 570, 570, 550, 530, 510] [555, 579] 16 1
[490, 470, 450, 430, 410, 390, 370, 350, 330, 310, 290, 270, 250, 230, 230, 230] [570, 570, 570, 570, 570, 570, 570, 570, 570, 570, 570, 570, 570, 570, 550, 530] [555, 579] 16 1
[510, 490, 470, 450, 430, 410, 390, 370, 350, 330, 310, 290, 270, 250, 230, 230] [570, 570, 570, 570, 570, 570, 570, 570, 570, 570, 570, 570, 570, 570, 570, 550] [555, 579] 16 1
[530, 510, 490, 470, 450, 430, 410, 390, 370, 350, 330, 310, 290, 270, 250, 230] [570, 570, 570, 570, 570, 570, 570, 570, 570, 570, 570, 570, 570, 570, 570, 570] [555, 579] 16 1
[550, 530, 510, 490, 470, 450, 430, 410, 390, 370, 350, 330, 310, 290, 270, 250] [570, 570, 570, 570, 570, 570, 570, 570, 570, 570, 570, 570, 570, 570, 570, 570] [555, 579] 16 1
