[290, 290, 290, 290, 290] [290, 270, 250, 230, 210] [416, 451] 5 0
[290, 290, 290, 290, 290] [310, 290, 270, 250, 230] [416, 451] 5 0
[290, 290, 290, 290, 290] [330, 310, 290, 270, 250] [416, 451] 5 0
[290, 290, 290, 290, 290] [350, 330, 310, 290, 270] [416, 451] 5 0
[290, 290, 290, 290, 290] [370, 350, 330, 310, 290] [416, 451] 5 0
[290, 290, 290, 290, 290] [390, 370, 350, 330, 310] [416, 451] 5 0
[290, 290, 290, 290, 290] [410, 390, 370, 350, 330] [416, 451] 5 0
[290, 290, 290, 290, 290] [430, 410, 390, 370, 350] [416, 451] 5 0
[290, 290, 290, 290, 290] [450, 430, 410, 390, 370] [416, 451] 5 0
[310, 290, 290, 290, 290] [450, 450, 430, 410, 390] [416, 451] 5 1
[330, 310, 290, 290, 290] [450, 450, 450, 430, 410] [416, 451] 5 1
[350, 330, 310, 290, 290] [450, 450, 450, 450, 430] [416, 451] 5 1
[370, 350, 330, 310, 290] [450, 450, 450, 450, 450] [416, 451] 5 1
[390, 370, 350, 330, 310] [450, 450, 450, 450, 450] [416, 451] 5 1
[410, 390, 370, 350, 330] [450, 450, 450, 450, 450] [416, 451] 5 1
[430, 410, 390, 370, 350, 330] [450, 450, 450, 450, 450, 450] [205, 262] 6 1
[430, 430, 410, 390, 370, 350] [430, 450, 450, 450, 450, 450] [205, 262] 6 2
[430, 430, 430, 410, 390, 370] [410, 430, 450, 450, 450, 450] [205, 262] 6 2
[430, 430, 430, 430, 410, 390] [390, 410, 430, 450, 450, 450] [205, 262] 6 2
[430, 430, 430, 430, 430, 410] [370, 390, 410, 430, 450, 450] [205, 262] 6 2
[430, 430, 430, 430, 430, 430] [350, 370, 390, 410, 430, 450] [205, 262] 6 2
[430, 430, 430, 430, 430, 430] [330, 350, 370, 390, 410, 430] [205, 262] 6 2
[430, 430, 430, 430, 430, 430] [310, 330, 350, 370, 390, 410] [205, 262] 6 2
[430, 430, 430, 430, 430, 430] [290, 310, 330, 350, 370, 390] [205, 262] 6 2
[430, 430, 430, 430, 430, 430] [270, 290, 310, 330, 350, 370] [205, 262] 6 2
[430, 430, 430, 430, 430, 430] [250, 270, 290, 310, 330, 350] [205, 262] 6 2
[410, 430, 430, 430, 430, 430] [250, 250, 270, 290, 310, 330] [205, 262] 6 3
[390, 410, 430, 430, 430, 430] [250, 250, 250, 270, 290, 310] [205, 262] 6 3
[370, 390, 410, 430, 430, 430] [250, 250, 250, 250, 270, 290] [205, 262] 6 3
[350, 370, 390, 410, 430, 430] [250, 250, 250, 250, 250, 270] [205, 262] 6 3
[330, 350, 370, 390, 410, 430] [250, 250, 250, 250, 250, 250] [205, 262] 6 3
[310, 330, 350, 370, 390, 410] [250, 250, 250, 250, 250, 250] [205, 262] 6 3
[290, 310, 330, 350, 370, 390] [250, 250, 250, 250, 250, 250] [205, 262] 6 3
[270, 290, 310, 330, 350, 370] [250, 250, 250, 250, 250, 250] [205, 262] 6 3
[250, 270, 290, 310, 330, 350] [250, 250, 250, 250, 250, 250] [205, 262] 6 3
[230, 250, 270, 290, 310, 330] [250, 250, 250, 250, 250, 250] [205, 262] 6 3
[210, 230, 250, 270, 290, 310] [250, 250, 250, 250, 250, 250] [205, 262] 6 3
[190, 210, 230, 250, 270, 290, 310] [250, 250, 250, 250, 250, 250, 250] [17, 541] 7 3
[170, 190, 210, 230, 250, 270, 290] [250, 250, 250, 250, 250, 250, 250] [17, 541] 7 3
[150, 170, 190, 210, 230, 250, 270] [250, 250, 250, 250, 250, 250, 250] [17, 541] 7 3
[130, 150, 170, 190, 210, 230, 250] [250, 250, 250, 250, 250, 250, 250] [17, 541] 7 3
[110, 130, 150, 170, 190, 210, 230] [250, 250, 250, 250, 250, 250, 250] [17, 541] 7 3
[90, 110, 130, 150, 170, 190, 210] [250, 250, 250, 250, 250, 250, 250] [17, 541] 7 3
[70, 90, 110, 130, 150, 170, 190] [250, 250, 250, 250, 250, 250, 250] [17, 541] 7 3
[50, 70, 90, 110, 130, 150, 170] [250, 250, 250, 250, 250, 250, 250] [17, 541] 7 3
[30, 50, 70, 90, 110, 130, 150] [250, 250, 250, 250, 250, 250, 250] [17, 541] 7 3
[10, 30, 50, 70, 90, 110, 130] [250, 250, 250, 250, 250, 250, 250] [17, 541] 7 3
[10, 10, 30, 50, 70, 90, 110] [270, 250, 250, 250, 250, 250, 250] [17, 541] 7 0
[10, 10, 10, 30, 50, 70, 90] [290, 270, 250, 250, 250, 250, 250] [17, 541] 7 0
[10, 10, 10, 10, 30, 50, 70] [310, 290, 270, 250, 250, 250, 250] [17, 541] 7 0
[10, 10, 10, 10, 10, 30, 50] [330, 310, 290, 270, 250, 250, 250] [17, 541] 7 0
[10, 10, 10, 10, 10, 10, 30] [350, 330, 310, 290, 270, 250, 250] [17, 541] 7 0
[10, 10, 10, 10, 10, 10, 10] [370, 350, 330, 310, 290, 270, 250] [17, 541] 7 0
[10, 10, 10, 10, 10, 10, 10] [390, 370, 350, 330, 310, 290, 270] [17, 541] 7 0
[10, 10, 10, 10, 10, 10, 10] [410, 390, 370, 350, 330, 310, 290] [17, 541] 7 0
[10, 10, 10, 10, 10, 10, 10] [430, 410, 390, 370, 350, 330, 310] [17, 541] 7 0
[10, 10, 10, 10, 10, 10, 10] [450, 430, 410, 390, 370, 350, 330] [17, 541] 7 0
[10, 10, 10, 10, 10, 10, 10] [470, 450, 430, 410, 390, 370, 350] [17, 541] 7 0
[10, 10, 10, 10, 10, 10, 10] [490, 470, 450, 430, 410, 390, 370] [17, 541] 7 0
[10, 10, 10, 10, 10, 10, 10] [510, 490, 470, 450, 430, 410, 390] [17, 541] 7 0
[10, 10, 10, 10, 10, 10, 10] [530, 510, 490, 470, 450, 430, 410] [17, 541] 7 0
[10, 10, 10, 10, 10, 10, 10, 10] [550, 530, 510, 490, 470, 450, 430, 410] [150, 551] 8 0
[30, 10, 10, 10, 10, 10, 10, 10] [550, 550, 530, 510, 490, 470, 450, 430] [150, 551] 8 1
[50, 30, 10, 10, 10, 10, 10, 10] [550, 550, 550, 530, 510, 490, 470, 450] [150, 551] 8 1
[70, 50, 30, 10, 10, 10, 10, 10] [550, 550, 550, 550, 530, 510, 490, 470] [150, 551] 8 1
[90, 70, 50, 30, 10, 10, 10, 10] [550, 550, 550, 550, 550, 530, 510, 490] [150, 551] 8 1
[110, 90, 70, 50, 30, 10, 10, 10] [550, 550, 550, 550, 550, 550, 530, 510] [150, 551] 8 1
[130, 110, 90, 70, 50, 30, 10, 10] [550, 550, 550, 550, 550, 550, 550, 530] [150, 551] 8 1
[150, 130, 110, 90, 70, 50, 30, 10] [550, 550, 550, 550, 550, 550, 550, 550] [150, 551] 8 1
[170, 150, 130, 110, 90, 70, 50, 30, 10] [550, 550, 550, 550, 550, 550, 550, 550, 550] [57, 45] 9 1
[190, 170, 150, 130, 110, 90, 70, 50, 30] [550, 550, 550, 550, 550, 550, 550, 550, 550] [57, 45] 9 1
[210, 190, 170, 150, 130, 110, 90, 70, 50] [550, 550, 550, 550, 550, 550, 550, 550, 550] [57, 45] 9 1
[210, 210, 190, 170, 150, 130, 110, 90, 70] [530, 550, 550, 550, 550, 550, 550, 550, 550] [57, 45] 9 2
[210, 210, 210, 190, 170, 150, 130, 110, 90] [510, 530, 550, 550, 550, 550, 550, 550, 550] [57, 45] 9 2
[210, 210, 210, 210, 190, 170, 150, 130, 110] [490, 510, 530, 550, 550, 550, 550, 550, 550] [57, 45] 9 2
[210, 210, 210, 210, 210, 190, 170, 150, 130] [470, 490, 510, 530, 550, 550, 550, 550, 550] [57, 45] 9 2
[210, 210, 210, 210, 210, 210, 190, 170, 150] [450, 470, 490, 510, 530, 550, 550, 550, 550] [57, 45] 9 2
[210, 210, 210, 210, 210, 210, 210, 190, 170] [430, 450, 470, 490, 510, 530, 550, 550, 550] [57, 45] 9 2
[210, 210, 210, 210, 210, 210, 210, 210, 190] [410, 430, 450, 470, 490, 510, 530, 550, 550] [57, 45] 9 2
[210, 210, 210, 210, 210, 210, 210, 210, 210] [390, 410, 430, 450, 470, 490, 510, 530, 550] [57, 45] 9 2
[210, 210, 210, 210, 210, 210, 210, 210, 210] [370, 390, 410, 430, 450, 470, 490, 510, 530] [57, 45] 9 2
[210, 210, 210, 210, 210, 210, 210, 210, 210] [350, 370, 390, 410, 430, 450, 470, 490, 510] [57, 45] 9 2
[210, 210, 210, 210, 210, 210, 210, 210, 210] [330, 350, 370, 390, 410, 430, 450, 470, 490] [57, 45] 9 2
[210, 210, 210, 210, 210, 210, 210, 210, 210] [310, 330, 350, 370, 390, 410, 430, 450, 470] [57, 45] 9 2
[210, 210, 210, 210, 210, 210, 210, 210, 210] [290, 310, 330, 350, 370, 390, 410, 430, 450] [57, 45] 9 2
[210, 210, 210, 210, 210, 210, 210, 210, 210] [270, 290, 310, 330, 350, 370, 390, 410, 430] [57, 45] 9 2
[210, 210, 210, 210, 210, 210, 210, 210, 210] [250, 270, 290, 310, 330, 350, 370, 390, 410] [57, 45] 9 2
[210, 210, 210, 210, 210, 210, 210, 210, 210] [230, 250, 270, 290, 310, 330, 350, 370, 390] [57, 45] 9 2
[210, 210, 210, 210, 210, 210, 210, 210, 210] [210, 230, 250, 270, 290, 310, 330, 350, 370] [57, 45] 9 2
[210, 210, 210, 210, 210, 210, 210, 210, 210] [190, 210, 230, 250, 270, 290, 310, 330, 350] [57, 45] 9 2
[210, 210, 210, 210, 210, 210, 210, 210, 210] [170, 190, 210, 230, 250, 270, 290, 310, 330] [57, 45] 9 2
[210, 210, 210, 210, 210, 210, 210, 210, 210] [150, 170, 190, 210, 230, 250, 270, 290, 310] [57, 45] 9 2
[210, 210, 210, 210, 210, 210, 210, 210, 210] [130, 150, 170, 190, 210, 230, 250, 270, 290] [57, 45] 9 2
[210, 210, 210, 210, 210, 210, 210, 210, 210] [110, 130, 150, 170, 190, 210, 230, 250, 270] [57, 45] 9 2
[210, 210, 210, 210, 210, 210, 210, 210, 210] [90, 110, 130, 150, 170, 190, 210, 230, 250] [57, 45] 9 2
[210, 210, 210, 210, 210, 210, 210, 210, 210] [70, 90, 110, 130, 150, 170, 190, 210, 230] [57, 45] 9 2
[210, 210, 210, 210, 210, 210, 210, 210, 210] [50, 70, 90, 110, 130, 150, 170, 190, 210] [57, 45] 9 2
[190, 210, 210, 210, 210, 210, 210, 210, 210] [50, 50, 70, 90, 110, 130, 150, 170, 190] [57, 45] 9 3
[170, 190, 210, 210, 210, 210, 210, 210, 210] [50, 50, 50, 70, 90, 110, 130, 150, 170] [57, 45] 9 3
[150, 170, 190, 210, 210, 210, 210, 210, 210] [50, 50, 50, 50, 70, 90, 110, 130, 150] [57, 45] 9 3
[130, 150, 170, 190, 210, 210, 210, 210, 210] [50, 50, 50, 50, 50, 70, 90, 110, 130] [57, 45] 9 3
[110, 130, 150, 170, 190, 210, 210, 210, 210] [50, 50, 50, 50, 50, 50, 70, 90, 110] [57, 45] 9 3
[90, 110, 130, 150, 170, 190, 210, 210, 210] [50, 50, 50, 50, 50, 50, 50, 70, 90] [57, 45] 9 3
[70, 90, 110, 130, 150, 170, 190, 210, 210] [50, 50, 50, 50, 50, 50, 50, 50, 70] [57, 45] 9 3
[50, 70, 90, 110, 130, 150, 170, 190, 210] [50, 50, 50, 50, 50, 50, 50, 50, 50] [57, 45] 9 3
