[290, 290, 290, 290, 290] [290, 270, 250, 230, 210] [305, 502] 5 0
[290, 290, 290, 290, 290] [310, 290, 270, 250, 230] [305, 502] 5 0
[290, 290, 290, 290, 290] [330, 310, 290, 270, 250] [305, 502] 5 0
[290, 290, 290, 290, 290] [350, 330, 310, 290, 270] [305, 502] 5 0
[290, 290, 290, 290, 290] [370, 350, 330, 310, 290] [305, 502] 5 0
[290, 290, 290, 290, 290] [390, 370, 350, 330, 310] [305, 502] 5 0
[290, 290, 290, 290, 290] [410, 390, 370, 350, 330] [305, 502] 5 0
[290, 290, 290, 290, 290] [430, 410, 390, 370, 350] [305, 502] 5 0
[290, 290, 290, 290, 290] [450, 430, 410, 390, 370] [305, 502] 5 0
[290, 290, 290, 290, 290] [470, 450, 430, 410, 390] [305, 502] 5 0
[290, 290, 290, 290, 290] [490, 470, 450, 430, 410] [305, 502] 5 0
[290, 290, 290, 290, 290, 290] [510, 490, 470, 450, 430, 410] [524, 234] 6 0
[310, 290, 290, 290, 290, 290] [510, 510, 490, 470, 450, 430] [524, 234] 6 1
[330, 310, 290, 290, 290, 290] [510, 510, 510, 490, 470, 450] [524, 234] 6 1
[350, 330, 310, 290, 290, 290] [510, 510, 510, 510, 490, 470] [524, 234] 6 1
[370, 350, 330, 310, 290, 290] [510, 510, 510, 510, 510, 490] [524, 234] 6 1
[390, 370, 350, 330, 310, 290] [510, 510, 510, 510, 510, 510] [524, 234] 6 1
[410, 390, 370, 350, 330, 310] [510, 510, 510, 510, 510, 510] [524, 234] 6 1
[430, 410, 390, 370, 350, 330] [510, 510, 510, 510, 510, 510] [524, 234] 6 1
[450, 430, 410, 390, 370, 350] [510, 510, 510, 510, 510, 510] [524, 234] 6 1
[470, 450, 430, 410, 390, 370] [510, 510, 510, 510, 510, 510] [524, 234] 6 1
[490, 470, 450, 430, 410, 390] [510, 510, 510, 510, 510, 510] [524, 234] 6 1
[510, 490, 470, 450, 430, 410] [510, 510, 510, 510, 510, 510] [524, 234] 6 1
[530, 510, 490, 470, 450, 430] [510, 510, 510, 510, 510, 510] [524, 234] 6 1
[530, 530, 510, 490, 470, 450] [490, 510, 510, 510, 510, 510] [524, 234] 6 2
[530, 530, 530, 510, 490, 470] [470, 490, 510, 510, 510, 510] [524, 234] 6 2
[530, 530, 530, 530, 510, 490] [450, 470, 490, 510, 510, 510] [524, 234] 6 2
[530, 530, 530, 530, 530, 510] [430, 450, 470, 490, 510, 510] [524, 234] 6 2
[530, 530, 530, 530, 530, 530] [410, 430, 450, 470, 490, 510] [524, 234] 6 2
[530, 530, 530, 530, 530, 530] [390, 410, 430, 450, 470, 490] [524, 234] 6 2
[530, 530, 530, 530, 530, 530] [370, 390, 410, 430, 450, 470] [524, 234] 6 2
[530, 530, 530, 530, 530, 530] [350, 370, 390, 410, 430, 450] [524, 234] 6 2
[530, 530, 530, 530, 530, 530] [330, 350, 370, 390, 410, 430] [524, 234] 6 2
[530, 530, 530, 530, 530, 530] [310, 330, 350, 370, 390, 410] [524, 234] 6 2
[530, 530, 530, 530, 530, 530] [290, 310, 330, 350, 370, 390] [524, 234] 6 2
[530, 530, 530, 530, 530, 530] [270, 290, 310, 330, 350, 370] [524, 234] 6 2
[530, 530, 530, 530, 530, 530] [250, 270, 290, 310, 330, 350] [524, 234] 6 2
[530, 530, 530, 530, 530, 530] [230, 250, 270, 290, 310, 330] [524, 234] 6 2
[530, 530, 530, 530, 530, 530, 530] [210, 230, 250, 270, 290, 310, 330] [468, 121] 7 2
[530, 530, 530, 530, 530, 530, 530] [190, 210, 230, 250, 270, 290, 310] [468, 121] 7 2
[530, 530, 530, 530, 530, 530, 530] [170, 190, 210, 230, 250, 270, 290] [468, 121] 7 2
[530, 530, 530, 530, 530, 530, 530] [150, 170, 190, 210, 230, 250, 270] [468, 121] 7 2
[530, 530, 530, 530, 530, 530, 530] [130, 150, 170, 190, 210, 230, 250] [468, 121] 7 2
[530, 530, 530, 530, 530, 530, 530] [110, 130, 150, 170, 190, 210, 230] [468, 121] 7 2
[510, 530, 530, 530, 530, 530, 530] [110, 110, 130, 150, 170, 190, 210] [468, 121] 7 3
[490, 510, 530, 530, 530, 530, 530] [110, 110, 110, 130, 150, 170, 190] [468, 121] 7 3
[470, 490, 510, 530, 530, 530, 530] [110, 110, 110, 110, 130, 150, 170] [468, 121] 7 3
[450, 470, 490, 510, 530, 530, 530, 530] [110, 110, 110, 110, 110, 130, 150, 170] [226, 287] 8 3
[430, 450, 470, 490, 510, 530, 530, 530] [110, 110, 110, 110, 110, 110, 130, 150] [226, 287] 8 3
[410, 430, 450, 470, 490, 510, 530, 530] [110, 110, 110, 110, 110, 110, 110, 130] [226, 287] 8 3
[390, 410, 430, 450, 470, 490, 510, 530] [110, 110, 110, 110, 110, 110, 110, 110] [226, 287] 8 3
[370, 390, 410, 430, 450, 470, 490, 510] [110, 110, 110, 110, 110, 110, 110, 110] [226, 287] 8 3
[350, 370, 390, 410, 430, 450, 470, 490] [110, 110, 110, 110, 110, 110, 110, 110] [226, 287] 8 3
[330, 350, 370, 390, 410, 430, 450, 470] [110, 110, 110, 110, 110, 110, 110, 110] [226, 287] 8 3
[310, 330, 350, 370, 390, 410, 430, 450] [110, 110, 110, 110, 110, 110, 110, 110] [226, 287] 8 3
[290, 310, 330, 350, 370, 390, 410, 430] [110, 110, 110, 110, 110, 110, 110, 110] [226, 287] 8 3
[270, 290, 310, 330, 350, 370, 390, 410] [110, 110, 110, 110, 110, 110, 110, 110] [226, 287] 8 3
[250, 270, 290, 310, 330, 350, 370, 390] [110, 110, 110, 110, 110, 110, 110, 110] [226, 287] 8 3
[230, 250, 270, 290, 310, 330, 350, 370] [110, 110, 110, 110, 110, 110, 110, 110] [226, 287] 8 3
[230, 230, 250, 270, 290, 310, 330, 350] [130, 110, 110, 110, 110, 110, 110, 110] [226, 287] 8 0
[230, 230, 230, 250, 270, 290, 310, 330] [150, 130, 110, 110, 110, 110, 110, 110] [226, 287] 8 0
[230, 230, 230, 230, 250, 270, 290, 310] [170, 150, 130, 110, 110, 110, 110, 110] [226, 287] 8 0
[230, 230, 230, 230, 230, 250, 270, 290] [190, 170, 150, 130, 110, 110, 110, 110] [226, 287] 8 0
[230, 230, 230, 230, 230, 230, 250, 270] [210, 190, 170, 150, 130, 110, 110, 110] [226, 287] 8 0
[230, 230, 230, 230, 230, 230, 230, 250] [230, 210, 190, 170, 150, 130, 110, 110] [226, 287] 8 0
[230, 230, 230, 230, 230, 230, 230, 230] [250, 230, 210, 190, 170, 150, 130, 110] [226, 287] 8 0
[230, 230, 230, 230, 230, 230, 230, 230] [270, 250, 230, 210, 190, 170, 150, 130] [226, 287] 8 0
[230, 230, 230, 230, 230, 230, 230, 230, 230] [290, 270, 250, 230, 210, 190, 170, 150, 130] [147, 334] 9 0
[230, 230, 230, 230, 230, 230, 230, 230, 230] [310, 290, 270, 250, 230, 210, 190, 170, 150] [147, 334] 9 0
[230, 230, 230, 230, 230, 230, 230, 230, 230] [330, 310, 290, 270, 250, 230, 210, 190, 170] [147, 334] 9 0
[210, 230, 230, 230, 230, 230, 230, 230, 230] [330, 330, 310, 290, 270, 250, 230, 210, 190] [147, 334] 9 3
[190, 210, 230, 230, 230, 230, 230, 230, 230] [330, 330, 330, 310, 290, 270, 250, 230, 210] [147, 334] 9 3
[170, 190, 210, 230, 230, 230, 230, 230, 230] [330, 330, 330, 330, 310, 290, 270, 250, 230] [147, 334] 9 3
[150, 170, 190, 210, 230, 230, 230, 230, 230] [330, 330, 330, 330, 330, 310, 290, 270, 250] [147, 334] 9 3
[130, 150, 170, 190, 210, 230, 230, 230, 230, 230] [330, 330, 330, 330, 330, 330, 310, 290, 270, 250] [223, 216] 10 3
[130, 130, 150, 170, 190, 210, 230, 230, 230, 230] [310, 330, 330, 330, 330, 330, 330, 310, 290, 270] [223, 216] 10 2
[130, 130, 130, 150, 170, 190, 210, 230, 230, 230] [290, 310, 330, 330, 330, 330, 330, 330, 310, 290] [223, 216] 10 2
[130, 130, 130, 130, 150, 170, 190, 210, 230, 230] [270, 290, 310, 330, 330, 330, 330, 330, 330, 310] [223, 216] 10 2
[130, 130, 130, 130, 130, 150, 170, 190, 210, 230] [250, 270, 290, 310, 330, 330, 330, 330, 330, 330] [223, 216] 10 2
[130, 130, 130, 130, 130, 130, 150, 170, 190, 210] [230, 250, 270, 290, 310, 330, 330, 330, 330, 330] [223, 216] 10 2
[130, 130, 130, 130, 130, 130, 130, 150, 170, 190] [210, 230, 250, 270, 290, 310, 330, 330, 330, 330] [223, 216] 10 2
[150, 130, 130, 130, 130, 130, 130, 130, 150, 170] [210, 210, 230, 250, 270, 290, 310, 330, 330, 330] [223, 216] 10 1
[170, 150, 130, 130, 130, 130, 130, 130, 130, 150] [210, 210, 210, 230, 250, 270, 290, 310, 330, 330] [223, 216] 10 1
[190, 170, 150, 130, 130, 130, 130, 130, 130, 130] [210, 210, 210, 210, 230, 250, 270, 290, 310, 330] [223, 216] 10 1
[210, 190, 170, 150, 130, 130, 130, 130, 130, 130] [210, 210, 210, 210, 210, 230, 250, 270, 290, 310] [223, 216] 10 1
[230, 210, 190, 170, 150, 130, 130, 130, 130, 130, 130] [210, 210, 210, 210, 210, 210, 230, 250, 270, 290, 310] [182, 363] 11 1
[230, 230, 210, 190, 170, 150, 130, 130, 130, 130, 130] [230, 210, 210, 210, 210, 210, 210, 230, 250, 270, 290] [182, 363] 11 0
[230, 230, 230, 210, 190, 170, 150, 130, 130, 130, 130] [250, 230, 210, 210, 210, 210, 210, 210, 230, 250, 270] [182, 363] 11 0
[230, 230, 230, 230, 210, 190, 170, 150, 130, 130, 130] [270, 250, 230, 210, 210, 210, 210, 210, 210, 230, 250] [182, 363] 11 0
[230, 230, 230, 230, 230, 210, 190, 170, 150, 130, 130] [290, 270, 250, 230, 210, 210, 210, 210, 210, 210, 230] [182, 363] 11 0
[230, 230, 230, 230, 230, 230, 210, 190, 170, 150, 130] [310, 290, 270, 250, 230, 210, 210, 210, 210, 210, 210] [182, 363] 11 0
[230, 230, 230, 230, 230, 230, 230, 210, 190, 170, 150] [330, 310, 290, 270, 250, 230, 210, 210, 210, 210, 210] [182, 363] 11 0
[230, 230, 230, 230, 230, 230, 230, 230, 210, 190, 170] [350, 330, 310, 290, 270, 250, 230, 210, 210, 210, 210] [182, 363] 11 0
[230, 230, 230, 230, 230, 230, 230, 230, 230, 210, 190] [370, 350, 330, 310, 290, 270, 250, 230, 210, 210, 210] [182, 363] 11 0
[210, 230, 230, 230, 230, 230, 230, 230, 230, 230, 210] [370, 370, 350, 330, 310, 290, 270, 250, 230, 210, 210] [182, 363] 11 3
[190, 210, 230, 230, 230, 230, 230, 230, 230, 230, 230] [370, 370, 370, 350, 330, 310, 290, 270, 250, 230, 210] [182, 363] 11 3
[170, 190, 210, 230, 230, 230, 230, 230, 230, 230, 230, 230] [370, 370, 370, 370, 350, 330, 310, 290, 270, 250, 230, 210] [427, 462] 12 3
[170, 170, 190, 210, 230, 230, 230, 230, 230, 230, 230, 230] [390, 370, 370, 370, 370, 350, 330, 310, 290, 270, 250, 230] [427, 462] 12 0
[170, 170, 170, 190, 210, 230, 230, 230, 230, 230, 230, 230] [410, 390, 370, 370, 370, 370, 350, 330, 310, 290, 270, 250] [427, 462] 12 0
[170, 170, 170, 170, 190, 210, 230, 230, 230, 230, 230, 230] [430, 410, 390, 370, 370, 370, 370, 350, 330, 310, 290, 270] [427, 462] 12 0
[170, 170, 170, 170, 170, 190, 210, 230, 230, 230, 230, 230] [450, 430, 410, 390, 370, 370, 370, 370, 350, 330, 310, 290] [427, 462] 12 0
[190, 170, 170, 170, 170, 170, 190, 210, 230, 230, 230, 230] [450, 450, 430, 410, 390, 370, 370, 370, 370, 350, 330, 310] [427, 462] 12 1
[210, 190, 170, 170, 170, 170, 170, 190, 210, 230, 230, 230] [450, 450, 450, 430, 410, 390, 370, 370, 370, 370, 350, 330] [427, 462] 12 1
[230, 210, 190, 170, 170, 170, 170, 170, 190, 210, 230, 230] [450, 450, 450, 450, 430, 410, 390, 370, 370, 370, 370, 350] [427, 462] 12 1
[250, 230, 210, 190, 170, 170, 170, 170, 170, 190, 210, 230] [450, 450, 450, 450, 450, 430, 410, 390, 370, 370, 370, 370] [427, 462] 12 1
[270, 250, 230, 210, 190, 170, 170, 170, 170, 170, 190, 210] [450, 450, 450, 450, 450, 450, 430, 410, 390, 370, 370, 370] [427, 462] 12 1
[290, 270, 250, 230, 210, 190, 170, 170, 170, 170, 170, 190] [450, 450, 450, 450, 450, 450, 450, 430, 410, 390, 370, 370] [427, 462] 12 1
[310, 290, 270, 250, 230, 210, 190, 170, 170, 170, 170, 170] [450, 450, 450, 450, 450, 450, 450, 450, 430, 410, 390, 370] [427, 462] 12 1
[330, 310, 290, 270, 250, 230, 210, 190, 170, 170, 170, 170] [450, 450, 450, 450, 450, 450, 450, 450, 450, 430, 410, 390] [427, 462] 12 1
[350, 330, 310, 290, 270, 250, 230, 210, 190, 170, 170, 170] [450, 450, 450, 450, 450, 450, 450, 450, 450, 450, 430, 410] [427, 462] 12 1
[370, 350, 330, 310, 290, 270, 250, 230, 210, 190, 170, 170] [450, 450, 450, 450, 450, 450, 450, 450, 450, 450, 450, 430] [427, 462] 12 1
[390, 370, 350, 330, 310, 290, 270, 250, 230, 210, 190, 170] [450, 450, 450, 450, 450, 450, 450, 450, 450, 450, 450, 450] [427, 462] 12 1
[410, 390, 370, 350, 330, 310, 290, 270, 250, 230, 210, 190] [450, 450, 450, 450, 450, 450, 450, 450, 450, 450, 450, 450] [427, 462] 12 1
[430, 410, 390, 370, 350, 330, 310, 290, 270, 250, 230, 210, 190] [450, 450, 450, 450, 450, 450, 450, 450, 450, 450, 450, 450, 450] [254, 572] 13 1
[430, 430, 410, 390, 370, 350, 330, 310, 290, 270, 250, 230, 210] [470, 450, 450, 450, 450, 450, 450, 450, 450, 450, 450, 450, 450] [254, 572] 13 0
[430, 430, 430, 410, 390, 370, 350, 330, 310, 290, 270, 250, 230] [490, 470, 450, 450, 450, 450, 450, 450, 450, 450, 450, 450, 450] [254, 572] 13 0
[430, 430, 430, 430, 410, 390, 370, 350, 330, 310, 290, 270, 250] [510, 490, 470, 450, 450, 450, 450, 450, 450, 450, 450, 450, 450] [254, 572] 13 0
[430, 430, 430, 430, 430, 410, 390, 370, 350, 330, 310, 290, 270] [530, 510, 490, 470, 450, 450, 450, 450, 450, 450, 450, 450, 450] [254, 572] 13 0
[430, 430, 430, 430, 430, 430, 410, 390, 370, 350, 330, 310, 290] [550, 530, 510, 490, 470, 450, 450, 450, 450, 450, 450, 450, 450] [254, 572] 13 0
[430, 430, 430, 430, 430, 430, 430, 410, 390, 370, 350, 330, 310] [570, 550, 530, 510, 490, 470, 450, 450, 450, 450, 450, 450, 450] [254, 572] 13 0
[410, 430, 430, 430, 430, 430, 430, 430, 410, 390, 370, 350, 330] [570, 570, 550, 530, 510, 490, 470, 450, 450, 450, 450, 450, 450] [254, 572] 13 3
[390, 410, 430, 430, 430, 430, 430, 430, 430, 410, 390, 370, 350] [570, 570, 570, 550, 530, 510, 490, 470, 450, 450, 450, 450, 450] [254, 572] 13 3
[370, 390, 410, 430, 430, 430, 430, 430, 430, 430, 410, 390, 370] [570, 570, 570, 570, 550, 530, 510, 490, 470, 450, 450, 450, 450] [254, 572] 13 3
[350, 370, 390, 410, 430, 430, 430, 430, 430, 430, 430, 410, 390] [570, 570, 570, 570, 570, 550, 530, 510, 490, 470, 450, 450, 450] [254, 572] 13 3
[330, 350, 370, 390, 410, 430, 430, 430, 430, 430, 430, 430, 410] [570, 570, 570, 570, 570, 570, 550, 530, 510, 490, 470, 450, 450] [254, 572] 13 3
[310, 330, 350, 370, 390, 410, 430, 430, 430, 430, 430, 430, 430] [570, 570, 570, 570, 570, 570, 570, 550, 530, 510, 490, 470, 450] [254, 572] 13 3
[290, 310, 330, 350, 370, 390, 410, 430, 430, 430, 430, 430, 430] [570, 570, 570, 570, 570, 570, 570, 570, 550, 530, 510, 490, 470] [254, 572] 13 3
[270, 290, 310, 330, 350, 370, 390, 410, 430, 430, 430, 430, 430] [570, 570, 570, 570, 570, 570, 570, 570, 570, 550, 530, 510, 490] [254, 572] 13 3
[250, 270, 290, 310, 330, 350, 370, 390, 410, 430, 430, 430, 430] [570, 570, 570, 570, 570, 570, 570, 570, 570, 570, 550, 530, 510] [254, 572] 13 3
[230, 250, 270, 290, 310, 330, 350, 370, 390, 410, 430, 430, 430, 430] [570, 570, 570, 570, 570, 570, 570, 570, 570, 570, 570, 550, 530, 510] [574, 519] 14 3
[230, 230, 250, 270, 290, 310, 330, 350, 370, 390, 410, 430, 430, 430] [550, 570, 570, 570, 570, 570, 570, 570, 570, 570, 570, 570, 550, 530] [574, 519] 14 2
[230, 230, 230, 250, 270, 290, 310, 330, 350, 370, 390, 410, 430, 430] [530, 550, 570, 570, 570, 570, 570, 570, 570, 570, 570, 570, 570, 550] [574, 519] 14 2
[230, 230, 230, 230, 250, 270, 290, 310, 330, 350, 370, 390, 410, 430] [510, 530, 550, 570, 570, 570, 570, 570, 570, 570, 570, 570, 570, 570] [574, 519] 14 2
[250, 230, 230, 230, 230, 250, 270, 290, 310, 330, 350, 370, 390, 410] [510, 510, 530, 550, 570, 570, 570, 570, 570, 570, 570, 570, 570, 570] [574, 519] 14 1
[270, 250, 230, 230, 230, 230, 250, 270, 290, 310, 330, 350, 370, 390] [510, 510, 510, 530, 550, 570, 570, 570, 570, 570, 570, 570, 570, 570] [574, 519] 14 1
[290, 270, 250, 230, 230, 230, 230, 250, 270, 290, 310, 330, 350, 370] [510, 510, 510, 510, 530, 550, 570, 570, 570, 570, 570, 570, 570, 570] [574, 519] 14 1
[310, 290, 270, 250, 230, 230, 230, 230, 250, 270, 290, 310, 330, 350] [510, 510, 510, 510, 510, 530, 550, 570, 570, 570, 570, 570, 570, 570] [574, 519] 14 1
[330, 310, 290, 270, 250, 230, 230, 230, 230, 250, 270, 290, 310, 330] [510, 510, 510, 510, 510, 510, 530, 550, 570, 570, 570, 570, 570, 570] [574, 519] 14 1
[350, 330, 310, 290, 270, 250, 230, 230, 230, 230, 250, 270, 290, 310] [510, 510, 510, 510, 510, 510, 510, 530, 550, 570, 570, 570, 570, 570] [574, 519] 14 1
[370, 350, 330, 310, 290, 270, 250, 230, 230, 230, 230, 250, 270, 290] [510, 510, 510, 510, 510, 510, 510, 510, 530, 550, 570, 570, 570, 570] [574, 519] 14 1
[390, 370, 350, 330, 310, 290, 270, 250, 230, 230, 230, 230, 250, 270] [510, 510, 510, 510, 510, 510, 510, 510, 510, 530, 550, 570, 570, 570] [574, 519] 14 1
[410, 390, 370, 350, 330, 310, 290, 270, 250, 230, 230, 230, 230, 250] [510, 510, 510, 510, 510, 510, 510, 510, 510, 510, 530, 550, 570, 570] [574, 519] 14 1
[430, 410, 390, 370, 350, 330, 310, 290, 270, 250, 230, 230, 230, 230] [510, 510, 510, 510, 510, 510, 510, 510, 510, 510, 510, 530, 550, 570] [574, 519] 14 1
[450, 430, 410, 390, 370, 350, 330, 310, 290, 270, 250, 230, 230, 230] [510, 510, 510, 510, 510, 510, 510, 510, 510, 510, 510, 510, 530, 550] [574, 519] 14 1
[470, 450, 430, 410, 390, 370, 350, 330, 310, 290, 270, 250, 230, 230] [510, 510, 510, 510, 510, 510, 510, 510, 510, 510, 510, 510, 510, 530] [574, 519] 14 1
[490, 470, 450, 430, 410, 390, 370, 350, 330, 310, 290, 270, 250, 230] [510, 510, 510, 510, 510, 510, 510, 510, 510, 510, 510, 510, 510, 510] [574, 519] 14 1
[510, 490, 470, 450, 430, 410, 390, 370, 350, 330, 310, 290, 270, 250] [510, 510, 510, 510, 510, 510, 510, 510, 510, 510, 510, 510, 510, 510] [574, 519] 14 1
[530, 510, 490, 470, 450, 430, 410, 390, 370, 350, 330, 310, 290, 270] [510, 510, 510, 510, 510, 510, 510, 510, 510, 510, 510, 510, 510, 510] [574, 519] 14 1
[530, 530, 510, 490, 470, 450, 430, 410, 390, 370, 350, 330, 310, 290] [490, 510, 510, 510, 510, 510, 510, 510, 510, 510, 510, 510, 510, 510] [574, 519] 14 2
[550, 530, 530, 510, 490, 470, 450, 430, 410, 390, 370, 350, 330, 310] [490, 490, 510, 510, 510, 510, 510, 510, 510, 510, 510, 510, 510, 510] [574, 519] 14 1
[550, 550, 530, 530, 510, 490, 470, 450, 430, 410, 390, 370, 350, 330] [510, 490, 490, 510, 510, 510, 510, 510, 510, 510, 510, 510, 510, 510] [574, 519] 14 0
[570, 550, 550, 530, 530, 510, 490, 470, 450, 430, 410, 390, 370, 350] [510, 510, 490, 490, 510, 510, 510, 510, 510, 510, 510, 510, 510, 510] [574, 519] 14 1
[570, 570, 550, 550, 530, 530, 510, 490, 470, 450, 430, 410, 390, 370, 350] [490, 510, 510, 490, 490, 510, 510, 510, 510, 510, 510, 510, 510, 510, 510] [141, 163] 15 2
[570, 570, 570, 550, 550, 530, 530, 510, 490, 470, 450, 430, 410, 390, 370] [470, 490, 510, 510, 490, 490, 510, 510, 510, 510, 510, 510, 510, 510, 510] [141, 163] 15 2
[570, 570, 570, 570, 550, 550, 530, 530, 510, 490, 470, 450, 430, 410, 390] [450, 470, 490, 510, 510, 490, 490, 510, 510, 510, 510, 510, 510, 510, 510] [141, 163] 15 2
[570, 570, 570, 570, 570, 550, 550, 530, 530, 510, 490, 470, 450, 430, 410] [430, 450, 470, 490, 510, 510, 490, 490, 510, 510, 510, 510, 510, 510, 510] [141, 163] 15 2
[570, 570, 570, 570, 570, 570, 550, 550, 530, 530, 510, 490, 470, 450, 430] [410, 430, 450, 470, 490, 510, 510, 490, 490, 510, 510, 510, 510, 510, 510] [141, 163] 15 2
[570, 570, 570, 570, 570, 570, 570, 550, 550, 530, 530, 510, 490, 470, 450] [390, 410, 430, 450, 470, 490, 510, 510, 490, 490, 510, 510, 510, 510, 510] [141, 163] 15 2
[570, 570, 570, 570, 570, 570, 570, 570, 550, 550, 530, 530, 510, 490, 470] [370, 390, 410, 430, 450, 470, 490, 510, 510, 490, 490, 510, 510, 510, 510] [141, 163] 15 2
[570, 570, 570, 570, 570, 570, 570, 570, 570, 550, 550, 530, 530, 510, 490] [350, 370, 390, 410, 430, 450, 470, 490, 510, 510, 490, 490, 510, 510, 510] [141, 163] 15 2
[570, 570, 570, 570, 570, 570, 570, 570, 570, 570, 550, 550, 530, 530, 510] [330, 350, 370, 390, 410, 430, 450, 470, 490, 510, 510, 490, 490, 510, 510] [141, 163] 15 2
[570, 570, 570, 570, 570, 570, 570, 570, 570, 570, 570, 550, 550, 530, 530] [310, 330, 350, 370, 390, 410, 430, 450, 470, 490, 510, 510, 490, 490, 510] [141, 163] 15 2
[570, 570, 570, 570, 570, 570, 570, 570, 570, 570, 570, 570, 550, 550, 530] [290, 310, 330, 350, 370, 390, 410, 430, 450, 470, 490, 510, 510, 490, 490] [141, 163] 15 2
[570, 570, 570, 570, 570, 570, 570, 570, 570, 570, 570, 570, 570, 550, 550] [270, 290, 310, 330, 350, 370, 390, 410, 430, 450, 470, 490, 510, 510, 490] [141, 163] 15 2
[570, 570, 570, 570, 570, 570, 570, 570, 570, 570, 570, 570, 570, 570, 550] [250, 270, 290, 310, 330, 350, 370, 390, 410, 430, 450, 470, 490, 510, 510] [141, 163] 15 2
[570, 570, 570, 570, 570, 570, 570, 570, 570, 570, 570, 570, 570, 570, 570] [230, 250, 270, 290, 310, 330, 350, 370, 390, 410, 430, 450, 470, 490, 510] [141, 163] 15 2
[570, 570, 570, 570, 570, 570, 570, 570, 570, 570, 570, 570, 570, 570, 570] [210, 230, 250, 270, 290, 310, 330, 350, 370, 390, 410, 430, 450, 470, 490] [141, 163] 15 2
[570, 570, 570, 570, 570, 570, 570, 570, 570, 570, 570, 570, 570, 570, 570] [190, 210, 230, 250, 270, 290, 310, 330, 350, 370, 390, 410, 430, 450, 470] [141, 163] 15 2
[570, 570, 570, 570, 570, 570, 570, 570, 570, 570, 570, 570, 570, 570, 570] [170, 190, 210, 230, 250, 270, 290, 310, 330, 350, 370, 390, 410, 430, 450] [141, 163] 15 2
[570, 570, 570, 570, 570, 570, 570, 570, 570, 570, 570, 570, 570, 570, 570] [150, 170, 190, 210, 230, 250, 270, 290, 310, 330, 350, 370, 390, 410, 430] [141, 163] 15 2
[550, 570, 570, 570, 570, 570, 570, 570, 570, 570, 570, 570, 570, 570, 570] [150, 150, 170, 190, 210, 230, 250, 270, 290, 310, 330, 350, 370, 390, 410] [141, 163] 15 3
[530, 550, 570, 570, 570, 570, 570, 570, 570, 570, 570, 570, 570, 570, 570] [150, 150, 150, 170, 190, 210, 230, 250, 270, 290, 310, 330, 350, 370, 390] [141, 163] 15 3
[510, 530, 550, 570, 570, 570, 570, 570, 570, 570, 570, 570, 570, 570, 570] [150, 150, 150, 150, 170, 190, 210, 230, 250, 270, 290, 310, 330, 350, 370] [141, 163] 15 3
[490, 510, 530, 550, 570, 570, 570, 570, 570, 570, 570, 570, 570, 570, 570] [150, 150, 150, 150, 150, 170, 190, 210, 230, 250, 270, 290, 310, 330, 350] [141, 163] 15 3
[470, 490, 510, 530, 550, 570, 570, 570, 570, 570, 570, 570, 570, 570, 570] [150, 150, 150, 150, 150, 150, 170, 190, 210, 230, 250, 270, 290, 310, 330] [141, 163] 15 3
[450, 470, 490, 510, 530, 550, 570, 570, 570, 570, 570, 570, 570, 570, 570] [150, 150, 150, 150, 150, 150, 150, 170, 190, 210, 230, 250, 270, 290, 310] [141, 163] 15 3
[430, 450, 470, 490, 510, 530, 550, 570, 570, 570, 570, 570, 570, 570, 570] [150, 150, 150, 150, 150, 150, 150, 150, 170, 190, 210, 230, 250, 270, 290] [141, 163] 15 3
[410, 430, 450, 470, 490, 510, 530, 550, 570, 570, 570, 570, 570, 570, 570] [150, 150, 150, 150, 150, 150, 150, 150, 150, 170, 190, 210, 230, 250, 270] [141, 163] 15 3
[390, 410, 430, 450, 470, 490, 510, 530, 550, 570, 570, 570, 570, 570, 570] [150, 150, 150, 150, 150, 150, 150, 150, 150, 150, 170, 190, 210, 230, 250] [141, 163] 15 3
[370, 390, 410, 430, 450, 470, 490, 510, 530, 550, 570, 570, 570, 570, 570] [150, 150, 150, 150, 150, 150, 150, 150, 150, 150, 150, 170, 190, 210, 230] [141, 163] 15 3
[350, 370, 390, 410, 430, 450, 470, 490, 510, 530, 550, 570, 570, 570, 570] [150, 150, 150, 150, 150, 150, 150, 150, 150, 150, 150, 150, 170, 190, 210] [141, 163] 15 3
[330, 350, 370, 390, 410, 430, 450, 470, 490, 510, 530, 550, 570, 570, 570] [150, 150, 150, 150, 150, 150, 150, 150, 150, 150, 150, 150, 150, 170, 190] [141, 163] 15 3
[310, 330, 350, 370, 390, 410, 430, 450, 470, 490, 510, 530, 550, 570, 570] [150, 150, 150, 150, 150, 150, 150, 150, 150, 150, 150, 150, 150, 150, 170] [141, 163] 15 3
[290, 310, 330, 350, 370, 390, 410, 430, 450, 470, 490, 510, 530, 550, 570] [150, 150, 150, 150, 150, 150, 150, 150, 150, 150, 150, 150, 150, 150, 150] [141, 163] 15 3
[270, 290, 310, 330, 350, 370, 390, 410, 430, 450, 470, 490, 510, 530, 550] [150, 150, 150, 150, 150, 150, 150, 150, 150, 150, 150, 150, 150, 150, 150] [141, 163] 15 3
[250, 270, 290, 310, 330, 350, 370, 390, 410, 430, 450, 470, 490, 510, 530] [150, 150, 150, 150, 150, 150, 150, 150, 150, 150, 150, 150, 150, 150, 150] [141, 163] 15 3
[230, 250, 270, 290, 310, 330, 350, 370, 390, 410, 430, 450, 470, 490, 510] [150, 150, 150, 150, 150, 150, 150, 150, 150, 150, 150, 150, 150, 150, 150] [141, 163] 15 3
[210, 230, 250, 270, 290, 310, 330, 350, 370, 390, 410, 430, 450, 470, 490] [150, 150, 150, 150, 150, 150, 150, 150, 150, 150, 150, 150, 150, 150, 150] [141, 163] 15 3
[190, 210, 230, 250, 270, 290, 310, 330, 350, 370, 390, 410, 430, 450, 470] [150, 150, 150, 150, 150, 150, 150, 150, 150, 150, 150, 150, 150, 150, 150] [141, 163] 15 3
[170, 190, 210, 230, 250, 270, 290, 310, 330, 350, 370, 390, 410, 430, 450] [150, 150, 150, 150, 150, 150, 150, 150, 150, 150, 150, 150, 150, 150, 150] [141, 163] 15 3
[150, 170, 190, 210, 230, 250, 270, 290, 310, 330, 350, 370, 390, 410, 430] [150, 150, 150, 150, 150, 150, 150, 150, 150, 150, 150, 150, 150, 150, 150] [141, 163] 15 3
