[290, 290, 290, 290, 290] [290, 270, 250, 230, 210] [549, 420] 5 0
[290, 290, 290, 290, 290] [310, 290, 270, 250, 230] [549, 420] 5 0
[290, 290, 290, 290, 290] [330, 310, 290, 270, 250] [549, 420] 5 0
[290, 290, 290, 290, 290] [350, 330, 310, 290, 270] [549, 420] 5 0
[290, 290, 290, 290, 290] [370, 350, 330, 310, 290] [549, 420] 5 0
[290, 290, 290, 290, 290] [390, 370, 350, 330, 310] [549, 420] 5 0
[290, 290, 290, 290, 290] [410, 390, 370, 350, 330] [549, 420] 5 0
[310, 290, 290, 290, 290] [410, 410, 390, 370, 350] [549, 420] 5 1
[330, 310, 290, 290, 290] [410, 410, 410, 390, 370] [549, 420] 5 1
[350, 330, 310, 290, 290] [410, 410, 410, 410, 390] [549, 420] 5 1
[370, 350, 330, 310, 290] [410, 410, 410, 410, 410] [549, 420] 5 1
[390, 370, 350, 330, 310] [410, 410, 410, 410, 410] [549, 420] 5 1
[410, 390, 370, 350, 330] [410, 410, 410, 410, 410] [549, 420] 5 1
[430, 410, 390, 370, 350] [410, 410, 410, 410, 410] [549, 420] 5 1
[450, 430, 410, 390, 370] [410, 410, 410, 410, 410] [549, 420] 5 1
[470, 450, 430, 410, 390] [410, 410, 410, 410, 410] [549, 420] 5 1
[490, 470, 450, 430, 410] [410, 410, 410, 410, 410] [549, 420] 5 1
[510, 490, 470, 450, 430] [410, 410, 410, 410, 410] [549, 420] 5 1
[530, 510, 490, 470, 450] [410, 410, 410, 410, 410] [549, 420] 5 1
[550, 530, 510, 490, 470, 450] [410, 410, 410, 410, 410, 410] [323, 93] 6 1
[550, 550, 530, 510, 490, 470] [390, 410, 410, 410, 410, 410] [323, 93] 6 2
[550, 550, 550, 530, 510, 490] [370, 390, 410, 410, 410, 410] [323, 93] 6 2
[550, 550, 550, 550, 530, 510] [350, 370, 390, 410, 410, 410] [323, 93] 6 2
[550, 550, 550, 550, 550, 530] [330, 350, 370, 390, 410, 410] [323, 93] 6 2
[550, 550, 550, 550, 550, 550] [310, 330, 350, 370, 390, 410] [323, 93] 6 2
[550, 550, 550, 550, 550, 550] [290, 310, 330, 350, 370, 390] [323, 93] 6 2
[550, 550, 550, 550, 550, 550] [270, 290, 310, 330, 350, 370] [323, 93] 6 2
[550, 550, 550, 550, 550, 550] [250, 270, 290, 310, 330, 350] [323, 93] 6 2
[550, 550, 550, 550, 550, 550] [230, 250, 270, 290, 310, 330] [323, 93] 6 2
[550, 550, 550, 550, 550, 550] [210, 230, 250, 270, 290, 310] [323, 93] 6 2
[550, 550, 550, 550, 550, 550] [190, 210, 230, 250, 270, 290] [323, 93] 6 2
[550, 550, 550, 550, 550, 550] [170, 190, 210, 230, 250, 270] [323, 93] 6 2
[550, 550, 550, 550, 550, 550] [150, 170, 190, 210, 230, 250] [323, 93] 6 2
[550, 550, 550, 550, 550, 550] [130, 150, 170, 190, 210, 230] [323, 93] 6 2
[550, 550, 550, 550, 550, 550] [110, 130, 150, 170, 190, 210] [323, 93] 6 2
[550, 550, 550, 550, 550, 550] [90, 110, 130, 150, 170, 190] [323, 93] 6 2
[530, 550, 550, 550, 550, 550] [90, 90, 110, 130, 150, 170] [323, 93] 6 3
[510, 530, 550, 550, 550, 550] [90, 90, 90, 110, 130, 150] [323, 93] 6 3
[490, 510, 530, 550, 550, 550] [90, 90, 90, 90, 110, 130] [323, 93] 6 3
[470, 490, 510, 530, 550, 550] [90, 90, 90, 90, 90, 110] [323, 93] 6 3
[450, 470, 490, 510, 530, 550] [90, 90, 90, 90, 90, 90] [323, 93] 6 3
[430, 450, 470, 490, 510, 530] [90, 90, 90, 90, 90, 90] [323, 93] 6 3
[410, 430, 450, 470, 490, 510] [90, 90, 90, 90, 90, 90] [323, 93] 6 3
[390, 410, 430, 450, 470, 490] [90, 90, 90, 90, 90, 90] [323, 93] 6 3
[370, 390, 410, 430, 450, 470] [90, 90, 90, 90, 90, 90] [323, 93] 6 3
[350, 370, 390, 410, 430, 450] [90, 90, 90, 90, 90, 90] [323, 93] 6 3
[330, 350, 370, 390, 410, 430] [90, 90, 90, 90, 90, 90] [323, 93] 6 3
[310, 330, 350, 370, 390, 410, 430] [90, 90, 90, 90, 90, 90, 90] [365, 25] 7 3
[310, 310, 330, 350, 370, 390, 410] [70, 90, 90, 90, 90, 90, 90] [365, 25] 7 2
[310, 310, 310, 330, 350, 370, 390] [50, 70, 90, 90, 90, 90, 90] [365, 25] 7 2
[310, 310, 310, 310, 330, 350, 370] [30, 50, 70, 90, 90, 90, 90] [365, 25] 7 2
[330, 310, 310, 310, 310, 330, 350] [30, 30, 50, 70, 90, 90, 90] [365, 25] 7 1
[350, 330, 310, 310, 310, 310, 330] [30, 30, 30, 50, 70, 90, 90] [365, 25] 7 1
[370, 350, 330, 310, 310, 310, 310, 330] [30, 30, 30, 30, 50, 70, 90, 90] [474, 182] 8 1
[390, 370, 350, 330, 310, 310, 310, 310] [30, 30, 30, 30, 30, 50, 70, 90] [474, 182] 8 1
[410, 390, 370, 350, 330, 310, 310, 310] [30, 30, 30, 30, 30, 30, 50, 70] [474, 182] 8 1
[430, 410, 390, 370, 350, 330, 310, 310] [30, 30, 30, 30, 30, 30, 30, 50] [474, 182] 8 1
[450, 430, 410, 390, 370, 350, 330, 310] [30, 30, 30, 30, 30, 30, 30, 30] [474, 182] 8 1
[470, 450, 430, 410, 390, 370, 350, 330] [30, 30, 30, 30, 30, 30, 30, 30] [474, 182] 8 1
[470, 470, 450, 430, 410, 390, 370, 350] [50, 30, 30, 30, 30, 30, 30, 30] [474, 182] 8 0
[470, 470, 470, 450, 430, 410, 390, 370] [70, 50, 30, 30, 30, 30, 30, 30] [474, 182] 8 0
[470, 470, 470, 470, 450, 430, 410, 390] [90, 70, 50, 30, 30, 30, 30, 30] [474, 182] 8 0
[470, 470, 470, 470, 470, 450, 430, 410] [110, 90, 70, 50, 30, 30, 30, 30] [474, 182] 8 0
[470, 470, 470, 470, 470, 470, 450, 430] [130, 110, 90, 70, 50, 30, 30, 30] [474, 182] 8 0
[470, 470, 470, 470, 470, 470, 470, 450] [150, 130, 110, 90, 70, 50, 30, 30] [474, 182] 8 0
[470, 470, 470, 470, 470, 470, 470, 470] [170, 150, 130, 110, 90, 70, 50, 30] [474, 182] 8 0
[470, 470, 470, 470, 470, 470, 470, 470, 470] [190, 170, 150, 130, 110, 90, 70, 50, 30] [246, 472] 9 0
[470, 470, 470, 470, 470, 470, 470, 470, 470] [210, 190, 170, 150, 130, 110, 90, 70, 50] [246, 472] 9 0
[470, 470, 470, 470, 470, 470, 470, 470, 470] [230, 210, 190, 170, 150, 130, 110, 90, 70] [246, 472] 9 0
[470, 470, 470, 470, 470, 470, 470, 470, 470] [250, 230, 210, 190, 170, 150, 130, 110, 90] [246, 472] 9 0
[470, 470, 470, 470, 470, 470, 470, 470, 470] [270, 250, 230, 210, 190, 170, 150, 130, 110] [246, 472] 9 0
[470, 470, 470, 470, 470, 470, 470, 470, 470] [290, 270, 250, 230, 210, 190, 170, 150, 130] [246, 472] 9 0
[470, 470, 470, 470, 470, 470, 470, 470, 470] [310, 290, 270, 250, 230, 210, 190, 170, 150] [246, 472] 9 0
[470, 470, 470, 470, 470, 470, 470, 470, 470] [330, 310, 290, 270, 250, 230, 210, 190, 170] [246, 472] 9 0
[470, 470, 470, 470, 470, 470, 470, 470, 470] [350, 330, 310, 290, 270, 250, 230, 210, 190] [246, 472] 9 0
[470, 470, 470, 470, 470, 470, 470, 470, 470] [370, 350, 330, 310, 290, 270, 250, 230, 210] [246, 472] 9 0
[470, 470, 470, 470, 470, 470, 470, 470, 470] [390, 370, 350, 330, 310, 290, 270, 250, 230] [246, 472] 9 0
[470, 470, 470, 470, 470, 470, 470, 470, 470] [410, 390, 370, 350, 330, 310, 290, 270, 250] [246, 472] 9 0
[470, 470, 470, 470, 470, 470, 470, 470, 470] [430, 410, 390, 370, 350, 330, 310, 290, 270] [246, 472] 9 0
[470, 470, 470, 470, 470, 470, 470, 470, 470] [450, 430, 410, 390, 370, 350, 330, 310, 290] [246, 472] 9 0
[470, 470, 470, 470, 470, 470, 470, 470, 470] [470, 450, 430, 410, 390, 370, 350, 330, 310] [246, 472] 9 0
[450, 470, 470, 470, 470, 470, 470, 470, 470] [470, 470, 450, 430, 410, 390, 370, 350, 330] [246, 472] 9 3
[430, 450, 470, 470, 470, 470, 470, 470, 470] [470, 470, 470, 450, 430, 410, 390, 370, 350] [246, 472] 9 3
[410, 430, 450, 470, 470, 470, 470, 470, 470] [470, 470, 470, 470, 450, 430, 410, 390, 370] [246, 472] 9 3
[390, 410, 430, 450, 470, 470, 470, 470, 470] [470, 470, 470, 470, 470, 450, 430, 410, 390] [246, 472] 9 3
[370, 390, 410, 430, 450, 470, 470, 470, 470] [470, 470, 470, 470, 470, 470, 450, 430, 410] [246, 472] 9 3
[350, 370, 390, 410, 430, 450, 470, 470, 470] [470, 470, 470, 470, 470, 470, 470, 450, 430] [246, 472] 9 3
[330, 350, 370, 390, 410, 430, 450, 470, 470] [470, 470, 470, 470, 470, 470, 470, 470, 450] [246, 472] 9 3
[310, 330, 350, 370, 390, 410, 430, 450, 470] [470, 470, 470, 470, 470, 470, 470, 470, 470] [246, 472] 9 3
[290, 310, 330, 350, 370, 390, 410, 430, 450] [470, 470, 470, 470, 470, 470, 470, 470, 470] [246, 472] 9 3
[270, 290, 310, 330, 350, 370, 390, 410, 430] [470, 470, 470, 470, 470, 470, 470, 470, 470] [246, 472] 9 3
[250, 270, 290, 310, 330, 350, 370, 390, 410] [470, 470, 470, 470, 470, 470, 470, 470, 470] [246, 472] 9 3
[230, 250, 270, 290, 310, 330, 350, 370, 390, 410] [470, 470, 470, 470, 470, 470, 470, 470, 470, 470] [150, 549] 10 3
[210, 230, 250, 270, 290, 310, 330, 350, 370, 390] [470, 470, 470, 470, 470, 470, 470, 470, 470, 470] [150, 549] 10 3
[190, 210, 230, 250, 270, 290, 310, 330, 350, 370] [470, 470, 470, 470, 470, 470, 470, 470, 470, 470] [150, 549] 10 3
[170, 190, 210, 230, 250, 270, 290, 310, 330, 350] [470, 470, 470, 470, 470, 470, 470, 470, 470, 470] [150, 549] 10 3
[150, 170, 190, 210, 230, 250, 270, 290, 310, 330] [470, 470, 470, 470, 470, 470, 470, 470, 470, 470] [150, 549] 10 3
[150, 150, 170, 190, 210, 230, 250, 270, 290, 310] [490, 470, 470, 470, 470, 470, 470, 470, 470, 470] [150, 549] 10 0
[150, 150, 150, 170, 190, 210, 230, 250, 270, 290] [510, 490, 470, 470, 470, 470, 470, 470, 470, 470] [150, 549] 10 0
[150, 150, 150, 150, 170, 190, 210, 230, 250, 270] [530, 510, 490, 470, 470, 470, 470, 470, 470, 470] [150, 549] 10 0
[150, 150, 150, 150, 150, 170, 190, 210, 230, 250, 270] [550, 530, 510, 490, 470, 470, 470, 470, 470, 470, 470] [585, 303] 11 0
[170, 150, 150, 150, 150, 150, 170, 190, 210, 230, 250] [550, 550, 530, 510, 490, 470, 470, 470, 470, 470, 470] [585, 303] 11 1
[190, 170, 150, 150, 150, 150, 150, 170, 190, 210, 230] [550, 550, 550, 530, 510, 490, 470, 470, 470, 470, 470] [585, 303] 11 1
[210, 190, 170, 150, 150, 150, 150, 150, 170, 190, 210] [550, 550, 550, 550, 530, 510, 490, 470, 470, 470, 470] [585, 303] 11 1
[230, 210, 190, 170, 150, 150, 150, 150, 150, 170, 190] [550, 550, 550, 550, 550, 530, 510, 490, 470, 470, 470] [585, 303] 11 1
[250, 230, 210, 190, 170, 150, 150, 150, 150, 150, 170] [550, 550, 550, 550, 550, 550, 530, 510, 490, 470, 470] [585, 303] 11 1
[270, 250, 230, 210, 190, 170, 150, 150, 150, 150, 150] [550, 550, 550, 550, 550, 550, 550, 530, 510, 490, 470] [585, 303] 11 1
[290, 270, 250, 230, 210, 190, 170, 150, 150, 150, 150] [550, 550, 550, 550, 550, 550, 550, 550, 530, 510, 490] [585, 303] 11 1
[310, 290, 270, 250, 230, 210, 190, 170, 150, 150, 150] [550, 550, 550, 550, 550, 550, 550, 550, 550, 530, 510] [585, 303] 11 1
[330, 310, 290, 270, 250, 230, 210, 190, 170, 150, 150] [550, 550, 550, 550, 550, 550, 550, 550, 550, 550, 530] [585, 303] 11 1
[350, 330, 310, 290, 270, 250, 230, 210, 190, 170, 150] [550, 550, 550, 550, 550, 550, 550, 550, 550, 550, 550] [585, 303] 11 1
[370, 350, 330, 310, 290, 270, 250, 230, 210, 190, 170] [550, 550, 550, 550, 550, 550, 550, 550, 550, 550, 550] [585, 303] 11 1
[390, 370, 350, 330, 310, 290, 270, 250, 230, 210, 190] [550, 550, 550, 550, 550, 550, 550, 550, 550, 550, 550] [585, 303] 11 1
[410, 390, 370, 350, 330, 310, 290, 270, 250, 230, 210] [550, 550, 550, 550, 550, 550, 550, 550, 550, 550, 550] [585, 303] 11 1
[430, 410, 390, 370, 350, 330, 310, 290, 270, 250, 230] [550, 550, 550, 550, 550, 550, 550, 550, 550, 550, 550] [585, 303] 11 1
[450, 430, 410, 390, 370, 350, 330, 310, 290, 270, 250] [550, 550, 550, 550, 550, 550, 550, 550, 550, 550, 550] [585, 303] 11 1
[470, 450, 430, 410, 390, 370, 350, 330, 310, 290, 270] [550, 550, 550, 550, 550, 550, 550, 550, 550, 550, 550] [585, 303] 11 1
[490, 470, 450, 430, 410, 390, 370, 350, 330, 310, 290] [550, 550, 550, 550, 550, 550, 550, 550, 550, 550, 550] [585, 303] 11 1
[510, 490, 470, 450, 430, 410, 390, 370, 350, 330, 310] [550, 550, 550, 550, 550, 550, 550, 550, 550, 550, 550] [585, 303] 11 1
[530, 510, 490, 470, 450, 430, 410, 390, 370, 350, 330] [550, 550, 550, 550, 550, 550, 550, 550, 550, 550, 550] [585, 303] 11 1
[550, 530, 510, 490, 470, 450, 430, 410, 390, 370, 350] [550, 550, 550, 550, 550, 550, 550, 550, 550, 550, 550] [585, 303] 11 1
[570, 550, 530, 510, 490, 470, 450, 430, 410, 390, 370] [550, 550, 550, 550, 550, 550, 550, 550, 550, 550, 550] [585, 303] 11 1
[570, 570, 550, 530, 510, 490, 470, 450, 430, 410, 390] [530, 550, 550, 550, 550, 550, 550, 550, 550, 550, 550] [585, 303] 11 2
[570, 570, 570, 550, 530, 510, 490, 470, 450, 430, 410] [510, 530, 550, 550, 550, 550, 550, 550, 550, 550, 550] [585, 303] 11 2
[570, 570, 570, 570, 550, 530, 510, 490, 470, 450, 430] [490, 510, 530, 550, 550, 550, 550, 550, 550, 550, 550] [585, 303] 11 2
[570, 570, 570, 570, 570, 550, 530, 510, 490, 470, 450] [470, 490, 510, 530, 550, 550, 550, 550, 550, 550, 550] [585, 303] 11 2
[570, 570, 570, 570, 570, 570, 550, 530, 510, 490, 470] [450, 470, 490, 510, 530, 550, 550, 550, 550, 550, 550] [585, 303] 11 2
[570, 570, 570, 570, 570, 570, 570, 550, 530, 510, 490] [430, 450, 470, 490, 510, 530, 550, 550, 550, 550, 550] [585, 303] 11 2
[570, 570, 570, 570, 570, 570, 570, 570, 550, 530, 510] [410, 430, 450, 470, 490, 510, 530, 550, 550, 550, 550] [585, 303] 11 2
[570, 570, 570, 570, 570, 570, 570, 570, 570, 550, 530] [390, 410, 430, 450, 470, 490, 510, 530, 550, 550, 550] [585, 303] 11 2
[570, 570, 570, 570, 570, 570, 570, 570, 570, 570, 550] [370, 390, 410, 430, 450, 470, 490, 510, 530, 550, 550] [585, 303] 11 2
[570, 570, 570, 570, 570, 570, 570, 570, 570, 570, 570] [350, 370, 390, 410, 430, 450, 470, 490, 510, 530, 550] [585, 303] 11 2
[570, 570, 570, 570, 570, 570, 570, 570, 570, 570, 570] [330, 350, 370, 390, 410, 430, 450, 470, 490, 510, 530] [585, 303] 11 2
[570, 570, 570, 570, 570, 570, 570, 570, 570, 570, 570] [310, 330, 350, 370, 390, 410, 430, 450, 470, 490, 510] [585, 303] 11 2
[570, 570, 570, 570, 570, 570, 570, 570, 570, 570, 570, 570] [290, 310, 330, 350, 370, 390, 410, 430, 450, 470, 490, 510] [474, 193] 12 2
[570, 570, 570, 570, 570, 570, 570, 570, 570, 570, 570, 570] [270, 290, 310, 330, 350, 370, 390, 410, 430, 450, 470, 490] [474, 193] 12 2
[570, 570, 570, 570, 570, 570, 570, 570, 570, 570, 570, 570] [250, 270, 290, 310, 330, 350, 370, 390, 410, 430, 450, 470] [474, 193] 12 2
[570, 570, 570, 570, 570, 570, 570, 570, 570, 570, 570, 570] [230, 250, 270, 290, 310, 330, 350, 370, 390, 410, 430, 450] [474, 193] 12 2
[570, 570, 570, 570, 570, 570, 570, 570, 570, 570, 570, 570] [210, 230, 250, 270, 290, 310, 330, 350, 370, 390, 410, 430] [474, 193] 12 2
[570, 570, 570, 570, 570, 570, 570, 570, 570, 570, 570, 570] [190, 210, 230, 250, 270, 290, 310, 330, 350, 370, 390, 410] [474, 193] 12 2
[550, 570, 570, 570, 570, 570, 570, 570, 570, 570, 570, 570] [190, 190, 210, 230, 250, 270, 290, 310, 330, 350, 370, 390] [474, 193] 12 3
[530, 550, 570, 570, 570, 570, 570, 570, 570, 570, 570, 570] [190, 190, 190, 210, 230, 250, 270, 290, 310, 330, 350, 370] [474, 193] 12 3
[510, 530, 550, 570, 570, 570, 570, 570, 570, 570, 570, 570] [190, 190, 190, 190, 210, 230, 250, 270, 290, 310, 330, 350] [474, 193] 12 3
[490, 510, 530, 550, 570, 570, 570, 570, 570, 570, 570, 570] [190, 190, 190, 190, 190, 210, 230, 250, 270, 290, 310, 330] [474, 193] 12 3
[470, 490, 510, 530, 550, 570, 570, 570, 570, 570, 570, 570] [190, 190, 190, 190, 190, 190, 210, 230, 250, 270, 290, 310] [474, 193] 12 3
[450, 470, 490, 510, 530, 550, 570, 570, 570, 570, 570, 570, 570] [190, 190, 190, 190, 190, 190, 190, 210, 230, 250, 270, 290, 310] [589, 414] 13 3
[430, 450, 470, 490, 510, 530, 550, 570, 570, 570, 570, 570, 570] [190, 190, 190, 190, 190, 190, 190, 190, 210, 230, 250, 270, 290] [589, 414] 13 3
[410, 430, 450, 470, 490, 510, 530, 550, 570, 570, 570, 570, 570] [190, 190, 190, 190, 190, 190, 190, 190, 190, 210, 230, 250, 270] [589, 414] 13 3
[410, 410, 430, 450, 470, 490, 510, 530, 550, 570, 570, 570, 570] [210, 190, 190, 190, 190, 190, 190, 190, 190, 190, 210, 230, 250] [589, 414] 13 0
[430, 410, 410, 430, 450, 470, 490, 510, 530, 550, 570, 570, 570] [210, 210, 190, 190, 190, 190, 190, 190, 190, 190, 190, 210, 230] [589, 414] 13 1
[450, 430, 410, 410, 430, 450, 470, 490, 510, 530, 550, 570, 570] [210, 210, 210, 190, 190, 190, 190, 190, 190, 190, 190, 190, 210] [589, 414] 13 1
[470, 450, 430, 410, 410, 430, 450, 470, 490, 510, 530, 550, 570] [210, 210, 210, 210, 190, 190, 190, 190, 190, 190, 190, 190, 190] [589, 414] 13 1
[490, 470, 450, 430, 410, 410, 430, 450, 470, 490, 510, 530, 550] [210, 210, 210, 210, 210, 190, 190, 190, 190, 190, 190, 190, 190] [589, 414] 13 1
[510, 490, 470, 450, 430, 410, 410, 430, 450, 470, 490, 510, 530] [210, 210, 210, 210, 210, 210, 190, 190, 190, 190, 190, 190, 190] [589, 414] 13 1
[530, 510, 490, 470, 450, 430, 410, 410, 430, 450, 470, 490, 510] [210, 210, 210, 210, 210, 210, 210, 190, 190, 190, 190, 190, 190] [589, 414] 13 1
[550, 530, 510, 490, 470, 450, 430, 410, 410, 430, 450, 470, 490] [210, 210, 210, 210, 210, 210, 210, 210, 190, 190, 190, 190, 190] [589, 414] 13 1
[570, 550, 530, 510, 490, 470, 450, 430, 410, 410, 430, 450, 470] [210, 210, 210, 210, 210, 210, 210, 210, 210, 190, 190, 190, 190] [589, 414] 13 1
[570, 570, 550, 530, 510, 490, 470, 450, 430, 410, 410, 430, 450] [230, 210, 210, 210, 210, 210, 210, 210, 210, 210, 190, 190, 190] [589, 414] 13 0
[570, 570, 570, 550, 530, 510, 490, 470, 450, 430, 410, 410, 430] [250, 230, 210, 210, 210, 210, 210, 210, 210, 210, 210, 190, 190] [589, 414] 13 0
[570, 570, 570, 570, 550, 530, 510, 490, 470, 450, 430, 410, 410] [270, 250, 230, 210, 210, 210, 210, 210, 210, 210, 210, 210, 190] [589, 414] 13 0
[570, 570, 570, 570, 570, 550, 530, 510, 490, 470, 450, 430, 410] [290, 270, 250, 230, 210, 210, 210, 210, 210, 210, 210, 210, 210] [589, 414] 13 0
[570, 570, 570, 570, 570, 570, 550, 530, 510, 490, 470, 450, 430] [310, 290, 270, 250, 230, 210, 210, 210, 210, 210, 210, 210, 210] [589, 414] 13 0
[570, 570, 570, 570, 570, 570, 570, 550, 530, 510, 490, 470, 450] [330, 310, 290, 270, 250, 230, 210, 210, 210, 210, 210, 210, 210] [589, 414] 13 0
[570, 570, 570, 570, 570, 570, 570, 570, 550, 530, 510, 490, 470] [350, 330, 310, 290, 270, 250, 230, 210, 210, 210, 210, 210, 210] [589, 414] 13 0
[570, 570, 570, 570, 570, 570, 570, 570, 570, 550, 530, 510, 490] [370, 350, 330, 310, 290, 270, 250, 230, 210, 210, 210, 210, 210] [589, 414] 13 0
[570, 570, 570, 570, 570, 570, 570, 570, 570, 570, 550, 530, 510] [390, 370, 350, 330, 310, 290, 270, 250, 230, 210, 210, 210, 210] [589, 414] 13 0
[570, 570, 570, 570, 570, 570, 570, 570, 570, 570, 570, 550, 530] [410, 390, 370, 350, 330, 310, 290, 270, 250, 230, 210, 210, 210] [589, 414] 13 0
[570, 570, 570, 570, 570, 570, 570, 570, 570, 570, 570, 570, 550, 530] [430, 410, 390, 370, 350, 330, 310, 290, 270, 250, 230, 210, 210, 210] [489, 215] 14 0
[550, 570, 570, 570, 570, 570, 570, 570, 570, 570, 570, 570, 570, 550] [430, 430, 410, 390, 370, 350, 330, 310, 290, 270, 250, 230, 210, 210] [489, 215] 14 3
[530, 550, 570, 570, 570, 570, 570, 570, 570, 570, 570, 570, 570, 570] [430, 430, 430, 410, 390, 370, 350, 330, 310, 290, 270, 250, 230, 210] [489, 215] 14 3
[510, 530, 550, 570, 570, 570, 570, 570, 570, 570, 570, 570, 570, 570] [430, 430, 430, 430, 410, 390, 370, 350, 330, 310, 290, 270, 250, 230] [489, 215] 14 3
[490, 510, 530, 550, 570, 570, 570, 570, 570, 570, 570, 570, 570, 570] [430, 430, 430, 430, 430, 410, 390, 370, 350, 330, 310, 290, 270, 250] [489, 215] 14 3
[470, 490, 510, 530, 550, 570, 570, 570, 570, 570, 570, 570, 570, 570] [430, 430, 430, 430, 430, 430, 410, 390, 370, 350, 330, 310, 290, 270] [489, 215] 14 3
[470, 470, 490, 510, 530, 550, 570, 570, 570, 570, 570, 570, 570, 570] [410, 430, 430, 430, 430, 430, 430, 410, 390, 370, 350, 330, 310, 290] [489, 215] 14 2
[470, 470, 470, 490, 510, 530, 550, 570, 570, 570, 570, 570, 570, 570] [390, 410, 430, 430, 430, 430, 430, 430, 410, 390, 370, 350, 330, 310] [489, 215] 14 2
[470, 470, 470, 470, 490, 510, 530, 550, 570, 570, 570, 570, 570, 570] [370, 390, 410, 430, 430, 430, 430, 430, 430, 410, 390, 370, 350, 330] [489, 215] 14 2
[470, 470, 470, 470, 470, 490, 510, 530, 550, 570, 570, 570, 570, 570] [350, 370, 390, 410, 430, 430, 430, 430, 430, 430, 410, 390, 370, 350] [489, 215] 14 2
[470, 470, 470, 470, 470, 470, 490, 510, 530, 550, 570, 570, 570, 570] [330, 350, 370, 390, 410, 430, 430, 430, 430, 430, 430, 410, 390, 370] [489, 215] 14 2
[470, 470, 470, 470, 470, 470, 470, 490, 510, 530, 550, 570, 570, 570] [310, 330, 350, 370, 390, 410, 430, 430, 430, 430, 430, 430, 410, 390] [489, 215] 14 2
[470, 470, 470, 470, 470, 470, 470, 470, 490, 510, 530, 550, 570, 570] [290, 310, 330, 350, 370, 390, 410, 430, 430, 430, 430, 430, 430, 410] [489, 215] 14 2
[470, 470, 470, 470, 470, 470, 470, 470, 470, 490, 510, 530, 550, 570] [270, 290, 310, 330, 350, 370, 390, 410, 430, 430, 430, 430, 430, 430] [489, 215] 14 2
[470, 470, 470, 470, 470, 470, 470, 470, 470, 470, 490, 510, 530, 550] [250, 270, 290, 310, 330, 350, 370, 390, 410, 430, 430, 430, 430, 430] [489, 215] 14 2
[470, 470, 470, 470, 470, 470, 470, 470, 470, 470, 470, 490, 510, 530] [230, 250, 270, 290, 310, 330, 350, 370, 390, 410, 430, 430, 430, 430] [489, 215] 14 2
[470, 470, 470, 470, 470, 470, 470, 470, 470, 470, 470, 470, 490, 510] [210, 230, 250, 270, 290, 310, 330, 350, 370, 390, 410, 430, 430, 430] [489, 215] 14 2
