[290, 290, 290, 290, 290] [290, 270, 250, 230, 210] [112, 108] 5 0
[270, 290, 290, 290, 290] [290, 290, 270, 250, 230] [112, 108] 5 3
[250, 270, 290, 290, 290] [290, 290, 290, 270, 250] [112, 108] 5 3
[230, 250, 270, 290, 290] [290, 290, 290, 290, 270] [112, 108] 5 3
[210, 230, 250, 270, 290] [290, 290, 290, 290, 290] [112, 108] 5 3
[190, 210, 230, 250, 270] [290, 290, 290, 290, 290] [112, 108] 5 3
[170, 190, 210, 230, 250] [290, 290, 290, 290, 290] [112, 108] 5 3
[150, 170, 190, 210, 230] [290, 290, 290, 290, 290] [112, 108] 5 3
[130, 150, 170, 190, 210] [290, 290, 290, 290, 290] [112, 108] 5 3
[110, 130, 150, 170, 190] [290, 290, 290, 290, 290] [112, 108] 5 3
[90, 110, 130, 150, 170] [290, 290, 290, 290, 290] [112, 108] 5 3
[90, 90, 110, 130, 150] [270, 290, 290, 290, 290] [112, 108] 5 2
[90, 90, 90, 110, 130] [250, 270, 290, 290, 290] [112, 108] 5 2
[90, 90, 90, 90, 110] [230, 250, 270, 290, 290] [112, 108] 5 2
[90, 90, 90, 90, 90] [210, 230, 250, 270, 290] [112, 108] 5 2
[90, 90, 90, 90, 90] [190, 210, 230, 250, 270] [112, 108] 5 2
[90, 90, 90, 90, 90] [170, 190, 210, 230, 250] [112, 108] 5 2
[90, 90, 90, 90, 90] [150, 170, 190, 210, 230] [112, 108] 5 2
[90, 90, 90, 90, 90] [130, 150, 170, 190, 210] [112, 108] 5 2
[90, 90, 90, 90, 90] [110, 130, 150, 170, 190] [112, 108] 5 2
[110, 90, 90, 90, 90] [110, 110, 130, 150, 170] [112, 108] 5 1
[130, 110, 90, 90, 90, 90] [110, 110, 110, 130, 150, 170] [102, 393] 6 1
[130, 130, 110, 90, 90, 90] [130, 110, 110, 110, 130, 150] [102, 393] 6 0
[130, 130, 130, 110, 90, 90] [150, 130, 110, 110, 110, 130] [102, 393] 6 0
[130, 130, 130, 130, 110, 90] [170, 150, 130, 110, 110, 110] [102, 393] 6 0
[110, 130, 130, 130, 130, 110] [170, 170, 150, 130, 110, 110] [102, 393] 6 3
[90, 110, 130, 130, 130, 130] [170, 170, 170, 150, 130, 110] [102, 393] 6 3
[90, 90, 110, 130, 130, 130] [190, 170, 170, 170, 150, 130] [102, 393] 6 0
[90, 90, 90, 110, 130, 130] [210, 190, 170, 170, 170, 150] [102, 393] 6 0
[90, 90, 90, 90, 110, 130] [230, 210, 190, 170, 170, 170] [102, 393] 6 0
[90, 90, 90, 90, 90, 110] [250, 230, 210, 190, 170, 170] [102, 393] 6 0
[90, 90, 90, 90, 90, 90] [270, 250, 230, 210, 190, 170] [102, 393] 6 0
[90, 90, 90, 90, 90, 90] [290, 270, 250, 230, 210, 190] [102, 393] 6 0
[90, 90, 90, 90, 90, 90] [310, 290, 270, 250, 230, 210] [102, 393] 6 0
[90, 90, 90, 90, 90, 90] [330, 310, 290, 270, 250, 230] [102, 393] 6 0
[90, 90, 90, 90, 90, 90] [350, 330, 310, 290, 270, 250] [102, 393] 6 0
[90, 90, 90, 90, 90, 90] [370, 350, 330, 310, 290, 270] [102, 393] 6 0
[90, 90, 90, 90, 90, 90] [390, 370, 350, 330, 310, 290] [102, 393] 6 0
[90, 90, 90, 90, 90, 90, 90] [410, 390, 370, 350, 330, 310, 290] [411, 363] 7 0
[110, 90, 90, 90, 90, 90, 90] [410, 410, 390, 370, 350, 330, 310] [411, 363] 7 1
[130, 110, 90, 90, 90, 90, 90] [410, 410, 410, 390, 370, 350, 330] [411, 363] 7 1
[150, 130, 110, 90, 90, 90, 90] [410, 410, 410, 410, 390, 370, 350] [411, 363] 7 1
[170, 150, 130, 110, 90, 90, 90] [410, 410, 410, 410, 410, 390, 370] [411, 363] 7 1
[190, 170, 150, 130, 110, 90, 90] [410, 410, 410, 410, 410, 410, 390] [411, 363] 7 1
[210, 190, 170, 150, 130, 110, 90] [410, 410, 410, 410, 410, 410, 410] [411, 363] 7 1
[230, 210, 190, 170, 150, 130, 110] [410, 410, 410, 410, 410, 410, 410] [411, 363] 7 1
[250, 230, 210, 190, 170, 150, 130] [410, 410, 410, 410, 410, 410, 410] [411, 363] 7 1
[270, 250, 230, 210, 190, 170, 150] [410, 410, 410, 410, 410, 410, 410] [411, 363] 7 1
[290, 270, 250, 230, 210, 190, 170] [410, 410, 410, 410, 410, 410, 410] [411, 363] 7 1
[310, 290, 270, 250, 230, 210, 190] [410, 410, 410, 410, 410, 410, 410] [411, 363] 7 1
[330, 310, 290, 270, 250, 230, 210] [410, 410, 410, 410, 410, 410, 410] [411, 363] 7 1
[350, 330, 310, 290, 270, 250, 230] [410, 410, 410, 410, 410, 410, 410] [411, 363] 7 1
[370, 350, 330, 310, 290, 270, 250] [410, 410, 410, 410, 410, 410, 410] [411, 363] 7 1
[390, 370, 350, 330, 310, 290, 270] [410, 410, 410, 410, 410, 410, 410] [411, 363] 7 1
[410, 390, 370, 350, 330, 310, 290] [410, 410, 410, 410, 410, 410, 410] [411, 363] 7 1
[410, 410, 390, 370, 350, 330, 310] [390, 410, 410, 410, 410, 410, 410] [411, 363] 7 2
[410, 410, 410, 390, 370, 350, 330] [370, 390, 410, 410, 410, 410, 410] [411, 363] 7 2
[410, 410, 410, 410, 390, 370, 350, 330] [350, 370, 390, 410, 410, 410, 410, 410] [117, 207] 8 2
[410, 410, 410, 410, 410, 390, 370, 350] [330, 350, 370, 390, 410, 410, 410, 410] [117, 207] 8 2
[410, 410, 410, 410, 410, 410, 390, 370] [310, 330, 350, 370, 390, 410, 410, 410] [117, 207] 8 2
[410, 410, 410, 410, 410, 410, 410, 390] [290, 310, 330, 350, 370, 390, 410, 410] [117, 207] 8 2
[410, 410, 410, 410, 410, 410, 410, 410] [270, 290, 310, 330, 350, 370, 390, 410] [117, 207] 8 2
[410, 410, 410, 410, 410, 410, 410, 410] [250, 270, 290, 310, 330, 350, 370, 390] [117, 207] 8 2
[410, 410, 410, 410, 410, 410, 410, 410] [230, 250, 270, 290, 310, 330, 350, 370] [117, 207] 8 2
[410, 410, 410, 410, 410, 410, 410, 410] [210, 230, 250, 270, 290, 310, 330, 350] [117, 207] 8 2
[410, 410, 410, 410, 410, 410, 410, 410] [190, 210, 230, 250, 270, 290, 310, 330] [117, 207] 8 2
[390, 410, 410, 410, 410, 410, 410, 410] [190, 190, 210, 230, 250, 270, 290, 310] [117, 207] 8 3
[370, 390, 410, 410, 410, 410, 410, 410] [190, 190, 190, 210, 230, 250, 270, 290] [117, 207] 8 3
[350, 370, 390, 410, 410, 410, 410, 410] [190, 190, 190, 190, 210, 230, 250, 270] [117, 207] 8 3
[330, 350, 370, 390, 410, 410, 410, 410] [190, 190, 190, 190, 190, 210, 230, 250] [117, 207] 8 3
[310, 330, 350, 370, 390, 410, 410, 410] [190, 190, 190, 190, 190, 190, 210, 230] [117, 207] 8 3
[290, 310, 330, 350, 370, 390, 410, 410] [190, 190, 190, 190, 190, 190, 190, 210] [117, 207] 8 3
[270, 290, 310, 330, 350, 370, 390, 410] [190, 190, 190, 190, 190, 190, 190, 190] [117, 207] 8 3
[250, 270, 290, 310, 330, 350, 370, 390] [190, 190, 190, 190, 190, 190, 190, 190] [117, 207] 8 3
[230, 250, 270, 290, 310, 330, 350, 370] [190, 190, 190, 190, 190, 190, 190, 190] [117, 207] 8 3
[210, 230, 250, 270, 290, 310, 330, 350] [190, 190, 190, 190, 190, 190, 190, 190] [117, 207] 8 3
[190, 210, 230, 250, 270, 290, 310, 330] [190, 190, 190, 190, 190, 190, 190, 190] [117, 207] 8 3
[170, 190, 210, 230, 250, 270, 290, 310] [190, 190, 190, 190, 190, 190, 190, 190] [117, 207] 8 3
[150, 170, 190, 210, 230, 250, 270, 290] [190, 190, 190, 190, 190, 190, 190, 190] [117, 207] 8 3
[130, 150, 170, 190, 210, 230, 250, 270] [190, 190, 190, 190, 190, 190, 190, 190] [117, 207] 8 3
[110, 130, 150, 170, 190, 210, 230, 250] [190, 190, 190, 190, 190, 190, 190, 190] [117, 207] 8 3
[110, 110, 130, 150, 170, 190, 210, 230, 250] [210, 190, 190, 190, 190, 190, 190, 190, 190] [267, 31] 9 0
[130, 110, 110, 130, 150, 170, 190, 210, 230] [210, 210, 190, 190, 190, 190, 190, 190, 190] [267, 31] 9 1
[150, 130, 110, 110, 130, 150, 170, 190, 210] [210, 210, 210, 190, 190, 190, 190, 190, 190] [267, 31] 9 1
[170, 150, 130, 110, 110, 130, 150, 170, 190] [210, 210, 210, 210, 190, 190, 190, 190, 190] [267, 31] 9 1
[190, 170, 150, 130, 110, 110, 130, 150, 170] [210, 210, 210, 210, 210, 190, 190, 190, 190] [267, 31] 9 1
[210, 190, 170, 150, 130, 110, 110, 130, 150] [210, 210, 210, 210, 210, 210, 190, 190, 190] [267, 31] 9 1
[230, 210, 190, 170, 150, 130, 110, 110, 130] [210, 210, 210, 210, 210, 210, 210, 190, 190] [267, 31] 9 1
[250, 230, 210, 190, 170, 150, 130, 110, 110] [210, 210, 210, 210, 210, 210, 210, 210, 190] [267, 31] 9 1
[270, 250, 230, 210, 190, 170, 150, 130, 110] [210, 210, 210, 210, 210, 210, 210, 210, 210] [267, 31] 9 1
[270, 270, 250, 230, 210, 190, 170, 150, 130] [190, 210, 210, 210, 210, 210, 210, 210, 210] [267, 31] 9 2
[270, 270, 270, 250, 230, 210, 190, 170, 150] [170, 190, 210, 210, 210, 210, 210, 210, 210] [267, 31] 9 2
[270, 270, 270, 270, 250, 230, 210, 190, 170] [150, 170, 190, 210, 210, 210, 210, 210, 210] [267, 31] 9 2
[270, 270, 270, 270, 270, 250, 230, 210, 190] [130, 150, 170, 190, 210, 210, 210, 210, 210] [267, 31] 9 2
[270, 270, 270, 270, 270, 270, 250, 230, 210] [110, 130, 150, 170, 190, 210, 210, 210, 210] [267, 31] 9 2
[270, 270, 270, 270, 270, 270, 270, 250, 230] [90, 110, 130, 150, 170, 190, 210, 210, 210] [267, 31] 9 2
[270, 270, 270, 270, 270, 270, 270, 270, 250] [70, 90, 110, 130, 150, 170, 190, 210, 210] [267, 31] 9 2
[270, 270, 270, 270, 270, 270, 270, 270, 270] [50, 70, 90, 110, 130, 150, 170, 190, 210] [267, 31] 9 2
[270, 270, 270, 270, 270, 270, 270, 270, 270] [30, 50, 70, 90, 110, 130, 150, 170, 190] [267, 31] 9 2
[290, 270, 270, 270, 270, 270, 270, 270, 270, 270] [30, 30, 50, 70, 90, 110, 130, 150, 170, 190] [259, 296] 10 1
[290, 290, 270, 270, 270, 270, 270, 270, 270, 270] [50, 30, 30, 50, 70, 90, 110, 130, 150, 170] [259, 296] 10 0
[290, 290, 290, 270, 270, 270, 270, 270, 270, 270] [70, 50, 30, 30, 50, 70, 90, 110, 130, 150] [259, 296] 10 0
[290, 290, 290, 290, 270, 270, 270, 270, 270, 270] [90, 70, 50, 30, 30, 50, 70, 90, 110, 130] [259, 296] 10 0
[290, 290, 290, 290, 290, 270, 270, 270, 270, 270] [110, 90, 70, 50, 30, 30, 50, 70, 90, 110] [259, 296] 10 0
[290, 290, 290, 290, 290, 290, 270, 270, 270, 270] [130, 110, 90, 70, 50, 30, 30, 50, 70, 90] [259, 296] 10 0
[290, 290, 290, 290, 290, 290, 290, 270, 270, 270] [150, 130, 110, 90, 70, 50, 30, 30, 50, 70] [259, 296] 10 0
[290, 290, 290, 290, 290, 290, 290, 290, 270, 270] [170, 150, 130, 110, 90, 70, 50, 30, 30, 50] [259, 296] 10 0
[290, 290, 290, 290, 290, 290, 290, 290, 290, 270] [190, 170, 150, 130, 110, 90, 70, 50, 30, 30] [259, 296] 10 0
[290, 290, 290, 290, 290, 290, 290, 290, 290, 290] [210, 190, 170, 150, 130, 110, 90, 70, 50, 30] [259, 296] 10 0
[290, 290, 290, 290, 290, 290, 290, 290, 290, 290] [230, 210, 190, 170, 150, 130, 110, 90, 70, 50] [259, 296] 10 0
[290, 290, 290, 290, 290, 290, 290, 290, 290, 290] [250, 230, 210, 190, 170, 150, 130, 110, 90, 70] [259, 296] 10 0
[290, 290, 290, 290, 290, 290, 290, 290, 290, 290] [270, 250, 230, 210, 190, 170, 150, 130, 110, 90] [259, 296] 10 0
[290, 290, 290, 290, 290, 290, 290, 290, 290, 290] [290, 270, 250, 230, 210, 190, 170, 150, 130, 110] [259, 296] 10 0
[290, 290, 290, 290, 290, 290, 290, 290, 290, 290] [310, 290, 270, 250, 230, 210, 190, 170, 150, 130] [259, 296] 10 0
[270, 290, 290, 290, 290, 290, 290, 290, 290, 290] [310, 310, 290, 270, 250, 230, 210, 190, 170, 150] [259, 296] 10 3
[250, 270, 290, 290, 290, 290, 290, 290, 290, 290] [310, 310, 310, 290, 270, 250, 230, 210, 190, 170] [259, 296] 10 3
[250, 250, 270, 290, 290, 290, 290, 290, 290, 290] [290, 310, 310, 310, 290, 270, 250, 230, 210, 190] [259, 296] 10 2
[250, 250, 250, 270, 290, 290, 290, 290, 290, 290, 290] [270, 290, 310, 310, 310, 290, 270, 250, 230, 210, 190] [317, 466] 11 2
[250, 250, 250, 250, 270, 290, 290, 290, 290, 290, 290] [250, 270, 290, 310, 310, 310, 290, 270, 250, 230, 210] [317, 466] 11 2
[250, 250, 250, 250, 250, 270, 290, 290, 290, 290, 290] [230, 250, 270, 290, 310, 310, 310, 290, 270, 250, 230] [317, 466] 11 2
[250, 250, 250, 250, 250, 250, 270, 290, 290, 290, 290] [210, 230, 250, 270, 290, 310, 310, 310, 290, 270, 250] [317, 466] 11 2
[250, 250, 250, 250, 250, 250, 250, 270, 290, 290, 290] [190, 210, 230, 250, 270, 290, 310, 310, 310, 290, 270] [317, 466] 11 2
[270, 250, 250, 250, 250, 250, 250, 250, 270, 290, 290] [190, 190, 210, 230, 250, 270, 290, 310, 310, 310, 290] [317, 466] 11 1
[290, 270, 250, 250, 250, 250, 250, 250, 250, 270, 290] [190, 190, 190, 210, 230, 250, 270, 290, 310, 310, 310] [317, 466] 11 1
[310, 290, 270, 250, 250, 250, 250, 250, 250, 250, 270] [190, 190, 190, 190, 210, 230, 250, 270, 290, 310, 310] [317, 466] 11 1
[310, 310, 290, 270, 250, 250, 250, 250, 250, 250, 250] [210, 190, 190, 190, 190, 210, 230, 250, 270, 290, 310] [317, 466] 11 0
[310, 310, 310, 290, 270, 250, 250, 250, 250, 250, 250] [230, 210, 190, 190, 190, 190, 210, 230, 250, 270, 290] [317, 466] 11 0
[310, 310, 310, 310, 290, 270, 250, 250, 250, 250, 250] [250, 230, 210, 190, 190, 190, 190, 210, 230, 250, 270] [317, 466] 11 0
[310, 310, 310, 310, 310, 290, 270, 250, 250, 250, 250] [270, 250, 230, 210, 190, 190, 190, 190, 210, 230, 250] [317, 466] 11 0
[310, 310, 310, 310, 310, 310, 290, 270, 250, 250, 250] [290, 270, 250, 230, 210, 190, 190, 190, 190, 210, 230] [317, 466] 11 0
[310, 310, 310, 310, 310, 310, 310, 290, 270, 250, 250] [310, 290, 270, 250, 230, 210, 190, 190, 190, 190, 210] [317, 466] 11 0
[310, 310, 310, 310, 310, 310, 310, 310, 290, 270, 250] [330, 310, 290, 270, 250, 230, 210, 190, 190, 190, 190] [317, 466] 11 0
[310, 310, 310, 310, 310, 310, 310, 310, 310, 290, 270] [350, 330, 310, 290, 270, 250, 230, 210, 190, 190, 190] [317, 466] 11 0
[310, 310, 310, 310, 310, 310, 310, 310, 310, 310, 290] [370, 350, 330, 310, 290, 270, 250, 230, 210, 190, 190] [317, 466] 11 0
[310, 310, 310, 310, 310, 310, 310, 310, 310, 310, 310] [390, 370, 350, 330, 310, 290, 270, 250, 230, 210, 190] [317, 466] 11 0
[310, 310, 310, 310, 310, 310, 310, 310, 310, 310, 310] [410, 390, 370, 350, 330, 310, 290, 270, 250, 230, 210] [317, 466] 11 0
[310, 310, 310, 310, 310, 310, 310, 310, 310, 310, 310] [430, 410, 390, 370, 350, 330, 310, 290, 270, 250, 230] [317, 466] 11 0
[310, 310, 310, 310, 310, 310, 310, 310, 310, 310, 310] [450, 430, 410, 390, 370, 350, 330, 310, 290, 270, 250] [317, 466] 11 0
[310, 310, 310, 310, 310, 310, 310, 310, 310, 310, 310, 310] [470, 450, 430, 410, 390, 370, 350, 330, 310, 290, 270, 250] [370, 159] 12 0
[330, 310, 310, 310, 310, 310, 310, 310, 310, 310, 310, 310] [470, 470, 450, 430, 410, 390, 370, 350, 330, 310, 290, 270] [370, 159] 12 1
[350, 330, 310, 310, 310, 310, 310, 310, 310, 310, 310, 310] [470, 470, 470, 450, 430, 410, 390, 370, 350, 330, 310, 290] [370, 159] 12 1
[370, 350, 330, 310, 310, 310, 310, 310, 310, 310, 310, 310] [470, 470, 470, 470, 450, 430, 410, 390, 370, 350, 330, 310] [370, 159] 12 1
[390, 370, 350, 330, 310, 310, 310, 310, 310, 310, 310, 310] [470, 470, 470, 470, 470, 450, 430, 410, 390, 370, 350, 330] [370, 159] 12 1
[390, 390, 370, 350, 330, 310, 310, 310, 310, 310, 310, 310] [450, 470, 470, 470, 470, 470, 450, 430, 410, 390, 370, 350] [370, 159] 12 2
[390, 390, 390, 370, 350, 330, 310, 310, 310, 310, 310, 310] [430, 450, 470, 470, 470, 470, 470, 450, 430, 410, 390, 370] [370, 159] 12 2
[390, 390, 390, 390, 370, 350, 330, 310, 310, 310, 310, 310] [410, 430, 450, 470, 470, 470, 470, 470, 450, 430, 410, 390] [370, 159] 12 2
[390, 390, 390, 390, 390, 370, 350, 330, 310, 310, 310, 310] [390, 410, 430, 450, 470, 470, 470, 470, 470, 450, 430, 410] [370, 159] 12 2
[390, 390, 390, 390, 390, 390, 370, 350, 330, 310, 310, 310] [370, 390, 410, 430, 450, 470, 470, 470, 470, 470, 450, 430] [370, 159] 12 2
[390, 390, 390, 390, 390, 390, 390, 370, 350, 330, 310, 310] [350, 370, 390, 410, 430, 450, 470, 470, 470, 470, 470, 450] [370, 159] 12 2
[390, 390, 390, 390, 390, 390, 390, 390, 370, 350, 330, 310] [330, 350, 370, 390, 410, 430, 450, 470, 470, 470, 470, 470] [370, 159] 12 2
[390, 390, 390, 390, 390, 390, 390, 390, 390, 370, 350, 330] [310, 330, 350, 370, 390, 410, 430, 450, 470, 470, 470, 470] [370, 159] 12 2
[390, 390, 390, 390, 390, 390, 390, 390, 390, 390, 370, 350] [290, 310, 330, 350, 370, 390, 410, 430, 450, 470, 470, 470] [370, 159] 12 2
[390, 390, 390, 390, 390, 390, 390, 390, 390, 390, 390, 370] [270, 290, 310, 330, 350, 370, 390, 410, 430, 450, 470, 470] [370, 159] 12 2
[390, 390, 390, 390, 390, 390, 390, 390, 390, 390, 390, 390] [250, 270, 290, 310, 330, 350, 370, 390, 410, 430, 450, 470] [370, 159] 12 2
[390, 390, 390, 390, 390, 390, 390, 390, 390, 390, 390, 390] [230, 250, 270, 290, 310, 330, 350, 370, 390, 410, 430, 450] [370, 159] 12 2
[390, 390, 390, 390, 390, 390, 390, 390, 390, 390, 390, 390] [210, 230, 250, 270, 290, 310, 330, 350, 370, 390, 410, 430] [370, 159] 12 2
[390, 390, 390, 390, 390, 390, 390, 390, 390, 390, 390, 390] [190, 210, 230, 250, 270, 290, 310, 330, 350, 370, 390, 410] [370, 159] 12 2
[390, 390, 390, 390, 390, 390, 390, 390, 390, 390, 390, 390] [170, 190, 210, 230, 250, 270, 290, 310, 330, 350, 370, 390] [370, 159] 12 2
[390, 390, 390, 390, 390, 390, 390, 390, 390, 390, 390, 390] [150, 170, 190, 210, 230, 250, 270, 290, 310, 330, 350, 370] [370, 159] 12 2
[370, 390, 390, 390, 390, 390, 390, 390, 390, 390, 390, 390] [150, 150, 170, 190, 210, 230, 250, 270, 290, 310, 330, 350] [370, 159] 12 3
[350, 370, 390, 390, 390, 390, 390, 390, 390, 390, 390, 390, 390] [150, 150, 150, 170, 190, 210, 230, 250, 270, 290, 310, 330, 350] [546, 479] 13 3
[350, 350, 370, 390, 390, 390, 390, 390, 390, 390, 390, 390, 390] [170, 150, 150, 150, 170, 190, 210, 230, 250, 270, 290, 310, 330] [546, 479] 13 0
[350, 350, 350, 370, 390, 390, 390, 390, 390, 390, 390, 390, 390] [190, 170, 150, 150, 150, 170, 190, 210, 230, 250, 270, 290, 310] [546, 479] 13 0
[350, 350, 350, 350, 370, 390, 390, 390, 390, 390, 390, 390, 390] [210, 190, 170, 150, 150, 150, 170, 190, 210, 230, 250, 270, 290] [546, 479] 13 0
[350, 350, 350, 350, 350, 370, 390, 390, 390, 390, 390, 390, 390] [230, 210, 190, 170, 150, 150, 150, 170, 190, 210, 230, 250, 270] [546, 479] 13 0
[350, 350, 350, 350, 350, 350, 370, 390, 390, 390, 390, 390, 390] [250, 230, 210, 190, 170, 150, 150, 150, 170, 190, 210, 230, 250] [546, 479] 13 0
[350, 350, 350, 350, 350, 350, 350, 370, 390, 390, 390, 390, 390] [270, 250, 230, 210, 190, 170, 150, 150, 150, 170, 190, 210, 230] [546, 479] 13 0
[350, 350, 350, 350, 350, 350, 350, 350, 370, 390, 390, 390, 390] [290, 270, 250, 230, 210, 190, 170, 150, 150, 150, 170, 190, 210] [546, 479] 13 0
[350, 350, 350, 350, 350, 350, 350, 350, 350, 370, 390, 390, 390] [310, 290, 270, 250, 230, 210, 190, 170, 150, 150, 150, 170, 190] [546, 479] 13 0
[350, 350, 350, 350, 350, 350, 350, 350, 350, 350, 370, 390, 390] [330, 310, 290, 270, 250, 230, 210, 190, 170, 150, 150, 150, 170] [546, 479] 13 0
[350, 350, 350, 350, 350, 350, 350, 350, 350, 350, 350, 370, 390] [350, 330, 310, 290, 270, 250, 230, 210, 190, 170, 150, 150, 150] [546, 479] 13 0
[350, 350, 350, 350, 350, 350, 350, 350, 350, 350, 350, 350, 370] [370, 350, 330, 310, 290, 270, 250, 230, 210, 190, 170, 150, 150] [546, 479] 13 0
[350, 350, 350, 350, 350, 350, 350, 350, 350, 350, 350, 350, 350] [390, 370, 350, 330, 310, 290, 270, 250, 230, 210, 190, 170, 150] [546, 479] 13 0
[350, 350, 350, 350, 350, 350, 350, 350, 350, 350, 350, 350, 350] [410, 390, 370, 350, 330, 310, 290, 270, 250, 230, 210, 190, 170] [546, 479] 13 0
[350, 350, 350, 350, 350, 350, 350, 350, 350, 350, 350, 350, 350] [430, 410, 390, 370, 350, 330, 310, 290, 270, 250, 230, 210, 190] [546, 479] 13 0
[350, 350, 350, 350, 350, 350, 350, 350, 350, 350, 350, 350, 350] [450, 430, 410, 390, 370, 350, 330, 310, 290, 270, 250, 230, 210] [546, 479] 13 0
[350, 350, 350, 350, 350, 350, 350, 350, 350, 350, 350, 350, 350] [470, 450, 430, 410, 390, 370, 350, 330, 310, 290, 270, 250, 230] [546, 479] 13 0
[370, 350, 350, 350, 350, 350, 350, 350, 350, 350, 350, 350, 350] [470, 470, 450, 430, 410, 390, 370, 350, 330, 310, 290, 270, 250] [546, 479] 13 1
[390, 370, 350, 350, 350, 350, 350, 350, 350, 350, 350, 350, 350] [470, 470, 470, 450, 430, 410, 390, 370, 350, 330, 310, 290, 270] [546, 479] 13 1
[410, 390, 370, 350, 350, 350, 350, 350, 350, 350, 350, 350, 350] [470, 470, 470, 470, 450, 430, 410, 390, 370, 350, 330, 310, 290] [546, 479] 13 1
[430, 410, 390, 370, 350, 350, 350, 350, 350, 350, 350, 350, 350] [470, 470, 470, 470, 470, 450, 430, 410, 390, 370, 350, 330, 310] [546, 479] 13 1
[450, 430, 410, 390, 370, 350, 350, 350, 350, 350, 350, 350, 350] [470, 470, 470, 470, 470, 470, 450, 430, 410, 390, 370, 350, 330] [546, 479] 13 1
[470, 450, 430, 410, 390, 370, 350, 350, 350, 350, 350, 350, 350] [470, 470, 470, 470, 470, 470, 470, 450, 430, 410, 390, 370, 350] [546, 479] 13 1
[490, 470, 450, 430, 410, 390, 370, 350, 350, 350, 350, 350, 350] [470, 470, 470, 470, 470, 470, 470, 470, 450, 430, 410, 390, 370] [546, 479] 13 1
[510, 490, 470, 450, 430, 410, 390, 370, 350, 350, 350, 350, 350] [470, 470, 470, 470, 470, 470, 470, 470, 470, 450, 430, 410, 390] [546, 479] 13 1
[530, 510, 490, 470, 450, 430, 410, 390, 370, 350, 350, 350, 350] [470, 470, 470, 470, 470, 470, 470, 470, 470, 470, 450, 430, 410] [546, 479] 13 1
[550, 530, 510, 490, 470, 450, 430, 410, 390, 370, 350, 350, 350, 350] [470, 470, 470, 470, 470, 470, 470, 470, 470, 470, 470, 450, 430, 410] [432, 55] 14 1
[550, 550, 530, 510, 490, 470, 450, 430, 410, 390, 370, 350, 350, 350] [450, 470, 470, 470, 470, 470, 470, 470, 470, 470, 470, 470, 450, 430] [432, 55] 14 2
[550, 550, 550, 530, 510, 490, 470, 450, 430, 410, 390, 370, 350, 350] [430, 450, 470, 470, 470, 470, 470, 470, 470, 470, 470, 470, 470, 450] [432, 55] 14 2
[550, 550, 550, 550, 530, 510, 490, 470, 450, 430, 410, 390, 370, 350] [410, 430, 450, 470, 470, 470, 470, 470, 470, 470, 470, 470, 470, 470] [432, 55] 14 2
[550, 550, 550, 550, 550, 530, 510, 490, 470, 450, 430, 410, 390, 370] [390, 410, 430, 450, 470, 470, 470, 470, 470, 470, 470, 470, 470, 470] [432, 55] 14 2
[550, 550, 550, 550, 550, 550, 530, 510, 490, 470, 450, 430, 410, 390] [370, 390, 410, 430, 450, 470, 470, 470, 470, 470, 470, 470, 470, 470] [432, 55] 14 2
[550, 550, 550, 550, 550, 550, 550, 530, 510, 490, 470, 450, 430, 410] [350, 370, 390, 410, 430, 450, 470, 470, 470, 470, 470, 470, 470, 470] [432, 55] 14 2
[550, 550, 550, 550, 550, 550, 550, 550, 530, 510, 490, 470, 450, 430] [330, 350, 370, 390, 410, 430, 450, 470, 470, 470, 470, 470, 470, 470] [432, 55] 14 2
[550, 550, 550, 550, 550, 550, 550, 550, 550, 530, 510, 490, 470, 450] [310, 330, 350, 370, 390, 410, 430, 450, 470, 470, 470, 470, 470, 470] [432, 55] 14 2
[550, 550, 550, 550, 550, 550, 550, 550, 550, 550, 530, 510, 490, 470] [290, 310, 330, 350, 370, 390, 410, 430, 450, 470, 470, 470, 470, 470] [432, 55] 14 2
[550, 550, 550, 550, 550, 550, 550, 550, 550, 550, 550, 530, 510, 490] [270, 290, 310, 330, 350, 370, 390, 410, 430, 450, 470, 470, 470, 470] [432, 55] 14 2
[550, 550, 550, 550, 550, 550, 550, 550, 550, 550, 550, 550, 530, 510] [250, 270, 290, 310, 330, 350, 370, 390, 410, 430, 450, 470, 470, 470] [432, 55] 14 2
[550, 550, 550, 550, 550, 550, 550, 550, 550, 550, 550, 550, 550, 530] [230, 250, 270, 290, 310, 330, 350, 370, 390, 410, 430, 450, 470, 470] [432, 55] 14 2
[550, 550, 550, 550, 550, 550, 550, 550, 550, 550, 550, 550, 550, 550] [210, 230, 250, 270, 290, 310, 330, 350, 370, 390, 410, 430, 450, 470] [432, 55] 14 2
[550, 550, 550, 550, 550, 550, 550, 550, 550, 550, 550, 550, 550, 550] [190, 210, 230, 250, 270, 290, 310, 330, 350, 370, 390, 410, 430, 450] [432, 55] 14 2
[550, 550, 550, 550, 550, 550, 550, 550, 550, 550, 550, 550, 550, 550] [170, 190, 210, 230, 250, 270, 290, 310, 330, 350, 370, 390, 410, 430] [432, 55] 14 2
[550, 550, 550, 550, 550, 550, 550, 550, 550, 550, 550, 550, 550, 550] [150, 170, 190, 210, 230, 250, 270, 290, 310, 330, 350, 370, 390, 410] [432, 55] 14 2
[550, 550, 550, 550, 550, 550, 550, 550, 550, 550, 550, 550, 550, 550] [130, 150, 170, 190, 210, 230, 250, 270, 290, 310, 330, 350, 370, 390] [432, 55] 14 2
[550, 550, 550, 550, 550, 550, 550, 550, 550, 550, 550, 550, 550, 550] [110, 130, 150, 170, 190, 210, 230, 250, 270, 290, 310, 330, 350, 370] [432, 55] 14 2
[550, 550, 550, 550, 550, 550, 550, 550, 550, 550, 550, 550, 550, 550] [90, 110, 130, 150, 170, 190, 210, 230, 250, 270, 290, 310, 330, 350] [432, 55] 14 2
[550, 550, 550, 550, 550, 550, 550, 550, 550, 550, 550, 550, 550, 550] [70, 90, 110, 130, 150, 170, 190, 210, 230, 250, 270, 290, 310, 330] [432, 55] 14 2
[550, 550, 550, 550, 550, 550, 550, 550, 550, 550, 550, 550, 550, 550] [50, 70, 90, 110, 130, 150, 170, 190, 210, 230, 250, 270, 290, 310] [432, 55] 14 2
[530, 550, 550, 550, 550, 550, 550, 550, 550, 550, 550, 550, 550, 550] [50, 50, 70, 90, 110, 130, 150, 170, 190, 210, 230, 250, 270, 290] [432, 55] 14 3
[510, 530, 550, 550, 550, 550, 550, 550, 550, 550, 550, 550, 550, 550] [50, 50, 50, 70, 90, 110, 130, 150, 170, 190, 210, 230, 250, 270] [432, 55] 14 3
[490, 510, 530, 550, 550, 550, 550, 550, 550, 550, 550, 550, 550, 550] [50, 50, 50, 50, 70, 90, 110, 130, 150, 170, 190, 210, 230, 250] [432, 55] 14 3
[470, 490, 510, 530, 550, 550, 550, 550, 550, 550, 550, 550, 550, 550] [50, 50, 50, 50, 50, 70, 90, 110, 130, 150, 170, 190, 210, 230] [432, 55] 14 3
[450, 470, 490, 510, 530, 550, 550, 550, 550, 550, 550, 550, 550, 550] [50, 50, 50, 50, 50, 50, 70, 90, 110, 130, 150, 170, 190, 210] [432, 55] 14 3
[430, 450, 470, 490, 510, 530, 550, 550, 550, 550, 550, 550, 550, 550] [50, 50, 50, 50, 50, 50, 50, 70, 90, 110, 130, 150, 170, 190] [432, 55] 14 3
