[290, 290, 290, 290, 290] [290, 270, 250, 230, 210] [503, 147] 5 0
[310, 290, 290, 290, 290] [290, 290, 270, 250, 230] [503, 147] 5 1
[330, 310, 290, 290, 290] [290, 290, 290, 270, 250] [503, 147] 5 1
[350, 330, 310, 290, 290] [290, 290, 290, 290, 270] [503, 147] 5 1
[370, 350, 330, 310, 290] [290, 290, 290, 290, 290] [503, 147] 5 1
[390, 370, 350, 330, 310] [290, 290, 290, 290, 290] [503, 147] 5 1
[410, 390, 370, 350, 330] [290, 290, 290, 290, 290] [503, 147] 5 1
[430, 410, 390, 370, 350] [290, 290, 290, 290, 290] [503, 147] 5 1
[450, 430, 410, 390, 370] [290, 290, 290, 290, 290] [503, 147] 5 1
[470, 450, 430, 410, 390] [290, 290, 290, 290, 290] [503, 147] 5 1
[490, 470, 450, 430, 410] [290, 290, 290, 290, 290] [503, 147] 5 1
[510, 490, 470, 450, 430] [290, 290, 290, 290, 290] [503, 147] 5 1
[510, 510, 490, 470, 450] [270, 290, 290, 290, 290] [503, 147] 5 2
[510, 510, 510, 490, 470] [250, 270, 290, 290, 290] [503, 147] 5 2
[510, 510, 510, 510, 490] [230, 250, 270, 290, 290] [503, 147] 5 2
[510, 510, 510, 510, 510] [210, 230, 250, 270, 290] [503, 147] 5 2
[510, 510, 510, 510, 510] [190, 210, 230, 250, 270] [503, 147] 5 2
[510, 510, 510, 510, 510] [170, 190, 210, 230, 250] [503, 147] 5 2
[510, 510, 510, 510, 510] [150, 170, 190, 210, 230] [503, 147] 5 2
[510, 510, 510, 510, 510, 510] [130, 150, 170, 190, 210, 230] [524, 147] 6 2
[510, 510, 510, 510, 510, 510, 510] [110, 130, 150, 170, 190, 210, 230] [550, 92] 7 2
[510, 510, 510, 510, 510, 510, 510] [90, 110, 130, 150, 170, 190, 210] [550, 92] 7 2
[530, 510, 510, 510, 510, 510, 510] [90, 90, 110, 130, 150, 170, 190] [550, 92] 7 1
[550, 530, 510, 510, 510, 510, 510] [90, 90, 90, 110, 130, 150, 170] [550, 92] 7 1
[550, 550, 530, 510, 510, 510, 510, 510] [70, 90, 90, 90, 110, 130, 150, 170] [333, 273] 8 2
[530, 550, 550, 530, 510, 510, 510, 510] [70, 70, 90, 90, 90, 110, 130, 150] [333, 273] 8 3
[510, 530, 550, 550, 530, 510, 510, 510] [70, 70, 70, 90, 90, 90, 110, 130] [333, 273] 8 3
[490, 510, 530, 550, 550, 530, 510, 510] [70, 70, 70, 70, 90, 90, 90, 110] [333, 273] 8 3
[470, 490, 510, 530, 550, 550, 530, 510] [70, 70, 70, 70, 70, 90, 90, 90] [333, 273] 8 3
[450, 470, 490, 510, 530, 550, 550, 530] [70, 70, 70, 70, 70, 70, 90, 90] [333, 273] 8 3
[430, 450, 470, 490, 510, 530, 550, 550] [70, 70, 70, 70, 70, 70, 70, 90] [333, 273] 8 3
[410, 430, 450, 470, 490, 510, 530, 550] [70, 70, 70, 70, 70, 70, 70, 70] [333, 273] 8 3
[390, 410, 430, 450, 470, 490, 510, 530] [70, 70, 70, 70, 70, 70, 70, 70] [333, 273] 8 3
[370, 390, 410, 430, 450, 470, 490, 510] [70, 70, 70, 70, 70, 70, 70, 70] [333, 273] 8 3
[350, 370, 390, 410, 430, 450, 470, 490] [70, 70, 70, 70, 70, 70, 70, 70] [333, 273] 8 3
[330, 350, 370, 390, 410, 430, 450, 470] [70, 70, 70, 70, 70, 70, 70, 70] [333, 273] 8 3
[330, 330, 350, 370, 390, 410, 430, 450] [90, 70, 70, 70, 70, 70, 70, 70] [333, 273] 8 0
[330, 330, 330, 350, 370, 390, 410, 430] [110, 90, 70, 70, 70, 70, 70, 70] [333, 273] 8 0
[330, 330, 330, 330, 350, 370, 390, 410] [130, 110, 90, 70, 70, 70, 70, 70] [333, 273] 8 0
[330, 330, 330, 330, 330, 350, 370, 390] [150, 130, 110, 90, 70, 70, 70, 70] [333, 273] 8 0
[330, 330, 330, 330, 330, 330, 350, 370] [170, 150, 130, 110, 90, 70, 70, 70] [333, 273] 8 0
[330, 330, 330, 330, 330, 330, 330, 350] [190, 170, 150, 130, 110, 90, 70, 70] [333, 273] 8 0
[330, 330, 330, 330, 330, 330, 330, 330] [210, 190, 170, 150, 130, 110, 90, 70] [333, 273] 8 0
[330, 330, 330, 330, 330, 330, 330, 330] [230, 210, 190, 170, 150, 130, 110, 90] [333, 273] 8 0
[330, 330, 330, 330, 330, 330, 330, 330] [250, 230, 210, 190, 170, 150, 130, 110] [333, 273] 8 0
[330, 330, 330, 330, 330, 330, 330, 330] [270, 250, 230, 210, 190, 170, 150, 130] [333, 273] 8 0
[330, 330, 330, 330, 330, 330, 330, 330, 330] [290, 270, 250, 230, 210, 190, 170, 150, 130] [250, 398] 9 0
[330, 330, 330, 330, 330, 330, 330, 330, 330] [310, 290, 270, 250, 230, 210, 190, 170, 150] [250, 398] 9 0
[330, 330, 330, 330, 330, 330, 330, 330, 330] [330, 310, 290, 270, 250, 230, 210, 190, 170] [250, 398] 9 0
[330, 330, 330, 330, 330, 330, 330, 330, 330] [350, 330, 310, 290, 270, 250, 230, 210, 190] [250, 398] 9 0
[330, 330, 330, 330, 330, 330, 330, 330, 330] [370, 350, 330, 310, 290, 270, 250, 230, 210] [250, 398] 9 0
[330, 330, 330, 330, 330, 330, 330, 330, 330] [390, 370, 350, 330, 310, 290, 270, 250, 230] [250, 398] 9 0
[330, 330, 330, 330, 330, 330, 330, 330, 330] [410, 390, 370, 350, 330, 310, 290, 270, 250] [250, 398] 9 0
[330, 330, 330, 330, 330, 330, 330, 330, 330] [430, 410, 390, 370, 350, 330, 310, 290, 270] [250, 398] 9 0
[330, 330, 330, 330, 330, 330, 330, 330, 330] [450, 430, 410, 390, 370, 350, 330, 310, 290] [250, 398] 9 0
[330, 330, 330, 330, 330, 330, 330, 330, 330] [470, 450, 430, 410, 390, 370, 350, 330, 310] [250, 398] 9 0
[330, 330, 330, 330, 330, 330, 330, 330, 330] [490, 470, 450, 430, 410, 390, 370, 350, 330] [250, 398] 9 0
[330, 330, 330, 330, 330, 330, 330, 330, 330] [510, 490, 470, 450, 430, 410, 390, 370, 350] [250, 398] 9 0
[330, 330, 330, 330, 330, 330, 330, 330, 330] [530, 510, 490, 470, 450, 430, 410, 390, 370] [250, 398] 9 0
[310, 330, 330, 330, 330, 330, 330, 330, 330] [530, 530, 510, 490, 470, 450, 430, 410, 390] [250, 398] 9 3
[290, 310, 330, 330, 330, 330, 330, 330, 330] [530, 530, 530, 510, 490, 470, 450, 430, 410] [250, 398] 9 3
[270, 290, 310, 330, 330, 330, 330, 330, 330] [530, 530, 530, 530, 510, 490, 470, 450, 430] [250, 398] 9 3
[250, 270, 290, 310, 330, 330, 330, 330, 330] [530, 530, 530, 530, 530, 510, 490, 470, 450] [250, 398] 9 3
[250, 250, 270, 290, 310, 330, 330, 330, 330] [510, 530, 530, 530, 530, 530, 510, 490, 470] [250, 398] 9 2
[250, 250, 250, 270, 290, 310, 330, 330, 330] [490, 510, 530, 530, 530, 530, 530, 510, 490] [250, 398] 9 2
[250, 250, 250, 250, 270, 290, 310, 330, 330] [470, 490, 510, 530, 530, 530, 530, 530, 510] [250, 398] 9 2
[250, 250, 250, 250, 250, 270, 290, 310, 330] [450, 470, 490, 510, 530, 530, 530, 530, 530] [250, 398] 9 2
[250, 250, 250, 250, 250, 250, 270, 290, 310] [430, 450, 470, 490, 510, 530, 530, 530, 530] [250, 398] 9 2
[250, 250, 250, 250, 250, 250, 250, 270, 290] [410, 430, 450, 470, 490, 510, 530, 530, 530] [250, 398] 9 2
[250, 250, 250, 250, 250, 250, 250, 250, 270] [390, 410, 430, 450, 470, 490, 510, 530, 530] [250, 398] 9 2
[250, 250, 250, 250, 250, 250, 250, 250, 250, 270] [370, 390, 410, 430, 450, 470, 490, 510, 530, 530] [285, 502] 10 2
[270, 250, 250, 250, 250, 250, 250, 250, 250, 250] [370, 370, 390, 410, 430, 450, 470, 490, 510, 530] [285, 502] 10 1
[270, 270, 250, 250, 250, 250, 250, 250, 250, 250] [390, 370, 370, 390, 410, 430, 450, 470, 490, 510] [285, 502] 10 0
[270, 270, 270, 250, 250, 250, 250, 250, 250, 250] [410, 390, 370, 370, 390, 410, 430, 450, 470, 490] [285, 502] 10 0
[270, 270, 270, 270, 250, 250, 250, 250, 250, 250] [430, 410, 390, 370, 370, 390, 410, 430, 450, 470] [285, 502] 10 0
[270, 270, 270, 270, 270, 250, 250, 250, 250, 250] [450, 430, 410, 390, 370, 370, 390, 410, 430, 450] [285, 502] 10 0
[270, 270, 270, 270, 270, 270, 250, 250, 250, 250] [470, 450, 430, 410, 390, 370, 370, 390, 410, 430] [285, 502] 10 0
[270, 270, 270, 270, 270, 270, 270, 250, 250, 250] [490, 470, 450, 430, 410, 390, 370, 370, 390, 410] [285, 502] 10 0
[270, 270, 270, 270, 270, 270, 270, 270, 250, 250, 250] [510, 490, 470, 450, 430, 410, 390, 370, 370, 390, 410] [254, 145] 11 0
[250, 270, 270, 270, 270, 270, 270, 270, 270, 250, 250] [510, 510, 490, 470, 450, 430, 410, 390, 370, 370, 390] [254, 145] 11 3
[250, 250, 270, 270, 270, 270, 270, 270, 270, 270, 250] [490, 510, 510, 490, 470, 450, 430, 410, 390, 370, 370] [254, 145] 11 2
[250, 250, 250, 270, 270, 270, 270, 270, 270, 270, 270] [470, 490, 510, 510, 490, 470, 450, 430, 410, 390, 370] [254, 145] 11 2
[250, 250, 250, 250, 270, 270, 270, 270, 270, 270, 270] [450, 470, 490, 510, 510, 490, 470, 450, 430, 410, 390] [254, 145] 11 2
[250, 250, 250, 250, 250, 270, 270, 270, 270, 270, 270] [430, 450, 470, 490, 510, 510, 490, 470, 450, 430, 410] [254, 145] 11 2
[250, 250, 250, 250, 250, 250, 270, 270, 270, 270, 270] [410, 430, 450, 470, 490, 510, 510, 490, 470, 450, 430] [254, 145] 11 2
[250, 250, 250, 250, 250, 250, 250, 270, 270, 270, 270] [390, 410, 430, 450, 470, 490, 510, 510, 490, 470, 450] [254, 145] 11 2
[250, 250, 250, 250, 250, 250, 250, 250, 270, 270, 270] [370, 390, 410, 430, 450, 470, 490, 510, 510, 490, 470] [254, 145] 11 2
[250, 250, 250, 250, 250, 250, 250, 250, 250, 270, 270] [350, 370, 390, 410, 430, 450, 470, 490, 510, 510, 490] [254, 145] 11 2
[250, 250, 250, 250, 250, 250, 250, 250, 250, 250, 270] [330, 350, 370, 390, 410, 430, 450, 470, 490, 510, 510] [254, 145] 11 2
[250, 250, 250, 250, 250, 250, 250, 250, 250, 250, 250] [310, 330, 350, 370, 390, 410, 430, 450, 470, 490, 510] [254, 145] 11 2
[250, 250, 250, 250, 250, 250, 250, 250, 250, 250, 250] [290, 310, 330, 350, 370, 390, 410, 430, 450, 470, 490] [254, 145] 11 2
[250, 250, 250, 250, 250, 250, 250, 250, 250, 250, 250] [270, 290, 310, 330, 350, 370, 390, 410, 430, 450, 470] [254, 145] 11 2
[250, 250, 250, 250, 250, 250, 250, 250, 250, 250, 250] [250, 270, 290, 310, 330, 350, 370, 390, 410, 430, 450] [254, 145] 11 2
[250, 250, 250, 250, 250, 250, 250, 250, 250, 250, 250] [230, 250, 270, 290, 310, 330, 350, 370, 390, 410, 430] [254, 145] 11 2
[250, 250, 250, 250, 250, 250, 250, 250, 250, 250, 250] [210, 230, 250, 270, 290, 310, 330, 350, 370, 390, 410] [254, 145] 11 2
[250, 250, 250, 250, 250, 250, 250, 250, 250, 250, 250] [190, 210, 230, 250, 270, 290, 310, 330, 350, 370, 390] [254, 145] 11 2
[250, 250, 250, 250, 250, 250, 250, 250, 250, 250, 250] [170, 190, 210, 230, 250, 270, 290, 310, 330, 350, 370] [254, 145] 11 2
[250, 250, 250, 250, 250, 250, 250, 250, 250, 250, 250] [150, 170, 190, 210, 230, 250, 270, 290, 310, 330, 350] [254, 145] 11 2
[250, 250, 250, 250, 250, 250, 250, 250, 250, 250, 250, 250] [130, 150, 170, 190, 210, 230, 250, 270, 290, 310, 330, 350] [50, 553] 12 2
[230, 250, 250, 250, 250, 250, 250, 250, 250, 250, 250, 250] [130, 130, 150, 170, 190, 210, 230, 250, 270, 290, 310, 330] [50, 553] 12 3
[210, 230, 250, 250, 250, 250, 250, 250, 250, 250, 250, 250] [130, 130, 130, 150, 170, 190, 210, 230, 250, 270, 290, 310] [50, 553] 12 3
[190, 210, 230, 250, 250, 250, 250, 250, 250, 250, 250, 250] [130, 130, 130, 130, 150, 170, 190, 210, 230, 250, 270, 290] [50, 553] 12 3
[170, 190, 210, 230, 250, 250, 250, 250, 250, 250, 250, 250] [130, 130, 130, 130, 130, 150, 170, 190, 210, 230, 250, 270] [50, 553] 12 3
[150, 170, 190, 210, 230, 250, 250, 250, 250, 250, 250, 250] [130, 130, 130, 130, 130, 130, 150, 170, 190, 210, 230, 250] [50, 553] 12 3
[130, 150, 170, 190, 210, 230, 250, 250, 250, 250, 250, 250] [130, 130, 130, 130, 130, 130, 130, 150, 170, 190, 210, 230] [50, 553] 12 3
[110, 130, 150, 170, 190, 210, 230, 250, 250, 250, 250, 250] [130, 130, 130, 130, 130, 130, 130, 130, 150, 170, 190, 210] [50, 553] 12 3
[90, 110, 130, 150, 170, 190, 210, 230, 250, 250, 250, 250] [130, 130, 130, 130, 130, 130, 130, 130, 130, 150, 170, 190] [50, 553] 12 3
[70, 90, 110, 130, 150, 170, 190, 210, 230, 250, 250, 250] [130, 130, 130, 130, 130, 130, 130, 130, 130, 130, 150, 170] [50, 553] 12 3
[50, 70, 90, 110, 130, 150, 170, 190, 210, 230, 250, 250] [130, 130, 130, 130, 130, 130, 130, 130, 130, 130, 130, 150] [50, 553] 12 3
[50, 50, 70, 90, 110, 130, 150, 170, 190, 210, 230, 250] [150, 130, 130, 130, 130, 130, 130, 130, 130, 130, 130, 130] [50, 553] 12 0
[50, 50, 50, 70, 90, 110, 130, 150, 170, 190, 210, 230] [170, 150, 130, 130, 130, 130, 130, 130, 130, 130, 130, 130] [50, 553] 12 0
[50, 50, 50, 50, 70, 90, 110, 130, 150, 170, 190, 210] [190, 170, 150, 130, 130, 130, 130, 130, 130, 130, 130, 130] [50, 553] 12 0
[50, 50, 50, 50, 50, 70, 90, 110, 130, 150, 170, 190] [210, 190, 170, 150, 130, 130, 130, 130, 130, 130, 130, 130] [50, 553] 12 0
[50, 50, 50, 50, 50, 50, 70, 90, 110, 130, 150, 170] [230, 210, 190, 170, 150, 130, 130, 130, 130, 130, 130, 130] [50, 553] 12 0
[50, 50, 50, 50, 50, 50, 50, 70, 90, 110, 130, 150] [250, 230, 210, 190, 170, 150, 130, 130, 130, 130, 130, 130] [50, 553] 12 0
[50, 50, 50, 50, 50, 50, 50, 50, 70, 90, 110, 130] [270, 250, 230, 210, 190, 170, 150, 130, 130, 130, 130, 130] [50, 553] 12 0
[50, 50, 50, 50, 50, 50, 50, 50, 50, 70, 90, 110] [290, 270, 250, 230, 210, 190, 170, 150, 130, 130, 130, 130] [50, 553] 12 0
[50, 50, 50, 50, 50, 50, 50, 50, 50, 50, 70, 90] [310, 290, 270, 250, 230, 210, 190, 170, 150, 130, 130, 130] [50, 553] 12 0
[50, 50, 50, 50, 50, 50, 50, 50, 50, 50, 50, 70] [330, 310, 290, 270, 250, 230, 210, 190, 170, 150, 130, 130] [50, 553] 12 0
[50, 50, 50, 50, 50, 50, 50, 50, 50, 50, 50, 50] [350, 330, 310, 290, 270, 250, 230, 210, 190, 170, 150, 130] [50, 553] 12 0
[50, 50, 50, 50, 50, 50, 50, 50, 50, 50, 50, 50] [370, 350, 330, 310, 290, 270, 250, 230, 210, 190, 170, 150] [50, 553] 12 0
[50, 50, 50, 50, 50, 50, 50, 50, 50, 50, 50, 50] [390, 370, 350, 330, 310, 290, 270, 250, 230, 210, 190, 170] [50, 553] 12 0
[50, 50, 50, 50, 50, 50, 50, 50, 50, 50, 50, 50] [410, 390, 370, 350, 330, 310, 290, 270, 250, 230, 210, 190] [50, 553] 12 0
[50, 50, 50, 50, 50, 50, 50, 50, 50, 50, 50, 50] [430, 410, 390, 370, 350, 330, 310, 290, 270, 250, 230, 210] [50, 553] 12 0
[50, 50, 50, 50, 50, 50, 50, 50, 50, 50, 50, 50] [450, 430, 410, 390, 370, 350, 330, 310, 290, 270, 250, 230] [50, 553] 12 0
[50, 50, 50, 50, 50, 50, 50, 50, 50, 50, 50, 50] [470, 450, 430, 410, 390, 370, 350, 330, 310, 290, 270, 250] [50, 553] 12 0
[50, 50, 50, 50, 50, 50, 50, 50, 50, 50, 50, 50] [490, 470, 450, 430, 410, 390, 370, 350, 330, 310, 290, 270] [50, 553] 12 0
[50, 50, 50, 50, 50, 50, 50, 50, 50, 50, 50, 50] [510, 490, 470, 450, 430, 410, 390, 370, 350, 330, 310, 290] [50, 553] 12 0
[50, 50, 50, 50, 50, 50, 50, 50, 50, 50, 50, 50] [530, 510, 490, 470, 450, 430, 410, 390, 370, 350, 330, 310] [50, 553] 12 0
[50, 50, 50, 50, 50, 50, 50, 50, 50, 50, 50, 50] [550, 530, 510, 490, 470, 450, 430, 410, 390, 370, 350, 330] [50, 553] 12 0
