[290, 290, 290, 290, 290] [290, 270, 250, 230, 210] [57, 569] 5 0
[290, 290, 290, 290, 290] [310, 290, 270, 250, 230] [57, 569] 5 0
[290, 290, 290, 290, 290] [330, 310, 290, 270, 250] [57, 569] 5 0
[290, 290, 290, 290, 290] [350, 330, 310, 290, 270] [57, 569] 5 0
[290, 290, 290, 290, 290] [370, 350, 330, 310, 290] [57, 569] 5 0
[290, 290, 290, 290, 290] [390, 370, 350, 330, 310] [57, 569] 5 0
[290, 290, 290, 290, 290] [410, 390, 370, 350, 330] [57, 569] 5 0
[290, 290, 290, 290, 290] [430, 410, 390, 370, 350] [57, 569] 5 0
[290, 290, 290, 290, 290] [450, 430, 410, 390, 370] [57, 569] 5 0
[290, 290, 290, 290, 290] [470, 450, 430, 410, 390] [57, 569] 5 0
[290, 290, 290, 290, 290] [490, 470, 450, 430, 410] [57, 569] 5 0
[290, 290, 290, 290, 290] [510, 490, 470, 450, 430] [57, 569] 5 0
[290, 290, 290, 290, 290] [530, 510, 490, 470, 450] [57, 569] 5 0
[290, 290, 290, 290, 290] [550, 530, 510, 490, 470] [57, 569] 5 0
[290, 290, 290, 290, 290] [570, 550, 530, 510, 490] [57, 569] 5 0
[270, 290, 290, 290, 290] [570, 570, 550, 530, 510] [57, 569] 5 3
[250, 270, 290, 290, 290] [570, 570, 570, 550, 530] [57, 569] 5 3
[230, 250, 270, 290, 290] [570, 570, 570, 570, 550] [57, 569] 5 3
[210, 230, 250, 270, 290] [570, 570, 570, 570, 570] [57, 569] 5 3
[190, 210, 230, 250, 270] [570, 570, 570, 570, 570] [57, 569] 5 3
[170, 190, 210, 230, 250] [570, 570, 570, 570, 570] [57, 569] 5 3
[150, 170, 190, 210, 230] [570, 570, 570, 570, 570] [57, 569] 5 3
[130, 150, 170, 190, 210] [570, 570, 570, 570, 570] [57, 569] 5 3
[110, 130, 150, 170, 190] [570, 570, 570, 570, 570] [57, 569] 5 3
[90, 110, 130, 150, 170] [570, 570, 570, 570, 570] [57, 569] 5 3
[70, 90, 110, 130, 150] [570, 570, 570, 570, 570] [57, 569] 5 3
[50, 70, 90, 110, 130] [570, 570, 570, 570, 570] [57, 569] 5 3
[50, 50, 70, 90, 110, 130] [550, 570, 570, 570, 570, 570] [138, 231] 6 2
[50, 50, 50, 70, 90, 110] [530, 550, 570, 570, 570, 570] [138, 231] 6 2
[50, 50, 50, 50, 70, 90] [510, 530, 550, 570, 570, 570] [138, 231] 6 2
[50, 50, 50, 50, 50, 70] [490, 510, 530, 550, 570, 570] [138, 231] 6 2
[50, 50, 50, 50, 50, 50] [470, 490, 510, 530, 550, 570] [138, 231] 6 2
[50, 50, 50, 50, 50, 50] [450, 470, 490, 510, 530, 550] [138, 231] 6 2
[50, 50, 50, 50, 50, 50] [430, 450, 470, 490, 510, 530] [138, 231] 6 2
[50, 50, 50, 50, 50, 50] [410, 430, 450, 470, 490, 510] [138, 231] 6 2
[50, 50, 50, 50, 50, 50] [390, 410, 430, 450, 470, 490] [138, 231] 6 2
[50, 50, 50, 50, 50, 50] [370, 390, 410, 430, 450, 470] [138, 231] 6 2
[50, 50, 50, 50, 50, 50] [350, 370, 390, 410, 430, 450] [138, 231] 6 2
[50, 50, 50, 50, 50, 50] [330, 350, 370, 390, 410, 430] [138, 231] 6 2
[50, 50, 50, 50, 50, 50] [310, 330, 350, 370, 390, 410] [138, 231] 6 2
[50, 50, 50, 50, 50, 50] [290, 310, 330, 350, 370, 390] [138, 231] 6 2
[50, 50, 50, 50, 50, 50] [270, 290, 310, 330, 350, 370] [138, 231] 6 2
[50, 50, 50, 50, 50, 50] [250, 270, 290, 310, 330, 350] [138, 231] 6 2
[50, 50, 50, 50, 50, 50] [230, 250, 270, 290, 310, 330] [138, 231] 6 2
[70, 50, 50, 50, 50, 50] [230, 230, 250, 270, 290, 310] [138, 231] 6 1
[90, 70, 50, 50, 50, 50] [230, 230, 230, 250, 270, 290] [138, 231] 6 1
[110, 90, 70, 50, 50, 50] [230, 230, 230, 230, 250, 270] [138, 231] 6 1
[130, 110, 90, 70, 50, 50] [230, 230, 230, 230, 230, 250] [138, 231] 6 1
[150, 130, 110, 90, 70, 50, 50] [230, 230, 230, 230, 230, 230, 250] [106, 492] 7 1
[150, 150, 130, 110, 90, 70, 50] [250, 230, 230, 230, 230, 230, 230] [106, 492] 7 0
[150, 150, 150, 130, 110, 90, 70] [270, 250, 230, 230, 230, 230, 230] [106, 492] 7 0
[150, 150, 150, 150, 130, 110, 90] [290, 270, 250, 230, 230, 230, 230] [106, 492] 7 0
[150, 150, 150, 150, 150, 130, 110] [310, 290, 270, 250, 230, 230, 230] [106, 492] 7 0
[150, 150, 150, 150, 150, 150, 130] [330, 310, 290, 270, 250, 230, 230] [106, 492] 7 0
[150, 150, 150, 150, 150, 150, 150] [350, 330, 310, 290, 270, 250, 230] [106, 492] 7 0
[150, 150, 150, 150, 150, 150, 150] [370, 350, 330, 310, 290, 270, 250] [106, 492] 7 0
[150, 150, 150, 150, 150, 150, 150] [390, 370, 350, 330, 310, 290, 270] [106, 492] 7 0
[150, 150, 150, 150, 150, 150, 150] [410, 390, 370, 350, 330, 310, 290] [106, 492] 7 0
[150, 150, 150, 150, 150, 150, 150] [430, 410, 390, 370, 350, 330, 310] [106, 492] 7 0
[150, 150, 150, 150, 150, 150, 150] [450, 430, 410, 390, 370, 350, 330] [106, 492] 7 0
[150, 150, 150, 150, 150, 150, 150] [470, 450, 430, 410, 390, 370, 350] [106, 492] 7 0
[150, 150, 150, 150, 150, 150, 150] [490, 470, 450, 430, 410, 390, 370] [106, 492] 7 0
[130, 150, 150, 150, 150, 150, 150] [490, 490, 470, 450, 430, 410, 390] [106, 492] 7 3
[110, 130, 150, 150, 150, 150, 150] [490, 490, 490, 470, 450, 430, 410] [106, 492] 7 3
[90, 110, 130, 150, 150, 150, 150, 150] [490, 490, 490, 490, 470, 450, 430, 410] [16, 21] 8 3
[90, 90, 110, 130, 150, 150, 150, 150] [470, 490, 490, 490, 490, 470, 450, 430] [16, 21] 8 2
[70, 90, 90, 110, 130, 150, 150, 150] [470, 470, 490, 490, 490, 490, 470, 450] [16, 21] 8 3
[50, 70, 90, 90, 110, 130, 150, 150] [470, 470, 470, 490, 490, 490, 490, 470] [16, 21] 8 3
[30, 50, 70, 90, 90, 110, 130, 150] [470, 470, 470, 470, 490, 490, 490, 490] [16, 21] 8 3
[10, 30, 50, 70, 90, 90, 110, 130] [470, 470, 470, 470, 470, 490, 490, 490] [16, 21] 8 3
[10, 10, 30, 50, 70, 90, 90, 110] [450, 470, 470, 470, 470, 470, 490, 490] [16, 21] 8 2
[10, 10, 10, 30, 50, 70, 90, 90] [430, 450, 470, 470, 470, 470, 470, 490] [16, 21] 8 2
[10, 10, 10, 10, 30, 50, 70, 90] [410, 430, 450, 470, 470, 470, 470, 470] [16, 21] 8 2
[10, 10, 10, 10, 10, 30, 50, 70] [390, 410, 430, 450, 470, 470, 470, 470] [16, 21] 8 2
[10, 10, 10, 10, 10, 10, 30, 50] [370, 390, 410, 430, 450, 470, 470, 470] [16, 21] 8 2
[10, 10, 10, 10, 10, 10, 10, 30] [350, 370, 390, 410, 430, 450, 470, 470] [16, 21] 8 2
[10, 10, 10, 10, 10, 10, 10, 10] [330, 350, 370, 390, 410, 430, 450, 470] [16, 21] 8 2
[10, 10, 10, 10, 10, 10, 10, 10] [310, 330, 350, 370, 390, 410, 430, 450] [16, 21] 8 2
[10, 10, 10, 10, 10, 10, 10, 10] [290, 310, 330, 350, 370, 390, 410, 430] [16, 21] 8 2
[10, 10, 10, 10, 10, 10, 10, 10] [270, 290, 310, 330, 350, 370, 390, 410] [16, 21] 8 2
[10, 10, 10, 10, 10, 10, 10, 10] [250, 270, 290, 310, 330, 350, 370, 390] [16, 21] 8 2
[10, 10, 10, 10, 10, 10, 10, 10] [230, 250, 270, 290, 310, 330, 350, 370] [16, 21] 8 2
[10, 10, 10, 10, 10, 10, 10, 10] [210, 230, 250, 270, 290, 310, 330, 350] [16, 21] 8 2
[10, 10, 10, 10, 10, 10, 10, 10] [190, 210, 230, 250, 270, 290, 310, 330] [16, 21] 8 2
[10, 10, 10, 10, 10, 10, 10, 10] [170, 190, 210, 230, 250, 270, 290, 310] [16, 21] 8 2
[10, 10, 10, 10, 10, 10, 10, 10] [150, 170, 190, 210, 230, 250, 270, 290] [16, 21] 8 2
[10, 10, 10, 10, 10, 10, 10, 10] [130, 150, 170, 190, 210, 230, 250, 270] [16, 21] 8 2
[10, 10, 10, 10, 10, 10, 10, 10] [110, 130, 150, 170, 190, 210, 230, 250] [16, 21] 8 2
[10, 10, 10, 10, 10, 10, 10, 10] [90, 110, 130, 150, 170, 190, 210, 230] [16, 21] 8 2
[10, 10, 10, 10, 10, 10, 10, 10] [70, 90, 110, 130, 150, 170, 190, 210] [16, 21] 8 2
[10, 10, 10, 10, 10, 10, 10, 10] [50, 70, 90, 110, 130, 150, 170, 190] [16, 21] 8 2
[10, 10, 10, 10, 10, 10, 10, 10] [30, 50, 70, 90, 110, 130, 150, 170] [16, 21] 8 2
[10, 10, 10, 10, 10, 10, 10, 10, 10] [10, 30, 50, 70, 90, 110, 130, 150, 170] [577, 212] 9 2
[30, 10, 10, 10, 10, 10, 10, 10, 10] [10, 10, 30, 50, 70, 90, 110, 130, 150] [577, 212] 9 1
[50, 30, 10, 10, 10, 10, 10, 10, 10] [10, 10, 10, 30, 50, 70, 90, 110, 130] [577, 212] 9 1
[70, 50, 30, 10, 10, 10, 10, 10, 10] [10, 10, 10, 10, 30, 50, 70, 90, 110] [577, 212] 9 1
[90, 70, 50, 30, 10, 10, 10, 10, 10] [10, 10, 10, 10, 10, 30, 50, 70, 90] [577, 212] 9 1
[110, 90, 70, 50, 30, 10, 10, 10, 10] [10, 10, 10, 10, 10, 10, 30, 50, 70] [577, 212] 9 1
[130, 110, 90, 70, 50, 30, 10, 10, 10] [10, 10, 10, 10, 10, 10, 10, 30, 50] [577, 212] 9 1
[150, 130, 110, 90, 70, 50, 30, 10, 10] [10, 10, 10, 10, 10, 10, 10, 10, 30] [577, 212] 9 1
[170, 150, 130, 110, 90, 70, 50, 30, 10] [10, 10, 10, 10, 10, 10, 10, 10, 10] [577, 212] 9 1
[190, 170, 150, 130, 110, 90, 70, 50, 30] [10, 10, 10, 10, 10, 10, 10, 10, 10] [577, 212] 9 1
[210, 190, 170, 150, 130, 110, 90, 70, 50] [10, 10, 10, 10, 10, 10, 10, 10, 10] [577, 212] 9 1
[230, 210, 190, 170, 150, 130, 110, 90, 70] [10, 10, 10, 10, 10, 10, 10, 10, 10] [577, 212] 9 1
[250, 230, 210, 190, 170, 150, 130, 110, 90] [10, 10, 10, 10, 10, 10, 10, 10, 10] [577, 212] 9 1
[270, 250, 230, 210, 190, 170, 150, 130, 110] [10, 10, 10, 10, 10, 10, 10, 10, 10] [577, 212] 9 1
[290, 270, 250, 230, 210, 190, 170, 150, 130] [10, 10, 10, 10, 10, 10, 10, 10, 10] [577, 212] 9 1
[310, 290, 270, 250, 230, 210, 190, 170, 150] [10, 10, 10, 10, 10, 10, 10, 10, 10] [577, 212] 9 1
[330, 310, 290, 270, 250, 230, 210, 190, 170] [10, 10, 10, 10, 10, 10, 10, 10, 10] [577, 212] 9 1
[350, 330, 310, 290, 270, 250, 230, 210, 190] [10, 10, 10, 10, 10, 10, 10, 10, 10] [577, 212] 9 1
[370, 350, 330, 310, 290, 270, 250, 230, 210] [10, 10, 10, 10, 10, 10, 10, 10, 10] [577, 212] 9 1
[390, 370, 350, 330, 310, 290, 270, 250, 230] [10, 10, 10, 10, 10, 10, 10, 10, 10] [577, 212] 9 1
[410, 390, 370, 350, 330, 310, 290, 270, 250] [10, 10, 10, 10, 10, 10, 10, 10, 10] [577, 212] 9 1
[430, 410, 390, 370, 350, 330, 310, 290, 270] [10, 10, 10, 10, 10, 10, 10, 10, 10] [577, 212] 9 1
[450, 430, 410, 390, 370, 350, 330, 310, 290] [10, 10, 10, 10, 10, 10, 10, 10, 10] [577, 212] 9 1
[470, 450, 430, 410, 390, 370, 350, 330, 310] [10, 10, 10, 10, 10, 10, 10, 10, 10] [577, 212] 9 1
[490, 470, 450, 430, 410, 390, 370, 350, 330] [10, 10, 10, 10, 10, 10, 10, 10, 10] [577, 212] 9 1
[510, 490, 470, 450, 430, 410, 390, 370, 350] [10, 10, 10, 10, 10, 10, 10, 10, 10] [577, 212] 9 1
[530, 510, 490, 470, 450, 430, 410, 390, 370] [10, 10, 10, 10, 10, 10, 10, 10, 10] [577, 212] 9 1
[550, 530, 510, 490, 470, 450, 430, 410, 390] [10, 10, 10, 10, 10, 10, 10, 10, 10] [577, 212] 9 1
[570, 550, 530, 510, 490, 470, 450, 430, 410] [10, 10, 10, 10, 10, 10, 10, 10, 10] [577, 212] 9 1
[570, 570, 550, 530, 510, 490, 470, 450, 430] [30, 10, 10, 10, 10, 10, 10, 10, 10] [577, 212] 9 0
[570, 570, 570, 550, 530, 510, 490, 470, 450] [50, 30, 10, 10, 10, 10, 10, 10, 10] [577, 212] 9 0
[570, 570, 570, 570, 550, 530, 510, 490, 470] [70, 50, 30, 10, 10, 10, 10, 10, 10] [577, 212] 9 0
[570, 570, 570, 570, 570, 550, 530, 510, 490] [90, 70, 50, 30, 10, 10, 10, 10, 10] [577, 212] 9 0
[570, 570, 570, 570, 570, 570, 550, 530, 510] [110, 90, 70, 50, 30, 10, 10, 10, 10] [577, 212] 9 0
[570, 570, 570, 570, 570, 570, 570, 550, 530] [130, 110, 90, 70, 50, 30, 10, 10, 10] [577, 212] 9 0
[570, 570, 570, 570, 570, 570, 570, 570, 550] [150, 130, 110, 90, 70, 50, 30, 10, 10] [577, 212] 9 0
[570, 570, 570, 570, 570, 570, 570, 570, 570] [170, 150, 130, 110, 90, 70, 50, 30, 10] [577, 212] 9 0
[570, 570, 570, 570, 570, 570, 570, 570, 570] [190, 170, 150, 130, 110, 90, 70, 50, 30] [577, 212] 9 0
[570, 570, 570, 570, 570, 570, 570, 570, 570] [210, 190, 170, 150, 130, 110, 90, 70, 50] [577, 212] 9 0
[570, 570, 570, 570, 570, 570, 570, 570, 570, 570] [230, 210, 190, 170, 150, 130, 110, 90, 70, 50] [434, 101] 10 0
[570, 570, 570, 570, 570, 570, 570, 570, 570, 570] [250, 230, 210, 190, 170, 150, 130, 110, 90, 70] [434, 101] 10 0
[550, 570, 570, 570, 570, 570, 570, 570, 570, 570] [250, 250, 230, 210, 190, 170, 150, 130, 110, 90] [434, 101] 10 3
[530, 550, 570, 570, 570, 570, 570, 570, 570, 570] [250, 250, 250, 230, 210, 190, 170, 150, 130, 110] [434, 101] 10 3
[510, 530, 550, 570, 570, 570, 570, 570, 570, 570] [250, 250, 250, 250, 230, 210, 190, 170, 150, 130] [434, 101] 10 3
[490, 510, 530, 550, 570, 570, 570, 570, 570, 570] [250, 250, 250, 250, 250, 230, 210, 190, 170, 150] [434, 101] 10 3
[470, 490, 510, 530, 550, 570, 570, 570, 570, 570] [250, 250, 250, 250, 250, 250, 230, 210, 190, 170] [434, 101] 10 3
[450, 470, 490, 510, 530, 550, 570, 570, 570, 570] [250, 250, 250, 250, 250, 250, 250, 230, 210, 190] [434, 101] 10 3
[430, 450, 470, 490, 510, 530, 550, 570, 570, 570] [250, 250, 250, 250, 250, 250, 250, 250, 230, 210] [434, 101] 10 3
[430, 430, 450, 470, 490, 510, 530, 550, 570, 570] [230, 250, 250, 250, 250, 250, 250, 250, 250, 230] [434, 101] 10 2
[430, 430, 430, 450, 470, 490, 510, 530, 550, 570] [210, 230, 250, 250, 250, 250, 250, 250, 250, 250] [434, 101] 10 2
[430, 430, 430, 430, 450, 470, 490, 510, 530, 550] [190, 210, 230, 250, 250, 250, 250, 250, 250, 250] [434, 101] 10 2
[430, 430, 430, 430, 430, 450, 470, 490, 510, 530] [170, 190, 210, 230, 250, 250, 250, 250, 250, 250] [434, 101] 10 2
[430, 430, 430, 430, 430, 430, 450, 470, 490, 510] [150, 170, 190, 210, 230, 250, 250, 250, 250, 250] [434, 101] 10 2
[430, 430, 430, 430, 430, 430, 430, 450, 470, 490] [130, 150, 170, 190, 210, 230, 250, 250, 250, 250] [434, 101] 10 2
[430, 430, 430, 430, 430, 430, 430, 430, 450, 470] [110, 130, 150, 170, 190, 210, 230, 250, 250, 250] [434, 101] 10 2
[430, 430, 430, 430, 430, 430, 430, 430, 430, 450, 470] [90, 110, 130, 150, 170, 190, 210, 230, 250, 250, 250] [32, 489] 11 2
[410, 430, 430, 430, 430, 430, 430, 430, 430, 430, 450] [90, 90, 110, 130, 150, 170, 190, 210, 230, 250, 250] [32, 489] 11 3
[390, 410, 430, 430, 430, 430, 430, 430, 430, 430, 430] [90, 90, 90, 110, 130, 150, 170, 190, 210, 230, 250] [32, 489] 11 3
[370, 390, 410, 430, 430, 430, 430, 430, 430, 430, 430] [90, 90, 90, 90, 110, 130, 150, 170, 190, 210, 230] [32, 489] 11 3
[350, 370, 390, 410, 430, 430, 430, 430, 430, 430, 430] [90, 90, 90, 90, 90, 110, 130, 150, 170, 190, 210] [32, 489] 11 3
[330, 350, 370, 390, 410, 430, 430, 430, 430, 430, 430] [90, 90, 90, 90, 90, 90, 110, 130, 150, 170, 190] [32, 489] 11 3
[310, 330, 350, 370, 390, 410, 430, 430, 430, 430, 430] [90, 90, 90, 90, 90, 90, 90, 110, 130, 150, 170] [32, 489] 11 3
[290, 310, 330, 350, 370, 390, 410, 430, 430, 430, 430] [90, 90, 90, 90, 90, 90, 90, 90, 110, 130, 150] [32, 489] 11 3
[270, 290, 310, 330, 350, 370, 390, 410, 430, 430, 430] [90, 90, 90, 90, 90, 90, 90, 90, 90, 110, 130] [32, 489] 11 3
[250, 270, 290, 310, 330, 350, 370, 390, 410, 430, 430] [90, 90, 90, 90, 90, 90, 90, 90, 90, 90, 110] [32, 489] 11 3
[230, 250, 270, 290, 310, 330, 350, 370, 390, 410, 430] [90, 90, 90, 90, 90, 90, 90, 90, 90, 90, 90] [32, 489] 11 3
[210, 230, 250, 270, 290, 310, 330, 350, 370, 390, 410] [90, 90, 90, 90, 90, 90, 90, 90, 90, 90, 90] [32, 489] 11 3
[190, 210, 230, 250, 270, 290, 310, 330, 350, 370, 390] [90, 90, 90, 90, 90, 90, 90, 90, 90, 90, 90] [32, 489] 11 3
[170, 190, 210, 230, 250, 270, 290, 310, 330, 350, 370] [90, 90, 90, 90, 90, 90, 90, 90, 90, 90, 90] [32, 489] 11 3
[150, 170, 190, 210, 230, 250, 270, 290, 310, 330, 350] [90, 90, 90, 90, 90, 90, 90, 90, 90, 90, 90] [32, 489] 11 3
[130, 150, 170, 190, 210, 230, 250, 270, 290, 310, 330] [90, 90, 90, 90, 90, 90, 90, 90, 90, 90, 90] [32, 489] 11 3
[110, 130, 150, 170, 190, 210, 230, 250, 270, 290, 310] [90, 90, 90, 90, 90, 90, 90, 90, 90, 90, 90] [32, 489] 11 3
[90, 110, 130, 150, 170, 190, 210, 230, 250, 270, 290] [90, 90, 90, 90, 90, 90, 90, 90, 90, 90, 90] [32, 489] 11 3
[70, 90, 110, 130, 150, 170, 190, 210, 230, 250, 270] [90, 90, 90, 90, 90, 90, 90, 90, 90, 90, 90] [32, 489] 11 3
[50, 70, 90, 110, 130, 150, 170, 190, 210, 230, 250] [90, 90, 90, 90, 90, 90, 90, 90, 90, 90, 90] [32, 489] 11 3
[30, 50, 70, 90, 110, 130, 150, 170, 190, 210, 230] [90, 90, 90, 90, 90, 90, 90, 90, 90, 90, 90] [32, 489] 11 3
[30, 30, 50, 70, 90, 110, 130, 150, 170, 190, 210] [110, 90, 90, 90, 90, 90, 90, 90, 90, 90, 90] [32, 489] 11 0
[30, 30, 30, 50, 70, 90, 110, 130, 150, 170, 190] [130, 110, 90, 90, 90, 90, 90, 90, 90, 90, 90] [32, 489] 11 0
[30, 30, 30, 30, 50, 70, 90, 110, 130, 150, 170] [150, 130, 110, 90, 90, 90, 90, 90, 90, 90, 90] [32, 489] 11 0
[30, 30, 30, 30, 30, 50, 70, 90, 110, 130, 150] [170, 150, 130, 110, 90, 90, 90, 90, 90, 90, 90] [32, 489] 11 0
[30, 30, 30, 30, 30, 30, 50, 70, 90, 110, 130] [190, 170, 150, 130, 110, 90, 90, 90, 90, 90, 90] [32, 489] 11 0
[30, 30, 30, 30, 30, 30, 30, 50, 70, 90, 110] [210, 190, 170, 150, 130, 110, 90, 90, 90, 90, 90] [32, 489] 11 0
[30, 30, 30, 30, 30, 30, 30, 30, 50, 70, 90] [230, 210, 190, 170, 150, 130, 110, 90, 90, 90, 90] [32, 489] 11 0
[30, 30, 30, 30, 30, 30, 30, 30, 30, 50, 70] [250, 230, 210, 190, 170, 150, 130, 110, 90, 90, 90] [32, 489] 11 0
[30, 30, 30, 30, 30, 30, 30, 30, 30, 30, 50] [270, 250, 230, 210, 190, 170, 150, 130, 110, 90, 90] [32, 489] 11 0
[30, 30, 30, 30, 30, 30, 30, 30, 30, 30, 30] [290, 270, 250, 230, 210, 190, 170, 150, 130, 110, 90] [32, 489] 11 0
[30, 30, 30, 30, 30, 30, 30, 30, 30, 30, 30] [310, 290, 270, 250, 230, 210, 190, 170, 150, 130, 110] [32, 489] 11 0
[30, 30, 30, 30, 30, 30, 30, 30, 30, 30, 30] [330, 310, 290, 270, 250, 230, 210, 190, 170, 150, 130] [32, 489] 11 0
[30, 30, 30, 30, 30, 30, 30, 30, 30, 30, 30] [350, 330, 310, 290, 270, 250, 230, 210, 190, 170, 150] [32, 489] 11 0
[30, 30, 30, 30, 30, 30, 30, 30, 30, 30, 30] [370, 350, 330, 310, 290, 270, 250, 230, 210, 190, 170] [32, 489] 11 0
[30, 30, 30, 30, 30, 30, 30, 30, 30, 30, 30] [390, 370, 350, 330, 310, 290, 270, 250, 230, 210, 190] [32, 489] 11 0
[30, 30, 30, 30, 30, 30, 30, 30, 30, 30, 30] [410, 390, 370, 350, 330, 310, 290, 270, 250, 230, 210] [32, 489] 11 0
[30, 30, 30, 30, 30, 30, 30, 30, 30, 30, 30] [430, 410, 390, 370, 350, 330, 310, 290, 270, 250, 230] [32, 489] 11 0
[30, 30, 30, 30, 30, 30, 30, 30, 30, 30, 30] [450, 430, 410, 390, 370, 350, 330, 310, 290, 270, 250] [32, 489] 11 0
[30, 30, 30, 30, 30, 30, 30, 30, 30, 30, 30] [470, 450, 430, 410, 390, 370, 350, 330, 310, 290, 270] [32, 489] 11 0
[30, 30, 30, 30, 30, 30, 30, 30, 30, 30, 30, 30] [490, 470, 450, 430, 410, 390, 370, 350, 330, 310, 290, 270] [308, 543] 12 0
[30, 30, 30, 30, 30, 30, 30, 30, 30, 30, 30, 30] [510, 490, 470, 450, 430, 410, 390, 370, 350, 330, 310, 290] [308, 543] 12 0
[30, 30, 30, 30, 30, 30, 30, 30, 30, 30, 30, 30] [530, 510, 490, 470, 450, 430, 410, 390, 370, 350, 330, 310] [308, 543] 12 0
[30, 30, 30, 30, 30, 30, 30, 30, 30, 30, 30, 30] [550, 530, 510, 490, 470, 450, 430, 410, 390, 370, 350, 330] [308, 543] 12 0
[50, 30, 30, 30, 30, 30, 30, 30, 30, 30, 30, 30] [550, 550, 530, 510, 490, 470, 450, 430, 410, 390, 370, 350] [308, 543] 12 1
[70, 50, 30, 30, 30, 30, 30, 30, 30, 30, 30, 30] [550, 550, 550, 530, 510, 490, 470, 450, 430, 410, 390, 370] [308, 543] 12 1
[90, 70, 50, 30, 30, 30, 30, 30, 30, 30, 30, 30] [550, 550, 550, 550, 530, 510, 490, 470, 450, 430, 410, 390] [308, 543] 12 1
[110, 90, 70, 50, 30, 30, 30, 30, 30, 30, 30, 30] [550, 550, 550, 550, 550, 530, 510, 490, 470, 450, 430, 410] [308, 543] 12 1
[130, 110, 90, 70, 50, 30, 30, 30, 30, 30, 30, 30] [550, 550, 550, 550, 550, 550, 530, 510, 490, 470, 450, 430] [308, 543] 12 1
[150, 130, 110, 90, 70, 50, 30, 30, 30, 30, 30, 30] [550, 550, 550, 550, 550, 550, 550, 530, 510, 490, 470, 450] [308, 543] 12 1
[170, 150, 130, 110, 90, 70, 50, 30, 30, 30, 30, 30] [550, 550, 550, 550, 550, 550, 550, 550, 530, 510, 490, 470] [308, 543] 12 1
[190, 170, 150, 130, 110, 90, 70, 50, 30, 30, 30, 30] [550, 550, 550, 550, 550, 550, 550, 550, 550, 530, 510, 490] [308, 543] 12 1
[210, 190, 170, 150, 130, 110, 90, 70, 50, 30, 30, 30] [550, 550, 550, 550, 550, 550, 550, 550, 550, 550, 530, 510] [308, 543] 12 1
[230, 210, 190, 170, 150, 130, 110, 90, 70, 50, 30, 30] [550, 550, 550, 550, 550, 550, 550, 550, 550, 550, 550, 530] [308, 543] 12 1
[250, 230, 210, 190, 170, 150, 130, 110, 90, 70, 50, 30] [550, 550, 550, 550, 550, 550, 550, 550, 550, 550, 550, 550] [308, 543] 12 1
[270, 250, 230, 210, 190, 170, 150, 130, 110, 90, 70, 50] [550, 550, 550, 550, 550, 550, 550, 550, 550, 550, 550, 550] [308, 543] 12 1
[290, 270, 250, 230, 210, 190, 170, 150, 130, 110, 90, 70] [550, 550, 550, 550, 550, 550, 550, 550, 550, 550, 550, 550] [308, 543] 12 1
[310, 290, 270, 250, 230, 210, 190, 170, 150, 130, 110, 90, 70] [550, 550, 550, 550, 550, 550, 550, 550, 550, 550, 550, 550, 550] [129, 305] 13 1
[310, 310, 290, 270, 250, 230, 210, 190, 170, 150, 130, 110, 90] [530, 550, 550, 550, 550, 550, 550, 550, 550, 550, 550, 550, 550] [129, 305] 13 2
[310, 310, 310, 290, 270, 250, 230, 210, 190, 170, 150, 130, 110] [510, 530, 550, 550, 550, 550, 550, 550, 550, 550, 550, 550, 550] [129, 305] 13 2
[310, 310, 310, 310, 290, 270, 250, 230, 210, 190, 170, 150, 130] [490, 510, 530, 550, 550, 550, 550, 550, 550, 550, 550, 550, 550] [129, 305] 13 2
[310, 310, 310, 310, 310, 290, 270, 250, 230, 210, 190, 170, 150] [470, 490, 510, 530, 550, 550, 550, 550, 550, 550, 550, 550, 550] [129, 305] 13 2
[310, 310, 310, 310, 310, 310, 290, 270, 250, 230, 210, 190, 170] [450, 470, 490, 510, 530, 550, 550, 550, 550, 550, 550, 550, 550] [129, 305] 13 2
[310, 310, 310, 310, 310, 310, 310, 290, 270, 250, 230, 210, 190] [430, 450, 470, 490, 510, 530, 550, 550, 550, 550, 550, 550, 550] [129, 305] 13 2
[310, 310, 310, 310, 310, 310, 310, 310, 290, 270, 250, 230, 210] [410, 430, 450, 470, 490, 510, 530, 550, 550, 550, 550, 550, 550] [129, 305] 13 2
[310, 310, 310, 310, 310, 310, 310, 310, 310, 290, 270, 250, 230] [390, 410, 430, 450, 470, 490, 510, 530, 550, 550, 550, 550, 550] [129, 305] 13 2
[310, 310, 310, 310, 310, 310, 310, 310, 310, 310, 290, 270, 250] [370, 390, 410, 430, 450, 470, 490, 510, 530, 550, 550, 550, 550] [129, 305] 13 2
[310, 310, 310, 310, 310, 310, 310, 310, 310, 310, 310, 290, 270] [350, 370, 390, 410, 430, 450, 470, 490, 510, 530, 550, 550, 550] [129, 305] 13 2
[310, 310, 310, 310, 310, 310, 310, 310, 310, 310, 310, 310, 290] [330, 350, 370, 390, 410, 430, 450, 470, 490, 510, 530, 550, 550] [129, 305] 13 2
[310, 310, 310, 310, 310, 310, 310, 310, 310, 310, 310, 310, 310] [310, 330, 350, 370, 390, 410, 430, 450, 470, 490, 510, 530, 550] [129, 305] 13 2
[310, 310, 310, 310, 310, 310, 310, 310, 310, 310, 310, 310, 310] [290, 310, 330, 350, 370, 390, 410, 430, 450, 470, 490, 510, 530] [129, 305] 13 2
[310, 310, 310, 310, 310, 310, 310, 310, 310, 310, 310, 310, 310] [270, 290, 310, 330, 350, 370, 390, 410, 430, 450, 470, 490, 510] [129, 305] 13 2
[290, 310, 310, 310, 310, 310, 310, 310, 310, 310, 310, 310, 310] [270, 270, 290, 310, 330, 350, 370, 390, 410, 430, 450, 470, 490] [129, 305] 13 3
[270, 290, 310, 310, 310, 310, 310, 310, 310, 310, 310, 310, 310] [270, 270, 270, 290, 310, 330, 350, 370, 390, 410, 430, 450, 470] [129, 305] 13 3
[250, 270, 290, 310, 310, 310, 310, 310, 310, 310, 310, 310, 310] [270, 270, 270, 270, 290, 310, 330, 350, 370, 390, 410, 430, 450] [129, 305] 13 3
[230, 250, 270, 290, 310, 310, 310, 310, 310, 310, 310, 310, 310] [270, 270, 270, 270, 270, 290, 310, 330, 350, 370, 390, 410, 430] [129, 305] 13 3
[210, 230, 250, 270, 290, 310, 310, 310, 310, 310, 310, 310, 310] [270, 270, 270, 270, 270, 270, 290, 310, 330, 350, 370, 390, 410] [129, 305] 13 3
[190, 210, 230, 250, 270, 290, 310, 310, 310, 310, 310, 310, 310] [270, 270, 270, 270, 270, 270, 270, 290, 310, 330, 350, 370, 390] [129, 305] 13 3
[170, 190, 210, 230, 250, 270, 290, 310, 310, 310, 310, 310, 310] [270, 270, 270, 270, 270, 270, 270, 270, 290, 310, 330, 350, 370] [129, 305] 13 3
[150, 170, 190, 210, 230, 250, 270, 290, 310, 310, 310, 310, 310] [270, 270, 270, 270, 270, 270, 270, 270, 270, 290, 310, 330, 350] [129, 305] 13 3
[130, 150, 170, 190, 210, 230, 250, 270, 290, 310, 310, 310, 310] [270, 270, 270, 270, 270, 270, 270, 270, 270, 270, 290, 310, 330] [129, 305] 13 3
[130, 130, 150, 170, 190, 210, 230, 250, 270, 290, 310, 310, 310] [290, 270, 270, 270, 270, 270, 270, 270, 270, 270, 270, 290, 310] [129, 305] 13 0
[130, 130, 130, 150, 170, 190, 210, 230, 250, 270, 290, 310, 310, 310] [310, 290, 270, 270, 270, 270, 270, 270, 270, 270, 270, 270, 290, 310] [336, 124] 14 0
[150, 130, 130, 130, 150, 170, 190, 210, 230, 250, 270, 290, 310, 310] [310, 310, 290, 270, 270, 270, 270, 270, 270, 270, 270, 270, 270, 290] [336, 124] 14 1
[170, 150, 130, 130, 130, 150, 170, 190, 210, 230, 250, 270, 290, 310] [310, 310, 310, 290, 270, 270, 270, 270, 270, 270, 270, 270, 270, 270] [336, 124] 14 1
[190, 170, 150, 130, 130, 130, 150, 170, 190, 210, 230, 250, 270, 290] [310, 310, 310, 310, 290, 270, 270, 270, 270, 270, 270, 270, 270, 270] [336, 124] 14 1
[210, 190, 170, 150, 130, 130, 130, 150, 170, 190, 210, 230, 250, 270] [310, 310, 310, 310, 310, 290, 270, 270, 270, 270, 270, 270, 270, 270] [336, 124] 14 1
[230, 210, 190, 170, 150, 130, 130, 130, 150, 170, 190, 210, 230, 250] [310, 310, 310, 310, 310, 310, 290, 270, 270, 270, 270, 270, 270, 270] [336, 124] 14 1
[250, 230, 210, 190, 170, 150, 130, 130, 130, 150, 170, 190, 210, 230] [310, 310, 310, 310, 310, 310, 310, 290, 270, 270, 270, 270, 270, 270] [336, 124] 14 1
[270, 250, 230, 210, 190, 170, 150, 130, 130, 130, 150, 170, 190, 210] [310, 310, 310, 310, 310, 310, 310, 310, 290, 270, 270, 270, 270, 270] [336, 124] 14 1
[290, 270, 250, 230, 210, 190, 170, 150, 130, 130, 130, 150, 170, 190] [310, 310, 310, 310, 310, 310, 310, 310, 310, 290, 270, 270, 270, 270] [336, 124] 14 1
[310, 290, 270, 250, 230, 210, 190, 170, 150, 130, 130, 130, 150, 170] [310, 310, 310, 310, 310, 310, 310, 310, 310, 310, 290, 270, 270, 270] [336, 124] 14 1
[330, 310, 290, 270, 250, 230, 210, 190, 170, 150, 130, 130, 130, 150] [310, 310, 310, 310, 310, 310, 310, 310, 310, 310, 310, 290, 270, 270] [336, 124] 14 1
[350, 330, 310, 290, 270, 250, 230, 210, 190, 170, 150, 130, 130, 130] [310, 310, 310, 310, 310, 310, 310, 310, 310, 310, 310, 310, 290, 270] [336, 124] 14 1
[350, 350, 330, 310, 290, 270, 250, 230, 210, 190, 170, 150, 130, 130] [290, 310, 310, 310, 310, 310, 310, 310, 310, 310, 310, 310, 310, 290] [336, 124] 14 2
[350, 350, 350, 330, 310, 290, 270, 250, 230, 210, 190, 170, 150, 130] [270, 290, 310, 310, 310, 310, 310, 310, 310, 310, 310, 310, 310, 310] [336, 124] 14 2
[350, 350, 350, 350, 330, 310, 290, 270, 250, 230, 210, 190, 170, 150] [250, 270, 290, 310, 310, 310, 310, 310, 310, 310, 310, 310, 310, 310] [336, 124] 14 2
[350, 350, 350, 350, 350, 330, 310, 290, 270, 250, 230, 210, 190, 170] [230, 250, 270, 290, 310, 310, 310, 310, 310, 310, 310, 310, 310, 310] [336, 124] 14 2
[350, 350, 350, 350, 350, 350, 330, 310, 290, 270, 250, 230, 210, 190] [210, 230, 250, 270, 290, 310, 310, 310, 310, 310, 310, 310, 310, 310] [336, 124] 14 2
[350, 350, 350, 350, 350, 350, 350, 330, 310, 290, 270, 250, 230, 210] [190, 210, 230, 250, 270, 290, 310, 310, 310, 310, 310, 310, 310, 310] [336, 124] 14 2
[350, 350, 350, 350, 350, 350, 350, 350, 330, 310, 290, 270, 250, 230] [170, 190, 210, 230, 250, 270, 290, 310, 310, 310, 310, 310, 310, 310] [336, 124] 14 2
[350, 350, 350, 350, 350, 350, 350, 350, 350, 330, 310, 290, 270, 250] [150, 170, 190, 210, 230, 250, 270, 290, 310, 310, 310, 310, 310, 310] [336, 124] 14 2
[350, 350, 350, 350, 350, 350, 350, 350, 350, 350, 330, 310, 290, 270] [130, 150, 170, 190, 210, 230, 250, 270, 290, 310, 310, 310, 310, 310] [336, 124] 14 2
[350, 350, 350, 350, 350, 350, 350, 350, 350, 350, 350, 330, 310, 290] [110, 130, 150, 170, 190, 210, 230, 250, 270, 290, 310, 310, 310, 310] [336, 124] 14 2
[330, 350, 350, 350, 350, 350, 350, 350, 350, 350, 350, 350, 330, 310] [110, 110, 130, 150, 170, 190, 210, 230, 250, 270, 290, 310, 310, 310] [336, 124] 14 3
[310, 330, 350, 350, 350, 350, 350, 350, 350, 350, 350, 350, 350, 330, 310] [110, 110, 110, 130, 150, 170, 190, 210, 230, 250, 270, 290, 310, 310, 310] [167, 521] 15 3
[290, 310, 330, 350, 350, 350, 350, 350, 350, 350, 350, 350, 350, 350, 330] [110, 110, 110, 110, 130, 150, 170, 190, 210, 230, 250, 270, 290, 310, 310] [167, 521] 15 3
[270, 290, 310, 330, 350, 350, 350, 350, 350, 350, 350, 350, 350, 350, 350] [110, 110, 110, 110, 110, 130, 150, 170, 190, 210, 230, 250, 270, 290, 310] [167, 521] 15 3
[250, 270, 290, 310, 330, 350, 350, 350, 350, 350, 350, 350, 350, 350, 350] [110, 110, 110, 110, 110, 110, 130, 150, 170, 190, 210, 230, 250, 270, 290] [167, 521] 15 3
[230, 250, 270, 290, 310, 330, 350, 350, 350, 350, 350, 350, 350, 350, 350] [110, 110, 110, 110, 110, 110, 110, 130, 150, 170, 190, 210, 230, 250, 270] [167, 521] 15 3
[210, 230, 250, 270, 290, 310, 330, 350, 350, 350, 350, 350, 350, 350, 350] [110, 110, 110, 110, 110, 110, 110, 110, 130, 150, 170, 190, 210, 230, 250] [167, 521] 15 3
[190, 210, 230, 250, 270, 290, 310, 330, 350, 350, 350, 350, 350, 350, 350] [110, 110, 110, 110, 110, 110, 110, 110, 110, 130, 150, 170, 190, 210, 230] [167, 521] 15 3
[170, 190, 210, 230, 250, 270, 290, 310, 330, 350, 350, 350, 350, 350, 350] [110, 110, 110, 110, 110, 110, 110, 110, 110, 110, 130, 150, 170, 190, 210] [167, 521] 15 3
[150, 170, 190, 210, 230, 250, 270, 290, 310, 330, 350, 350, 350, 350, 350] [110, 110, 110, 110, 110, 110, 110, 110, 110, 110, 110, 130, 150, 170, 190] [167, 521] 15 3
[150, 150, 170, 190, 210, 230, 250, 270, 290, 310, 330, 350, 350, 350, 350] [130, 110, 110, 110, 110, 110, 110, 110, 110, 110, 110, 110, 130, 150, 170] [167, 521] 15 0
[150, 150, 150, 170, 190, 210, 230, 250, 270, 290, 310, 330, 350, 350, 350] [150, 130, 110, 110, 110, 110, 110, 110, 110, 110, 110, 110, 110, 130, 150] [167, 521] 15 0
[150, 150, 150, 150, 170, 190, 210, 230, 250, 270, 290, 310, 330, 350, 350] [170, 150, 130, 110, 110, 110, 110, 110, 110, 110, 110, 110, 110, 110, 130] [167, 521] 15 0
[150, 150, 150, 150, 150, 170, 190, 210, 230, 250, 270, 290, 310, 330, 350] [190, 170, 150, 130, 110, 110, 110, 110, 110, 110, 110, 110, 110, 110, 110] [167, 521] 15 0
[150, 150, 150, 150, 150, 150, 170, 190, 210, 230, 250, 270, 290, 310, 330] [210, 190, 170, 150, 130, 110, 110, 110, 110, 110, 110, 110, 110, 110, 110] [167, 521] 15 0
[150, 150, 150, 150, 150, 150, 150, 170, 190, 210, 230, 250, 270, 290, 310] [230, 210, 190, 170, 150, 130, 110, 110, 110, 110, 110, 110, 110, 110, 110] [167, 521] 15 0
[150, 150, 150, 150, 150, 150, 150, 150, 170, 190, 210, 230, 250, 270, 290] [250, 230, 210, 190, 170, 150, 130, 110, 110, 110, 110, 110, 110, 110, 110] [167, 521] 15 0
[150, 150, 150, 150, 150, 150, 150, 150, 150, 170, 190, 210, 230, 250, 270] [270, 250, 230, 210, 190, 170, 150, 130, 110, 110, 110, 110, 110, 110, 110] [167, 521] 15 0
[150, 150, 150, 150, 150, 150, 150, 150, 150, 150, 170, 190, 210, 230, 250] [290, 270, 250, 230, 210, 190, 170, 150, 130, 110, 110, 110, 110, 110, 110] [167, 521] 15 0
[150, 150, 150, 150, 150, 150, 150, 150, 150, 150, 150, 170, 190, 210, 230] [310, 290, 270, 250, 230, 210, 190, 170, 150, 130, 110, 110, 110, 110, 110] [167, 521] 15 0
[150, 150, 150, 150, 150, 150, 150, 150, 150, 150, 150, 150, 170, 190, 210] [330, 310, 290, 270, 250, 230, 210, 190, 170, 150, 130, 110, 110, 110, 110] [167, 521] 15 0
[150, 150, 150, 150, 150, 150, 150, 150, 150, 150, 150, 150, 150, 170, 190] [350, 330, 310, 290, 270, 250, 230, 210, 190, 170, 150, 130, 110, 110, 110] [167, 521] 15 0
[150, 150, 150, 150, 150, 150, 150, 150, 150, 150, 150, 150, 150, 150, 170] [370, 350, 330, 310, 290, 270, 250, 230, 210, 190, 170, 150, 130, 110, 110] [167, 521] 15 0
[150, 150, 150, 150, 150, 150, 150, 150, 150, 150, 150, 150, 150, 150, 150] [390, 370, 350, 330, 310, 290, 270, 250, 230, 210, 190, 170, 150, 130, 110] [167, 521] 15 0
[150, 150, 150, 150, 150, 150, 150, 150, 150, 150, 150, 150, 150, 150, 150] [410, 390, 370, 350, 330, 310, 290, 270, 250, 230, 210, 190, 170, 150, 130] [167, 521] 15 0
[150, 150, 150, 150, 150, 150, 150, 150, 150, 150, 150, 150, 150, 150, 150] [430, 410, 390, 370, 350, 330, 310, 290, 270, 250, 230, 210, 190, 170, 150] [167, 521] 15 0
[150, 150, 150, 150, 150, 150, 150, 150, 150, 150, 150, 150, 150, 150, 150] [450, 430, 410, 390, 370, 350, 330, 310, 290, 270, 250, 230, 210, 190, 170] [167, 521] 15 0
[150, 150, 150, 150, 150, 150, 150, 150, 150, 150, 150, 150, 150, 150, 150] [470, 450, 430, 410, 390, 370, 350, 330, 310, 290, 270, 250, 230, 210, 190] [167, 521] 15 0
[150, 150, 150, 150, 150, 150, 150, 150, 150, 150, 150, 150, 150, 150, 150] [490, 470, 450, 430, 410, 390, 370, 350, 330, 310, 290, 270, 250, 230, 210] [167, 521] 15 0
[150, 150, 150, 150, 150, 150, 150, 150, 150, 150, 150, 150, 150, 150, 150] [510, 490, 470, 450, 430, 410, 390, 370, 350, 330, 310, 290, 270, 250, 230] [167, 521] 15 0
[150, 150, 150, 150, 150, 150, 150, 150, 150, 150, 150, 150, 150, 150, 150, 150] [530, 510, 490, 470, 450, 430, 410, 390, 370, 350, 330, 310, 290, 270, 250, 230] [563, 191] 16 0
[170, 150, 150, 150, 150, 150, 150, 150, 150, 150, 150, 150, 150, 150, 150, 150] [530, 530, 510, 490, 470, 450, 430, 410, 390, 370, 350, 330, 310, 290, 270, 250] [563, 191] 16 1
[190, 170, 150, 150, 150, 150, 150, 150, 150, 150, 150, 150, 150, 150, 150, 150] [530, 530, 530, 510, 490, 470, 450, 430, 410, 390, 370, 350, 330, 310, 290, 270] [563, 191] 16 1
[210, 190, 170, 150, 150, 150, 150, 150, 150, 150, 150, 150, 150, 150, 150, 150] [530, 530, 530, 530, 510, 490, 470, 450, 430, 410, 390, 370, 350, 330, 310, 290] [563, 191] 16 1
[230, 210, 190, 170, 150, 150, 150, 150, 150, 150, 150, 150, 150, 150, 150, 150] [530, 530, 530, 530, 530, 510, 490, 470, 450, 430, 410, 390, 370, 350, 330, 310] [563, 191] 16 1
[250, 230, 210, 190, 170, 150, 150, 150, 150, 150, 150, 150, 150, 150, 150, 150] [530, 530, 530, 530, 530, 530, 510, 490, 470, 450, 430, 410, 390, 370, 350, 330] [563, 191] 16 1
[270, 250, 230, 210, 190, 170, 150, 150, 150, 150, 150, 150, 150, 150, 150, 150] [530, 530, 530, 530, 530, 530, 530, 510, 490, 470, 450, 430, 410, 390, 370, 350] [563, 191] 16 1
[290, 270, 250, 230, 210, 190, 170, 150, 150, 150, 150, 150, 150, 150, 150, 150] [530, 530, 530, 530, 530, 530, 530, 530, 510, 490, 470, 450, 430, 410, 390, 370] [563, 191] 16 1
[310, 290, 270, 250, 230, 210, 190, 170, 150, 150, 150, 150, 150, 150, 150, 150] [530, 530, 530, 530, 530, 530, 530, 530, 530, 510, 490, 470, 450, 430, 410, 390] [563, 191] 16 1
[330, 310, 290, 270, 250, 230, 210, 190, 170, 150, 150, 150, 150, 150, 150, 150] [530, 530, 530, 530, 530, 530, 530, 530, 530, 530, 510, 490, 470, 450, 430, 410] [563, 191] 16 1
[350, 330, 310, 290, 270, 250, 230, 210, 190, 170, 150, 150, 150, 150, 150, 150] [530, 530, 530, 530, 530, 530, 530, 530, 530, 530, 530, 510, 490, 470, 450, 430] [563, 191] 16 1
[370, 350, 330, 310, 290, 270, 250, 230, 210, 190, 170, 150, 150, 150, 150, 150] [530, 530, 530, 530, 530, 530, 530, 530, 530, 530, 530, 530, 510, 490, 470, 450] [563, 191] 16 1
[390, 370, 350, 330, 310, 290, 270, 250, 230, 210, 190, 170, 150, 150, 150, 150] [530, 530, 530, 530, 530, 530, 530, 530, 530, 530, 530, 530, 530, 510, 490, 470] [563, 191] 16 1
[410, 390, 370, 350, 330, 310, 290, 270, 250, 230, 210, 190, 170, 150, 150, 150] [530, 530, 530, 530, 530, 530, 530, 530, 530, 530, 530, 530, 530, 530, 510, 490] [563, 191] 16 1
[430, 410, 390, 370, 350, 330, 310, 290, 270, 250, 230, 210, 190, 170, 150, 150] [530, 530, 530, 530, 530, 530, 530, 530, 530, 530, 530, 530, 530, 530, 530, 510] [563, 191] 16 1
[450, 430, 410, 390, 370, 350, 330, 310, 290, 270, 250, 230, 210, 190, 170, 150] [530, 530, 530, 530, 530, 530, 530, 530, 530, 530, 530, 530, 530, 530, 530, 530] [563, 191] 16 1
[470, 450, 430, 410, 390, 370, 350, 330, 310, 290, 270, 250, 230, 210, 190, 170] [530, 530, 530, 530, 530, 530, 530, 530, 530, 530, 530, 530, 530, 530, 530, 530] [563, 191] 16 1
[490, 470, 450, 430, 410, 390, 370, 350, 330, 310, 290, 270, 250, 230, 210, 190] [530, 530, 530, 530, 530, 530, 530, 530, 530, 530, 530, 530, 530, 530, 530, 530] [563, 191] 16 1
[510, 490, 470, 450, 430, 410, 390, 370, 350, 330, 310, 290, 270, 250, 230, 210] [530, 530, 530, 530, 530, 530, 530, 530, 530, 530, 530, 530, 530, 530, 530, 530] [563, 191] 16 1
[530, 510, 490, 470, 450, 430, 410, 390, 370, 350, 330, 310, 290, 270, 250, 230] [530, 530, 530, 530, 530, 530, 530, 530, 530, 530, 530, 530, 530, 530, 530, 530] [563, 191] 16 1
[550, 530, 510, 490, 470, 450, 430, 410, 390, 370, 350, 330, 310, 290, 270, 250] [530, 530, 530, 530, 530, 530, 530, 530, 530, 530, 530, 530, 530, 530, 530, 530] [563, 191] 16 1
[550, 550, 530, 510, 490, 470, 450, 430, 410, 390, 370, 350, 330, 310, 290, 270] [510, 530, 530, 530, 530, 530, 530, 530, 530, 530, 530, 530, 530, 530, 530, 530] [563, 191] 16 2
[550, 550, 550, 530, 510, 490, 470, 450, 430, 410, 390, 370, 350, 330, 310, 290] [490, 510, 530, 530, 530, 530, 530, 530, 530, 530, 530, 530, 530, 530, 530, 530] [563, 191] 16 2
[550, 550, 550, 550, 530, 510, 490, 470, 450, 430, 410, 390, 370, 350, 330, 310] [470, 490, 510, 530, 530, 530, 530, 530, 530, 530, 530, 530, 530, 530, 530, 530] [563, 191] 16 2
[550, 550, 550, 550, 550, 530, 510, 490, 470, 450, 430, 410, 390, 370, 350, 330] [450, 470, 490, 510, 530, 530, 530, 530, 530, 530, 530, 530, 530, 530, 530, 530] [563, 191] 16 2
[550, 550, 550, 550, 550, 550, 530, 510, 490, 470, 450, 430, 410, 390, 370, 350] [430, 450, 470, 490, 510, 530, 530, 530, 530, 530, 530, 530, 530, 530, 530, 530] [563, 191] 16 2
[550, 550, 550, 550, 550, 550, 550, 530, 510, 490, 470, 450, 430, 410, 390, 370] [410, 430, 450, 470, 490, 510, 530, 530, 530, 530, 530, 530, 530, 530, 530, 530] [563, 191] 16 2
[550, 550, 550, 550, 550, 550, 550, 550, 530, 510, 490, 470, 450, 430, 410, 390] [390, 410, 430, 450, 470, 490, 510, 530, 530, 530, 530, 530, 530, 530, 530, 530] [563, 191] 16 2
[550, 550, 550, 550, 550, 550, 550, 550, 550, 530, 510, 490, 470, 450, 430, 410] [370, 390, 410, 430, 450, 470, 490, 510, 530, 530, 530, 530, 530, 530, 530, 530] [563, 191] 16 2
[550, 550, 550, 550, 550, 550, 550, 550, 550, 550, 530, 510, 490, 470, 450, 430] [350, 370, 390, 410, 430, 450, 470, 490, 510, 530, 530, 530, 530, 530, 530, 530] [563, 191] 16 2
[550, 550, 550, 550, 550, 550, 550, 550, 550, 550, 550, 530, 510, 490, 470, 450] [330, 350, 370, 390, 410, 430, 450, 470, 490, 510, 530, 530, 530, 530, 530, 530] [563, 191] 16 2
[550, 550, 550, 550, 550, 550, 550, 550, 550, 550, 550, 550, 530, 510, 490, 470] [310, 330, 350, 370, 390, 410, 430, 450, 470, 490, 510, 530, 530, 530, 530, 530] [563, 191] 16 2
[550, 550, 550, 550, 550, 550, 550, 550, 550, 550, 550, 550, 550, 530, 510, 490] [290, 310, 330, 350, 370, 390, 410, 430, 450, 470, 490, 510, 530, 530, 530, 530] [563, 191] 16 2
[550, 550, 550, 550, 550, 550, 550, 550, 550, 550, 550, 550, 550, 550, 530, 510] [270, 290, 310, 330, 350, 370, 390, 410, 430, 450, 470, 490, 510, 530, 530, 530] [563, 191] 16 2
[550, 550, 550, 550, 550, 550, 550, 550, 550, 550, 550, 550, 550, 550, 550, 530] [250, 270, 290, 310, 330, 350, 370, 390, 410, 430, 450, 470, 490, 510, 530, 530] [563, 191] 16 2
[550, 550, 550, 550, 550, 550, 550, 550, 550, 550, 550, 550, 550, 550, 550, 550] [230, 250, 270, 290, 310, 330, 350, 370, 390, 410, 430, 450, 470, 490, 510, 530] [563, 191] 16 2
[550, 550, 550, 550, 550, 550, 550, 550, 550, 550, 550, 550, 550, 550, 550, 550] [210, 230, 250, 270, 290, 310, 330, 350, 370, 390, 410, 430, 450, 470, 490, 510] [563, 191] 16 2
[550, 550, 550, 550, 550, 550, 550, 550, 550, 550, 550, 550, 550, 550, 550, 550] [190, 210, 230, 250, 270, 290, 310, 330, 350, 370, 390, 410, 430, 450, 470, 490] [563, 191] 16 2
