[290, 290, 290, 290, 290] [290, 270, 250, 230, 210] [402, 42] 5 0
[310, 290, 290, 290, 290] [290, 290, 270, 250, 230] [402, 42] 5 1
[330, 310, 290, 290, 290] [290, 290, 290, 270, 250] [402, 42] 5 1
[350, 330, 310, 290, 290] [290, 290, 290, 290, 270] [402, 42] 5 1
[370, 350, 330, 310, 290] [290, 290, 290, 290, 290] [402, 42] 5 1
[390, 370, 350, 330, 310] [290, 290, 290, 290, 290] [402, 42] 5 1
[410, 390, 370, 350, 330] [290, 290, 290, 290, 290] [402, 42] 5 1
[410, 410, 390, 370, 350] [270, 290, 290, 290, 290] [402, 42] 5 2
[410, 410, 410, 390, 370] [250, 270, 290, 290, 290] [402, 42] 5 2
[410, 410, 410, 410, 390] [230, 250, 270, 290, 290] [402, 42] 5 2
[410, 410, 410, 410, 410] [210, 230, 250, 270, 290] [402, 42] 5 2
[410, 410, 410, 410, 410] [190, 210, 230, 250, 270] [402, 42] 5 2
[410, 410, 410, 410, 410] [170, 190, 210, 230, 250] [402, 42] 5 2
[410, 410, 410, 410, 410] [150, 170, 190, 210, 230] [402, 42] 5 2
[410, 410, 410, 410, 410] [130, 150, 170, 190, 210] [402, 42] 5 2
[410, 410, 410, 410, 410] [110, 130, 150, 170, 190] [402, 42] 5 2
[410, 410, 410, 410, 410] [90, 110, 130, 150, 170] [402, 42] 5 2
[410, 410, 410, 410, 410] [70, 90, 110, 130, 150] [402, 42] 5 2
[410, 410, 410, 410, 410] [50, 70, 90, 110, 130] [402, 42] 5 2
[410, 410, 410, 410, 410, 410] [30, 50, 70, 90, 110, 130] [453, 149] 6 2
[430, 410, 410, 410, 410, 410] [30, 30, 50, 70, 90, 110] [453, 149] 6 1
[450, 430, 410, 410, 410, 410] [30, 30, 30, 50, 70, 90] [453, 149] 6 1
[450, 450, 430, 410, 410, 410] [50, 30, 30, 30, 50, 70] [453, 149] 6 0
[450, 450, 450, 430, 410, 410] [70, 50, 30, 30, 30, 50] [453, 149] 6 0
[450, 450, 450, 450, 430, 410] [90, 70, 50, 30, 30, 30] [453, 149] 6 0
[450, 450, 450, 450, 450, 430] [110, 90, 70, 50, 30, 30] [453, 149] 6 0
[450, 450, 450, 450, 450, 450] [130, 110, 90, 70, 50, 30] [453, 149] 6 0
[450, 450, 450, 450, 450, 450, 450] [150, 130, 110, 90, 70, 50, 30] [182, 320] 7 0
[450, 450, 450, 450, 450, 450, 450] [170, 150, 130, 110, 90, 70, 50] [182, 320] 7 0
[450, 450, 450, 450, 450, 450, 450] [190, 170, 150, 130, 110, 90, 70] [182, 320] 7 0
[450, 450, 450, 450, 450, 450, 450] [210, 190, 170, 150, 130, 110, 90] [182, 320] 7 0
[450, 450, 450, 450, 450, 450, 450] [230, 210, 190, 170, 150, 130, 110] [182, 320] 7 0
[450, 450, 450, 450, 450, 450, 450] [250, 230, 210, 190, 170, 150, 130] [182, 320] 7 0
[450, 450, 450, 450, 450, 450, 450] [270, 250, 230, 210, 190, 170, 150] [182, 320] 7 0
[450, 450, 450, 450, 450, 450, 450] [290, 270, 250, 230, 210, 190, 170] [182, 320] 7 0
[450, 450, 450, 450, 450, 450, 450] [310, 290, 270, 250, 230, 210, 190] [182, 320] 7 0
[430, 450, 450, 450, 450, 450, 450] [310, 310, 290, 270, 250, 230, 210] [182, 320] 7 3
[410, 430, 450, 450, 450, 450, 450] [310, 310, 310, 290, 270, 250, 230] [182, 320] 7 3
[390, 410, 430, 450, 450, 450, 450] [310, 310, 310, 310, 290, 270, 250] [182, 320] 7 3
[370, 390, 410, 430, 450, 450, 450] [310, 310, 310, 310, 310, 290, 270] [182, 320] 7 3
[350, 370, 390, 410, 430, 450, 450] [310, 310, 310, 310, 310, 310, 290] [182, 320] 7 3
[330, 350, 370, 390, 410, 430, 450] [310, 310, 310, 310, 310, 310, 310] [182, 320] 7 3
[310, 330, 350, 370, 390, 410, 430] [310, 310, 310, 310, 310, 310, 310] [182, 320] 7 3
[290, 310, 330, 350, 370, 390, 410] [310, 310, 310, 310, 310, 310, 310] [182, 320] 7 3
[270, 290, 310, 330, 350, 370, 390] [310, 310, 310, 310, 310, 310, 310] [182, 320] 7 3
[250, 270, 290, 310, 330, 350, 370] [310, 310, 310, 310, 310, 310, 310] [182, 320] 7 3
[230, 250, 270, 290, 310, 330, 350] [310, 310, 310, 310, 310, 310, 310] [182, 320] 7 3
[210, 230, 250, 270, 290, 310, 330] [310, 310, 310, 310, 310, 310, 310] [182, 320] 7 3
[190, 210, 230, 250, 270, 290, 310] [310, 310, 310, 310, 310, 310, 310] [182, 320] 7 3
[170, 190, 210, 230, 250, 270, 290, 310] [310, 310, 310, 310, 310, 310, 310, 310] [386, 517] 8 3
[170, 170, 190, 210, 230, 250, 270, 290] [330, 310, 310, 310, 310, 310, 310, 310] [386, 517] 8 0
[170, 170, 170, 190, 210, 230, 250, 270] [350, 330, 310, 310, 310, 310, 310, 310] [386, 517] 8 0
[170, 170, 170, 170, 190, 210, 230, 250] [370, 350, 330, 310, 310, 310, 310, 310] [386, 517] 8 0
[170, 170, 170, 170, 170, 190, 210, 230] [390, 370, 350, 330, 310, 310, 310, 310] [386, 517] 8 0
[170, 170, 170, 170, 170, 170, 190, 210] [410, 390, 370, 350, 330, 310, 310, 310] [386, 517] 8 0
[170, 170, 170, 170, 170, 170, 170, 190] [430, 410, 390, 370, 350, 330, 310, 310] [386, 517] 8 0
[170, 170, 170, 170, 170, 170, 170, 170] [450, 430, 410, 390, 370, 350, 330, 310] [386, 517] 8 0
[170, 170, 170, 170, 170, 170, 170, 170] [470, 450, 430, 410, 390, 370, 350, 330] [386, 517] 8 0
[170, 170, 170, 170, 170, 170, 170, 170] [490, 470, 450, 430, 410, 390, 370, 350] [386, 517] 8 0
[170, 170, 170, 170, 170, 170, 170, 170] [510, 490, 470, 450, 430, 410, 390, 370] [386, 517] 8 0
[190, 170, 170, 170, 170, 170, 170, 170] [510, 510, 490, 470, 450, 430, 410, 390] [386, 517] 8 1
[210, 190, 170, 170, 170, 170, 170, 170] [510, 510, 510, 490, 470, 450, 430, 410] [386, 517] 8 1
[230, 210, 190, 170, 170, 170, 170, 170] [510, 510, 510, 510, 490, 470, 450, 430] [386, 517] 8 1
[250, 230, 210, 190, 170, 170, 170, 170] [510, 510, 510, 510, 510, 490, 470, 450] [386, 517] 8 1
[270, 250, 230, 210, 190, 170, 170, 170] [510, 510, 510, 510, 510, 510, 490, 470] [386, 517] 8 1
[290, 270, 250, 230, 210, 190, 170, 170] [510, 510, 510, 510, 510, 510, 510, 490] [386, 517] 8 1
[310, 290, 270, 250, 230, 210, 190, 170] [510, 510, 510, 510, 510, 510, 510, 510] [386, 517] 8 1
[330, 310, 290, 270, 250, 230, 210, 190] [510, 510, 510, 510, 510, 510, 510, 510] [386, 517] 8 1
[350, 330, 310, 290, 270, 250, 230, 210] [510, 510, 510, 510, 510, 510, 510, 510] [386, 517] 8 1
[370, 350, 330, 310, 290, 270, 250, 230] [510, 510, 510, 510, 510, 510, 510, 510] [386, 517] 8 1
[390, 370, 350, 330, 310, 290, 270, 250, 230] [510, 510, 510, 510, 510, 510, 510, 510, 510] [506, 366] 9 1
[410, 390, 370, 350, 330, 310, 290, 270, 250] [510, 510, 510, 510, 510, 510, 510, 510, 510] [506, 366] 9 1
[430, 410, 390, 370, 350, 330, 310, 290, 270] [510, 510, 510, 510, 510, 510, 510, 510, 510] [506, 366] 9 1
[450, 430, 410, 390, 370, 350, 330, 310, 290] [510, 510, 510, 510, 510, 510, 510, 510, 510] [506, 366] 9 1
[470, 450, 430, 410, 390, 370, 350, 330, 310] [510, 510, 510, 510, 510, 510, 510, 510, 510] [506, 366] 9 1
[490, 470, 450, 430, 410, 390, 370, 350, 330] [510, 510, 510, 510, 510, 510, 510, 510, 510] [506, 366] 9 1
[510, 490, 470, 450, 430, 410, 390, 370, 350] [510, 510, 510, 510, 510, 510, 510, 510, 510] [506, 366] 9 1
[510, 510, 490, 470, 450, 430, 410, 390, 370] [490, 510, 510, 510, 510, 510, 510, 510, 510] [506, 366] 9 2
[510, 510, 510, 490, 470, 450, 430, 410, 390] [470, 490, 510, 510, 510, 510, 510, 510, 510] [506, 366] 9 2
[510, 510, 510, 510, 490, 470, 450, 430, 410] [450, 470, 490, 510, 510, 510, 510, 510, 510] [506, 366] 9 2
[510, 510, 510, 510, 510, 490, 470, 450, 430] [430, 450, 470, 490, 510, 510, 510, 510, 510] [506, 366] 9 2
[510, 510, 510, 510, 510, 510, 490, 470, 450] [410, 430, 450, 470, 490, 510, 510, 510, 510] [506, 366] 9 2
[510, 510, 510, 510, 510, 510, 510, 490, 470] [390, 410, 430, 450, 470, 490, 510, 510, 510] [506, 366] 9 2
[510, 510, 510, 510, 510, 510, 510, 510, 490] [370, 390, 410, 430, 450, 470, 490, 510, 510] [506, 366] 9 2
[510, 510, 510, 510, 510, 510, 510, 510, 510, 490] [350, 370, 390, 410, 430, 450, 470, 490, 510, 510] [363, 420] 10 2
[510, 510, 510, 510, 510, 510, 510, 510, 510, 510] [330, 350, 370, 390, 410, 430, 450, 470, 490, 510] [363, 420] 10 2
[490, 510, 510, 510, 510, 510, 510, 510, 510, 510] [330, 330, 350, 370, 390, 410, 430, 450, 470, 490] [363, 420] 10 3
[470, 490, 510, 510, 510, 510, 510, 510, 510, 510] [330, 330, 330, 350, 370, 390, 410, 430, 450, 470] [363, 420] 10 3
[450, 470, 490, 510, 510, 510, 510, 510, 510, 510] [330, 330, 330, 330, 350, 370, 390, 410, 430, 450] [363, 420] 10 3
[430, 450, 470, 490, 510, 510, 510, 510, 510, 510] [330, 330, 330, 330, 330, 350, 370, 390, 410, 430] [363, 420] 10 3
[410, 430, 450, 470, 490, 510, 510, 510, 510, 510] [330, 330, 330, 330, 330, 330, 350, 370, 390, 410] [363, 420] 10 3
[390, 410, 430, 450, 470, 490, 510, 510, 510, 510] [330, 330, 330, 330, 330, 330, 330, 350, 370, 390] [363, 420] 10 3
[370, 390, 410, 430, 450, 470, 490, 510, 510, 510] [330, 330, 330, 330, 330, 330, 330, 330, 350, 370] [363, 420] 10 3
[370, 370, 390, 410, 430, 450, 470, 490, 510, 510] [350, 330, 330, 330, 330, 330, 330, 330, 330, 350] [363, 420] 10 0
[370, 370, 370, 390, 410, 430, 450, 470, 490, 510] [370, 350, 330, 330, 330, 330, 330, 330, 330, 330] [363, 420] 10 0
[370, 370, 370, 370, 390, 410, 430, 450, 470, 490] [390, 370, 350, 330, 330, 330, 330, 330, 330, 330] [363, 420] 10 0
[370, 370, 370, 370, 370, 390, 410, 430, 450, 470] [410, 390, 370, 350, 330, 330, 330, 330, 330, 330] [363, 420] 10 0
[370, 370, 370, 370, 370, 370, 390, 410, 430, 450, 470] [430, 410, 390, 370, 350, 330, 330, 330, 330, 330, 330] [10, 229] 11 0
[370, 370, 370, 370, 370, 370, 370, 390, 410, 430, 450] [450, 430, 410, 390, 370, 350, 330, 330, 330, 330, 330] [10, 229] 11 0
[350, 370, 370, 370, 370, 370, 370, 370, 390, 410, 430] [450, 450, 430, 410, 390, 370, 350, 330, 330, 330, 330] [10, 229] 11 3
[330, 350, 370, 370, 370, 370, 370, 370, 370, 390, 410] [450, 450, 450, 430, 410, 390, 370, 350, 330, 330, 330] [10, 229] 11 3
[310, 330, 350, 370, 370, 370, 370, 370, 370, 370, 390] [450, 450, 450, 450, 430, 410, 390, 370, 350, 330, 330] [10, 229] 11 3
[290, 310, 330, 350, 370, 370, 370, 370, 370, 370, 370] [450, 450, 450, 450, 450, 430, 410, 390, 370, 350, 330] [10, 229] 11 3
[270, 290, 310, 330, 350, 370, 370, 370, 370, 370, 370] [450, 450, 450, 450, 450, 450, 430, 410, 390, 370, 350] [10, 229] 11 3
[250, 270, 290, 310, 330, 350, 370, 370, 370, 370, 370] [450, 450, 450, 450, 450, 450, 450, 430, 410, 390, 370] [10, 229] 11 3
[230, 250, 270, 290, 310, 330, 350, 370, 370, 370, 370] [450, 450, 450, 450, 450, 450, 450, 450, 430, 410, 390] [10, 229] 11 3
[210, 230, 250, 270, 290, 310, 330, 350, 370, 370, 370] [450, 450, 450, 450, 450, 450, 450, 450, 450, 430, 410] [10, 229] 11 3
[190, 210, 230, 250, 270, 290, 310, 330, 350, 370, 370] [450, 450, 450, 450, 450, 450, 450, 450, 450, 450, 430] [10, 229] 11 3
[170, 190, 210, 230, 250, 270, 290, 310, 330, 350, 370] [450, 450, 450, 450, 450, 450, 450, 450, 450, 450, 450] [10, 229] 11 3
[150, 170, 190, 210, 230, 250, 270, 290, 310, 330, 350] [450, 450, 450, 450, 450, 450, 450, 450, 450, 450, 450] [10, 229] 11 3
[130, 150, 170, 190, 210, 230, 250, 270, 290, 310, 330] [450, 450, 450, 450, 450, 450, 450, 450, 450, 450, 450] [10, 229] 11 3
[110, 130, 150, 170, 190, 210, 230, 250, 270, 290, 310] [450, 450, 450, 450, 450, 450, 450, 450, 450, 450, 450] [10, 229] 11 3
[90, 110, 130, 150, 170, 190, 210, 230, 250, 270, 290] [450, 450, 450, 450, 450, 450, 450, 450, 450, 450, 450] [10, 229] 11 3
[70, 90, 110, 130, 150, 170, 190, 210, 230, 250, 270] [450, 450, 450, 450, 450, 450, 450, 450, 450, 450, 450] [10, 229] 11 3
[50, 70, 90, 110, 130, 150, 170, 190, 210, 230, 250] [450, 450, 450, 450, 450, 450, 450, 450, 450, 450, 450] [10, 229] 11 3
[30, 50, 70, 90, 110, 130, 150, 170, 190, 210, 230] [450, 450, 450, 450, 450, 450, 450, 450, 450, 450, 450] [10, 229] 11 3
[10, 30, 50, 70, 90, 110, 130, 150, 170, 190, 210] [450, 450, 450, 450, 450, 450, 450, 450, 450, 450, 450] [10, 229] 11 3
[10, 10, 30, 50, 70, 90, 110, 130, 150, 170, 190] [430, 450, 450, 450, 450, 450, 450, 450, 450, 450, 450] [10, 229] 11 2
[10, 10, 10, 30, 50, 70, 90, 110, 130, 150, 170] [410, 430, 450, 450, 450, 450, 450, 450, 450, 450, 450] [10, 229] 11 2
[10, 10, 10, 10, 30, 50, 70, 90, 110, 130, 150] [390, 410, 430, 450, 450, 450, 450, 450, 450, 450, 450] [10, 229] 11 2
[10, 10, 10, 10, 10, 30, 50, 70, 90, 110, 130] [370, 390, 410, 430, 450, 450, 450, 450, 450, 450, 450] [10, 229] 11 2
[10, 10, 10, 10, 10, 10, 30, 50, 70, 90, 110] [350, 370, 390, 410, 430, 450, 450, 450, 450, 450, 450] [10, 229] 11 2
[10, 10, 10, 10, 10, 10, 10, 30, 50, 70, 90] [330, 350, 370, 390, 410, 430, 450, 450, 450, 450, 450] [10, 229] 11 2
[10, 10, 10, 10, 10, 10, 10, 10, 30, 50, 70] [310, 330, 350, 370, 390, 410, 430, 450, 450, 450, 450] [10, 229] 11 2
[10, 10, 10, 10, 10, 10, 10, 10, 10, 30, 50] [290, 310, 330, 350, 370, 390, 410, 430, 450, 450, 450] [10, 229] 11 2
[10, 10, 10, 10, 10, 10, 10, 10, 10, 10, 30] [270, 290, 310, 330, 350, 370, 390, 410, 430, 450, 450] [10, 229] 11 2
[10, 10, 10, 10, 10, 10, 10, 10, 10, 10, 10] [250, 270, 290, 310, 330, 350, 370, 390, 410, 430, 450] [10, 229] 11 2
[10, 10, 10, 10, 10, 10, 10, 10, 10, 10, 10] [230, 250, 270, 290, 310, 330, 350, 370, 390, 410, 430] [10, 229] 11 2
[10, 10, 10, 10, 10, 10, 10, 10, 10, 10, 10, 10] [210, 230, 250, 270, 290, 310, 330, 350, 370, 390, 410, 430] [574, 53] 12 2
[10, 10, 10, 10, 10, 10, 10, 10, 10, 10, 10, 10] [190, 210, 230, 250, 270, 290, 310, 330, 350, 370, 390, 410] [574, 53] 12 2
[10, 10, 10, 10, 10, 10, 10, 10, 10, 10, 10, 10] [170, 190, 210, 230, 250, 270, 290, 310, 330, 350, 370, 390] [574, 53] 12 2
[10, 10, 10, 10, 10, 10, 10, 10, 10, 10, 10, 10] [150, 170, 190, 210, 230, 250, 270, 290, 310, 330, 350, 370] [574, 53] 12 2
[10, 10, 10, 10, 10, 10, 10, 10, 10, 10, 10, 10] [130, 150, 170, 190, 210, 230, 250, 270, 290, 310, 330, 350] [574, 53] 12 2
[10, 10, 10, 10, 10, 10, 10, 10, 10, 10, 10, 10] [110, 130, 150, 170, 190, 210, 230, 250, 270, 290, 310, 330] [574, 53] 12 2
[10, 10, 10, 10, 10, 10, 10, 10, 10, 10, 10, 10] [90, 110, 130, 150, 170, 190, 210, 230, 250, 270, 290, 310] [574, 53] 12 2
[10, 10, 10, 10, 10, 10, 10, 10, 10, 10, 10, 10] [70, 90, 110, 130, 150, 170, 190, 210, 230, 250, 270, 290] [574, 53] 12 2
[10, 10, 10, 10, 10, 10, 10, 10, 10, 10, 10, 10] [50, 70, 90, 110, 130, 150, 170, 190, 210, 230, 250, 270] [574, 53] 12 2
[10, 10, 10, 10, 10, 10, 10, 10, 10, 10, 10, 10] [30, 50, 70, 90, 110, 130, 150, 170, 190, 210, 230, 250] [574, 53] 12 2
[30, 10, 10, 10, 10, 10, 10, 10, 10, 10, 10, 10] [30, 30, 50, 70, 90, 110, 130, 150, 170, 190, 210, 230] [574, 53] 12 1
[50, 30, 10, 10, 10, 10, 10, 10, 10, 10, 10, 10] [30, 30, 30, 50, 70, 90, 110, 130, 150, 170, 190, 210] [574, 53] 12 1
[70, 50, 30, 10, 10, 10, 10, 10, 10, 10, 10, 10] [30, 30, 30, 30, 50, 70, 90, 110, 130, 150, 170, 190] [574, 53] 12 1
[90, 70, 50, 30, 10, 10, 10, 10, 10, 10, 10, 10] [30, 30, 30, 30, 30, 50, 70, 90, 110, 130, 150, 170] [574, 53] 12 1
[110, 90, 70, 50, 30, 10, 10, 10, 10, 10, 10, 10] [30, 30, 30, 30, 30, 30, 50, 70, 90, 110, 130, 150] [574, 53] 12 1
[130, 110, 90, 70, 50, 30, 10, 10, 10, 10, 10, 10] [30, 30, 30, 30, 30, 30, 30, 50, 70, 90, 110, 130] [574, 53] 12 1
[150, 130, 110, 90, 70, 50, 30, 10, 10, 10, 10, 10] [30, 30, 30, 30, 30, 30, 30, 30, 50, 70, 90, 110] [574, 53] 12 1
[170, 150, 130, 110, 90, 70, 50, 30, 10, 10, 10, 10] [30, 30, 30, 30, 30, 30, 30, 30, 30, 50, 70, 90] [574, 53] 12 1
[190, 170, 150, 130, 110, 90, 70, 50, 30, 10, 10, 10] [30, 30, 30, 30, 30, 30, 30, 30, 30, 30, 50, 70] [574, 53] 12 1
[210, 190, 170, 150, 130, 110, 90, 70, 50, 30, 10, 10] [30, 30, 30, 30, 30, 30, 30, 30, 30, 30, 30, 50] [574, 53] 12 1
[230, 210, 190, 170, 150, 130, 110, 90, 70, 50, 30, 10] [30, 30, 30, 30, 30, 30, 30, 30, 30, 30, 30, 30] [574, 53] 12 1
[250, 230, 210, 190, 170, 150, 130, 110, 90, 70, 50, 30] [30, 30, 30, 30, 30, 30, 30, 30, 30, 30, 30, 30] [574, 53] 12 1
[270, 250, 230, 210, 190, 170, 150, 130, 110, 90, 70, 50] [30, 30, 30, 30, 30, 30, 30, 30, 30, 30, 30, 30] [574, 53] 12 1
[290, 270, 250, 230, 210, 190, 170, 150, 130, 110, 90, 70] [30, 30, 30, 30, 30, 30, 30, 30, 30, 30, 30, 30] [574, 53] 12 1
[310, 290, 270, 250, 230, 210, 190, 170, 150, 130, 110, 90] [30, 30, 30, 30, 30, 30, 30, 30, 30, 30, 30, 30] [574, 53] 12 1
[330, 310, 290, 270, 250, 230, 210, 190, 170, 150, 130, 110] [30, 30, 30, 30, 30, 30, 30, 30, 30, 30, 30, 30] [574, 53] 12 1
[350, 330, 310, 290, 270, 250, 230, 210, 190, 170, 150, 130] [30, 30, 30, 30, 30, 30, 30, 30, 30, 30, 30, 30] [574, 53] 12 1
[370, 350, 330, 310, 290, 270, 250, 230, 210, 190, 170, 150] [30, 30, 30, 30, 30, 30, 30, 30, 30, 30, 30, 30] [574, 53] 12 1
[390, 370, 350, 330, 310, 290, 270, 250, 230, 210, 190, 170] [30, 30, 30, 30, 30, 30, 30, 30, 30, 30, 30, 30] [574, 53] 12 1
[410, 390, 370, 350, 330, 310, 290, 270, 250, 230, 210, 190] [30, 30, 30, 30, 30, 30, 30, 30, 30, 30, 30, 30] [574, 53] 12 1
[430, 410, 390, 370, 350, 330, 310, 290, 270, 250, 230, 210] [30, 30, 30, 30, 30, 30, 30, 30, 30, 30, 30, 30] [574, 53] 12 1
[450, 430, 410, 390, 370, 350, 330, 310, 290, 270, 250, 230] [30, 30, 30, 30, 30, 30, 30, 30, 30, 30, 30, 30] [574, 53] 12 1
[470, 450, 430, 410, 390, 370, 350, 330, 310, 290, 270, 250] [30, 30, 30, 30, 30, 30, 30, 30, 30, 30, 30, 30] [574, 53] 12 1
[490, 470, 450, 430, 410, 390, 370, 350, 330, 310, 290, 270] [30, 30, 30, 30, 30, 30, 30, 30, 30, 30, 30, 30] [574, 53] 12 1
[510, 490, 470, 450, 430, 410, 390, 370, 350, 330, 310, 290] [30, 30, 30, 30, 30, 30, 30, 30, 30, 30, 30, 30] [574, 53] 12 1
[530, 510, 490, 470, 450, 430, 410, 390, 370, 350, 330, 310] [30, 30, 30, 30, 30, 30, 30, 30, 30, 30, 30, 30] [574, 53] 12 1
[550, 530, 510, 490, 470, 450, 430, 410, 390, 370, 350, 330] [30, 30, 30, 30, 30, 30, 30, 30, 30, 30, 30, 30] [574, 53] 12 1
[570, 550, 530, 510, 490, 470, 450, 430, 410, 390, 370, 350] [30, 30, 30, 30, 30, 30, 30, 30, 30, 30, 30, 30] [574, 53] 12 1
[570, 570, 550, 530, 510, 490, 470, 450, 430, 410, 390, 370] [50, 30, 30, 30, 30, 30, 30, 30, 30, 30, 30, 30] [574, 53] 12 0
[570, 570, 570, 550, 530, 510, 490, 470, 450, 430, 410, 390, 370] [70, 50, 30, 30, 30, 30, 30, 30, 30, 30, 30, 30, 30] [550, 68] 13 0
[570, 570, 570, 570, 550, 530, 510, 490, 470, 450, 430, 410, 390] [90, 70, 50, 30, 30, 30, 30, 30, 30, 30, 30, 30, 30] [550, 68] 13 0
[550, 570, 570, 570, 570, 550, 530, 510, 490, 470, 450, 430, 410] [90, 90, 70, 50, 30, 30, 30, 30, 30, 30, 30, 30, 30] [550, 68] 13 3
[550, 550, 570, 570, 570, 570, 550, 530, 510, 490, 470, 450, 430] [70, 90, 90, 70, 50, 30, 30, 30, 30, 30, 30, 30, 30] [550, 68] 13 2
[550, 550, 550, 570, 570, 570, 570, 550, 530, 510, 490, 470, 450, 430] [50, 70, 90, 90, 70, 50, 30, 30, 30, 30, 30, 30, 30, 30] [219, 410] 14 2
[530, 550, 550, 550, 570, 570, 570, 570, 550, 530, 510, 490, 470, 450] [50, 50, 70, 90, 90, 70, 50, 30, 30, 30, 30, 30, 30, 30] [219, 410] 14 3
[510, 530, 550, 550, 550, 570, 570, 570, 570, 550, 530, 510, 490, 470] [50, 50, 50, 70, 90, 90, 70, 50, 30, 30, 30, 30, 30, 30] [219, 410] 14 3
[490, 510, 530, 550, 550, 550, 570, 570, 570, 570, 550, 530, 510, 490] [50, 50, 50, 50, 70, 90, 90, 70, 50, 30, 30, 30, 30, 30] [219, 410] 14 3
[470, 490, 510, 530, 550, 550, 550, 570, 570, 570, 570, 550, 530, 510] [50, 50, 50, 50, 50, 70, 90, 90, 70, 50, 30, 30, 30, 30] [219, 410] 14 3
[450, 470, 490, 510, 530, 550, 550, 550, 570, 570, 570, 570, 550, 530] [50, 50, 50, 50, 50, 50, 70, 90, 90, 70, 50, 30, 30, 30] [219, 410] 14 3
[430, 450, 470, 490, 510, 530, 550, 550, 550, 570, 570, 570, 570, 550] [50, 50, 50, 50, 50, 50, 50, 70, 90, 90, 70, 50, 30, 30] [219, 410] 14 3
[410, 430, 450, 470, 490, 510, 530, 550, 550, 550, 570, 570, 570, 570] [50, 50, 50, 50, 50, 50, 50, 50, 70, 90, 90, 70, 50, 30] [219, 410] 14 3
[390, 410, 430, 450, 470, 490, 510, 530, 550, 550, 550, 570, 570, 570] [50, 50, 50, 50, 50, 50, 50, 50, 50, 70, 90, 90, 70, 50] [219, 410] 14 3
[370, 390, 410, 430, 450, 470, 490, 510, 530, 550, 550, 550, 570, 570] [50, 50, 50, 50, 50, 50, 50, 50, 50, 50, 70, 90, 90, 70] [219, 410] 14 3
[350, 370, 390, 410, 430, 450, 470, 490, 510, 530, 550, 550, 550, 570] [50, 50, 50, 50, 50, 50, 50, 50, 50, 50, 50, 70, 90, 90] [219, 410] 14 3
[330, 350, 370, 390, 410, 430, 450, 470, 490, 510, 530, 550, 550, 550] [50, 50, 50, 50, 50, 50, 50, 50, 50, 50, 50, 50, 70, 90] [219, 410] 14 3
[310, 330, 350, 370, 390, 410, 430, 450, 470, 490, 510, 530, 550, 550] [50, 50, 50, 50, 50, 50, 50, 50, 50, 50, 50, 50, 50, 70] [219, 410] 14 3
[290, 310, 330, 350, 370, 390, 410, 430, 450, 470, 490, 510, 530, 550] [50, 50, 50, 50, 50, 50, 50, 50, 50, 50, 50, 50, 50, 50] [219, 410] 14 3
[270, 290, 310, 330, 350, 370, 390, 410, 430, 450, 470, 490, 510, 530] [50, 50, 50, 50, 50, 50, 50, 50, 50, 50, 50, 50, 50, 50] [219, 410] 14 3
[250, 270, 290, 310, 330, 350, 370, 390, 410, 430, 450, 470, 490, 510] [50, 50, 50, 50, 50, 50, 50, 50, 50, 50, 50, 50, 50, 50] [219, 410] 14 3
[230, 250, 270, 290, 310, 330, 350, 370, 390, 410, 430, 450, 470, 490] [50, 50, 50, 50, 50, 50, 50, 50, 50, 50, 50, 50, 50, 50] [219, 410] 14 3
[210, 230, 250, 270, 290, 310, 330, 350, 370, 390, 410, 430, 450, 470] [50, 50, 50, 50, 50, 50, 50, 50, 50, 50, 50, 50, 50, 50] [219, 410] 14 3
[210, 210, 230, 250, 270, 290, 310, 330, 350, 370, 390, 410, 430, 450] [70, 50, 50, 50, 50, 50, 50, 50, 50, 50, 50, 50, 50, 50] [219, 410] 14 0
[210, 210, 210, 230, 250, 270, 290, 310, 330, 350, 370, 390, 410, 430] [90, 70, 50, 50, 50, 50, 50, 50, 50, 50, 50, 50, 50, 50] [219, 410] 14 0
[210, 210, 210, 210, 230, 250, 270, 290, 310, 330, 350, 370, 390, 410] [110, 90, 70, 50, 50, 50, 50, 50, 50, 50, 50, 50, 50, 50] [219, 410] 14 0
[210, 210, 210, 210, 210, 230, 250, 270, 290, 310, 330, 350, 370, 390] [130, 110, 90, 70, 50, 50, 50, 50, 50, 50, 50, 50, 50, 50] [219, 410] 14 0
[210, 210, 210, 210, 210, 210, 230, 250, 270, 290, 310, 330, 350, 370] [150, 130, 110, 90, 70, 50, 50, 50, 50, 50, 50, 50, 50, 50] [219, 410] 14 0
[210, 210, 210, 210, 210, 210, 210, 230, 250, 270, 290, 310, 330, 350] [170, 150, 130, 110, 90, 70, 50, 50, 50, 50, 50, 50, 50, 50] [219, 410] 14 0
[210, 210, 210, 210, 210, 210, 210, 210, 230, 250, 270, 290, 310, 330] [190, 170, 150, 130, 110, 90, 70, 50, 50, 50, 50, 50, 50, 50] [219, 410] 14 0
[210, 210, 210, 210, 210, 210, 210, 210, 210, 230, 250, 270, 290, 310] [210, 190, 170, 150, 130, 110, 90, 70, 50, 50, 50, 50, 50, 50] [219, 410] 14 0
[210, 210, 210, 210, 210, 210, 210, 210, 210, 210, 230, 250, 270, 290] [230, 210, 190, 170, 150, 130, 110, 90, 70, 50, 50, 50, 50, 50] [219, 410] 14 0
[210, 210, 210, 210, 210, 210, 210, 210, 210, 210, 210, 230, 250, 270] [250, 230, 210, 190, 170, 150, 130, 110, 90, 70, 50, 50, 50, 50] [219, 410] 14 0
[210, 210, 210, 210, 210, 210, 210, 210, 210, 210, 210, 210, 230, 250] [270, 250, 230, 210, 190, 170, 150, 130, 110, 90, 70, 50, 50, 50] [219, 410] 14 0
[210, 210, 210, 210, 210, 210, 210, 210, 210, 210, 210, 210, 210, 230] [290, 270, 250, 230, 210, 190, 170, 150, 130, 110, 90, 70, 50, 50] [219, 410] 14 0
[210, 210, 210, 210, 210, 210, 210, 210, 210, 210, 210, 210, 210, 210] [310, 290, 270, 250, 230, 210, 190, 170, 150, 130, 110, 90, 70, 50] [219, 410] 14 0
[210, 210, 210, 210, 210, 210, 210, 210, 210, 210, 210, 210, 210, 210] [330, 310, 290, 270, 250, 230, 210, 190, 170, 150, 130, 110, 90, 70] [219, 410] 14 0
[210, 210, 210, 210, 210, 210, 210, 210, 210, 210, 210, 210, 210, 210] [350, 330, 310, 290, 270, 250, 230, 210, 190, 170, 150, 130, 110, 90] [219, 410] 14 0
[210, 210, 210, 210, 210, 210, 210, 210, 210, 210, 210, 210, 210, 210] [370, 350, 330, 310, 290, 270, 250, 230, 210, 190, 170, 150, 130, 110] [219, 410] 14 0
[210, 210, 210, 210, 210, 210, 210, 210, 210, 210, 210, 210, 210, 210] [390, 370, 350, 330, 310, 290, 270, 250, 230, 210, 190, 170, 150, 130] [219, 410] 14 0
[210, 210, 210, 210, 210, 210, 210, 210, 210, 210, 210, 210, 210, 210] [410, 390, 370, 350, 330, 310, 290, 270, 250, 230, 210, 190, 170, 150] [219, 410] 14 0
[210, 210, 210, 210, 210, 210, 210, 210, 210, 210, 210, 210, 210, 210, 210] [430, 410, 390, 370, 350, 330, 310, 290, 270, 250, 230, 210, 190, 170, 150] [583, 283] 15 0
[230, 210, 210, 210, 210, 210, 210, 210, 210, 210, 210, 210, 210, 210, 210] [430, 430, 410, 390, 370, 350, 330, 310, 290, 270, 250, 230, 210, 190, 170] [583, 283] 15 1
[250, 230, 210, 210, 210, 210, 210, 210, 210, 210, 210, 210, 210, 210, 210] [430, 430, 430, 410, 390, 370, 350, 330, 310, 290, 270, 250, 230, 210, 190] [583, 283] 15 1
[270, 250, 230, 210, 210, 210, 210, 210, 210, 210, 210, 210, 210, 210, 210] [430, 430, 430, 430, 410, 390, 370, 350, 330, 310, 290, 270, 250, 230, 210] [583, 283] 15 1
[290, 270, 250, 230, 210, 210, 210, 210, 210, 210, 210, 210, 210, 210, 210] [430, 430, 430, 430, 430, 410, 390, 370, 350, 330, 310, 290, 270, 250, 230] [583, 283] 15 1
[310, 290, 270, 250, 230, 210, 210, 210, 210, 210, 210, 210, 210, 210, 210] [430, 430, 430, 430, 430, 430, 410, 390, 370, 350, 330, 310, 290, 270, 250] [583, 283] 15 1
[330, 310, 290, 270, 250, 230, 210, 210, 210, 210, 210, 210, 210, 210, 210] [430, 430, 430, 430, 430, 430, 430, 410, 390, 370, 350, 330, 310, 290, 270] [583, 283] 15 1
[350, 330, 310, 290, 270, 250, 230, 210, 210, 210, 210, 210, 210, 210, 210] [430, 430, 430, 430, 430, 430, 430, 430, 410, 390, 370, 350, 330, 310, 290] [583, 283] 15 1
[370, 350, 330, 310, 290, 270, 250, 230, 210, 210, 210, 210, 210, 210, 210] [430, 430, 430, 430, 430, 430, 430, 430, 430, 410, 390, 370, 350, 330, 310] [583, 283] 15 1
[390, 370, 350, 330, 310, 290, 270, 250, 230, 210, 210, 210, 210, 210, 210] [430, 430, 430, 430, 430, 430, 430, 430, 430, 430, 410, 390, 370, 350, 330] [583, 283] 15 1
[410, 390, 370, 350, 330, 310, 290, 270, 250, 230, 210, 210, 210, 210, 210] [430, 430, 430, 430, 430, 430, 430, 430, 430, 430, 430, 410, 390, 370, 350] [583, 283] 15 1
[430, 410, 390, 370, 350, 330, 310, 290, 270, 250, 230, 210, 210, 210, 210] [430, 430, 430, 430, 430, 430, 430, 430, 430, 430, 430, 430, 410, 390, 370] [583, 283] 15 1
[450, 430, 410, 390, 370, 350, 330, 310, 290, 270, 250, 230, 210, 210, 210] [430, 430, 430, 430, 430, 430, 430, 430, 430, 430, 430, 430, 430, 410, 390] [583, 283] 15 1
[470, 450, 430, 410, 390, 370, 350, 330, 310, 290, 270, 250, 230, 210, 210] [430, 430, 430, 430, 430, 430, 430, 430, 430, 430, 430, 430, 430, 430, 410] [583, 283] 15 1
[490, 470, 450, 430, 410, 390, 370, 350, 330, 310, 290, 270, 250, 230, 210] [430, 430, 430, 430, 430, 430, 430, 430, 430, 430, 430, 430, 430, 430, 430] [583, 283] 15 1
[510, 490, 470, 450, 430, 410, 390, 370, 350, 330, 310, 290, 270, 250, 230] [430, 430, 430, 430, 430, 430, 430, 430, 430, 430, 430, 430, 430, 430, 430] [583, 283] 15 1
[530, 510, 490, 470, 450, 430, 410, 390, 370, 350, 330, 310, 290, 270, 250] [430, 430, 430, 430, 430, 430, 430, 430, 430, 430, 430, 430, 430, 430, 430] [583, 283] 15 1
[550, 530, 510, 490, 470, 450, 430, 410, 390, 370, 350, 330, 310, 290, 270] [430, 430, 430, 430, 430, 430, 430, 430, 430, 430, 430, 430, 430, 430, 430] [583, 283] 15 1
[570, 550, 530, 510, 490, 470, 450, 430, 410, 390, 370, 350, 330, 310, 290] [430, 430, 430, 430, 430, 430, 430, 430, 430, 430, 430, 430, 430, 430, 430] [583, 283] 15 1
[570, 570, 550, 530, 510, 490, 470, 450, 430, 410, 390, 370, 350, 330, 310] [410, 430, 430, 430, 430, 430, 430, 430, 430, 430, 430, 430, 430, 430, 430] [583, 283] 15 2
[570, 570, 570, 550, 530, 510, 490, 470, 450, 430, 410, 390, 370, 350, 330] [390, 410, 430, 430, 430, 430, 430, 430, 430, 430, 430, 430, 430, 430, 430] [583, 283] 15 2
[570, 570, 570, 570, 550, 530, 510, 490, 470, 450, 430, 410, 390, 370, 350] [370, 390, 410, 430, 430, 430, 430, 430, 430, 430, 430, 430, 430, 430, 430] [583, 283] 15 2
[570, 570, 570, 570, 570, 550, 530, 510, 490, 470, 450, 430, 410, 390, 370] [350, 370, 390, 410, 430, 430, 430, 430, 430, 430, 430, 430, 430, 430, 430] [583, 283] 15 2
[570, 570, 570, 570, 570, 570, 550, 530, 510, 490, 470, 450, 430, 410, 390] [330, 350, 370, 390, 410, 430, 430, 430, 430, 430, 430, 430, 430, 430, 430] [583, 283] 15 2
[570, 570, 570, 570, 570, 570, 570, 550, 530, 510, 490, 470, 450, 430, 410] [310, 330, 350, 370, 390, 410, 430, 430, 430, 430, 430, 430, 430, 430, 430] [583, 283] 15 2
[570, 570, 570, 570, 570, 570, 570, 570, 550, 530, 510, 490, 470, 450, 430] [290, 310, 330, 350, 370, 390, 410, 430, 430, 430, 430, 430, 430, 430, 430] [583, 283] 15 2
[570, 570, 570, 570, 570, 570, 570, 570, 570, 550, 530, 510, 490, 470, 450, 430] [270, 290, 310, 330, 350, 370, 390, 410, 430, 430, 430, 430, 430, 430, 430, 430] [420, 499] 16 2
[570, 570, 570, 570, 570, 570, 570, 570, 570, 570, 550, 530, 510, 490, 470, 450] [250, 270, 290, 310, 330, 350, 370, 390, 410, 430, 430, 430, 430, 430, 430, 430] [420, 499] 16 2
[550, 570, 570, 570, 570, 570, 570, 570, 570, 570, 570, 550, 530, 510, 490, 470] [250, 250, 270, 290, 310, 330, 350, 370, 390, 410, 430, 430, 430, 430, 430, 430] [420, 499] 16 3
[530, 550, 570, 570, 570, 570, 570, 570, 570, 570, 570, 570, 550, 530, 510, 490] [250, 250, 250, 270, 290, 310, 330, 350, 370, 390, 410, 430, 430, 430, 430, 430] [420, 499] 16 3
[510, 530, 550, 570, 570, 570, 570, 570, 570, 570, 570, 570, 570, 550, 530, 510] [250, 250, 250, 250, 270, 290, 310, 330, 350, 370, 390, 410, 430, 430, 430, 430] [420, 499] 16 3
[490, 510, 530, 550, 570, 570, 570, 570, 570, 570, 570, 570, 570, 570, 550, 530] [250, 250, 250, 250, 250, 270, 290, 310, 330, 350, 370, 390, 410, 430, 430, 430] [420, 499] 16 3
[470, 490, 510, 530, 550, 570, 570, 570, 570, 570, 570, 570, 570, 570, 570, 550] [250, 250, 250, 250, 250, 250, 270, 290, 310, 330, 350, 370, 390, 410, 430, 430] [420, 499] 16 3
[450, 470, 490, 510, 530, 550, 570, 570, 570, 570, 570, 570, 570, 570, 570, 570] [250, 250, 250, 250, 250, 250, 250, 270, 290, 310, 330, 350, 370, 390, 410, 430] [420, 499] 16 3
[430, 450, 470, 490, 510, 530, 550, 570, 570, 570, 570, 570, 570, 570, 570, 570] [250, 250, 250, 250, 250, 250, 250, 250, 270, 290, 310, 330, 350, 370, 390, 410] [420, 499] 16 3
[410, 430, 450, 470, 490, 510, 530, 550, 570, 570, 570, 570, 570, 570, 570, 570] [250, 250, 250, 250, 250, 250, 250, 250, 250, 270, 290, 310, 330, 350, 370, 390] [420, 499] 16 3
[410, 410, 430, 450, 470, 490, 510, 530, 550, 570, 570, 570, 570, 570, 570, 570] [270, 250, 250, 250, 250, 250, 250, 250, 250, 250, 270, 290, 310, 330, 350, 370] [420, 499] 16 0
[410, 410, 410, 430, 450, 470, 490, 510, 530, 550, 570, 570, 570, 570, 570, 570] [290, 270, 250, 250, 250, 250, 250, 250, 250, 250, 250, 270, 290, 310, 330, 350] [420, 499] 16 0
[410, 410, 410, 410, 430, 450, 470, 490, 510, 530, 550, 570, 570, 570, 570, 570] [310, 290, 270, 250, 250, 250, 250, 250, 250, 250, 250, 250, 270, 290, 310, 330] [420, 499] 16 0
[410, 410, 410, 410, 410, 430, 450, 470, 490, 510, 530, 550, 570, 570, 570, 570] [330, 310, 290, 270, 250, 250, 250, 250, 250, 250, 250, 250, 250, 270, 290, 310] [420, 499] 16 0
[410, 410, 410, 410, 410, 410, 430, 450, 470, 490, 510, 530, 550, 570, 570, 570] [350, 330, 310, 290, 270, 250, 250, 250, 250, 250, 250, 250, 250, 250, 270, 290] [420, 499] 16 0
[410, 410, 410, 410, 410, 410, 410, 430, 450, 470, 490, 510, 530, 550, 570, 570] [370, 350, 330, 310, 290, 270, 250, 250, 250, 250, 250, 250, 250, 250, 250, 270] [420, 499] 16 0
[410, 410, 410, 410, 410, 410, 410, 410, 430, 450, 470, 490, 510, 530, 550, 570] [390, 370, 350, 330, 310, 290, 270, 250, 250, 250, 250, 250, 250, 250, 250, 250] [420, 499] 16 0
[410, 410, 410, 410, 410, 410, 410, 410, 410, 430, 450, 470, 490, 510, 530, 550] [410, 390, 370, 350, 330, 310, 290, 270, 250, 250, 250, 250, 250, 250, 250, 250] [420, 499] 16 0
[410, 410, 410, 410, 410, 410, 410, 410, 410, 410, 430, 450, 470, 490, 510, 530] [430, 410, 390, 370, 350, 330, 310, 290, 270, 250, 250, 250, 250, 250, 250, 250] [420, 499] 16 0
[410, 410, 410, 410, 410, 410, 410, 410, 410, 410, 410, 430, 450, 470, 490, 510] [450, 430, 410, 390, 370, 350, 330, 310, 290, 270, 250, 250, 250, 250, 250, 250] [420, 499] 16 0
[410, 410, 410, 410, 410, 410, 410, 410, 410, 410, 410, 410, 430, 450, 470, 490] [470, 450, 430, 410, 390, 370, 350, 330, 310, 290, 270, 250, 250, 250, 250, 250] [420, 499] 16 0
[410, 410, 410, 410, 410, 410, 410, 410, 410, 410, 410, 410, 410, 430, 450, 470] [490, 470, 450, 430, 410, 390, 370, 350, 330, 310, 290, 270, 250, 250, 250, 250] [420, 499] 16 0
