[290, 290, 290, 290, 290] [290, 270, 250, 230, 210] [339, 105] 5 0
[310, 290, 290, 290, 290] [290, 290, 270, 250, 230] [339, 105] 5 1
[330, 310, 290, 290, 290] [290, 290, 290, 270, 250] [339, 105] 5 1
[350, 330, 310, 290, 290] [290, 290, 290, 290, 270] [339, 105] 5 1
[350, 350, 330, 310, 290] [270, 290, 290, 290, 290] [339, 105] 5 2
[350, 350, 350, 330, 310] [250, 270, 290, 290, 290] [339, 105] 5 2
[350, 350, 350, 350, 330] [230, 250, 270, 290, 290] [339, 105] 5 2
[350, 350, 350, 350, 350] [210, 230, 250, 270, 290] [339, 105] 5 2
[350, 350, 350, 350, 350] [190, 210, 230, 250, 270] [339, 105] 5 2
[350, 350, 350, 350, 350] [170, 190, 210, 230, 250] [339, 105] 5 2
[350, 350, 350, 350, 350] [150, 170, 190, 210, 230] [339, 105] 5 2
[350, 350, 350, 350, 350] [130, 150, 170, 190, 210] [339, 105] 5 2
[350, 350, 350, 350, 350] [110, 130, 150, 170, 190] [339, 105] 5 2
[330, 350, 350, 350, 350] [110, 110, 130, 150, 170] [339, 105] 5 3
[310, 330, 350, 350, 350, 350] [110, 110, 110, 130, 150, 170] [425, 82] 6 3
[310, 310, 330, 350, 350, 350] [90, 110, 110, 110, 130, 150] [425, 82] 6 2
[310, 310, 310, 330, 350, 350] [70, 90, 110, 110, 110, 130] [425, 82] 6 2
[330, 310, 310, 310, 330, 350] [70, 70, 90, 110, 110, 110] [425, 82] 6 1
[350, 330, 310, 310, 310, 330] [70, 70, 70, 90, 110, 110] [425, 82] 6 1
[370, 350, 330, 310, 310, 310] [70, 70, 70, 70, 90, 110] [425, 82] 6 1
[390, 370, 350, 330, 310, 310] [70, 70, 70, 70, 70, 90] [425, 82] 6 1
[410, 390, 370, 350, 330, 310] [70, 70, 70, 70, 70, 70] [425, 82] 6 1
[430, 410, 390, 370, 350, 330, 310] [70, 70, 70, 70, 70, 70, 70] [302, 73] 7 1
[430, 430, 410, 390, 370, 350, 330] [90, 70, 70, 70, 70, 70, 70] [302, 73] 7 0
[410, 430, 430, 410, 390, 370, 350] [90, 90, 70, 70, 70, 70, 70] [302, 73] 7 3
[390, 410, 430, 430, 410, 390, 370] [90, 90, 90, 70, 70, 70, 70] [302, 73] 7 3
[370, 390, 410, 430, 430, 410, 390] [90, 90, 90, 90, 70, 70, 70] [302, 73] 7 3
[350, 370, 390, 410, 430, 430, 410] [90, 90, 90, 90, 90, 70, 70] [302, 73] 7 3
[330, 350, 370, 390, 410, 430, 430] [90, 90, 90, 90, 90, 90, 70] [302, 73] 7 3
[310, 330, 350, 370, 390, 410, 430] [90, 90, 90, 90, 90, 90, 90] [302, 73] 7 3
[290, 310, 330, 350, 370, 390, 410] [90, 90, 90, 90, 90, 90, 90] [302, 73] 7 3
[290, 290, 310, 330, 350, 370, 390] [70, 90, 90, 90, 90, 90, 90] [302, 73] 7 2
[290, 290, 290, 310, 330, 350, 370, 390] [50, 70, 90, 90, 90, 90, 90, 90] [129, 114] 8 2
[270, 290, 290, 290, 310, 330, 350, 370] [50, 50, 70, 90, 90, 90, 90, 90] [129, 114] 8 3
[250, 270, 290, 290, 290, 310, 330, 350] [50, 50, 50, 70, 90, 90, 90, 90] [129, 114] 8 3
[230, 250, 270, 290, 290, 290, 310, 330] [50, 50, 50, 50, 70, 90, 90, 90] [129, 114] 8 3
[210, 230, 250, 270, 290, 290, 290, 310] [50, 50, 50, 50, 50, 70, 90, 90] [129, 114] 8 3
[190, 210, 230, 250, 270, 290, 290, 290] [50, 50, 50, 50, 50, 50, 70, 90] [129, 114] 8 3
[170, 190, 210, 230, 250, 270, 290, 290] [50, 50, 50, 50, 50, 50, 50, 70] [129, 114] 8 3
[150, 170, 190, 210, 230, 250, 270, 290] [50, 50, 50, 50, 50, 50, 50, 50] [129, 114] 8 3
[130, 150, 170, 190, 210, 230, 250, 270] [50, 50, 50, 50, 50, 50, 50, 50] [129, 114] 8 3
[110, 130, 150, 170, 190, 210, 230, 250] [50, 50, 50, 50, 50, 50, 50, 50] [129, 114] 8 3
[110, 110, 130, 150, 170, 190, 210, 230] [70, 50, 50, 50, 50, 50, 50, 50] [129, 114] 8 0
[110, 110, 110, 130, 150, 170, 190, 210] [90, 70, 50, 50, 50, 50, 50, 50] [129, 114] 8 0
[110, 110, 110, 110, 130, 150, 170, 190] [110, 90, 70, 50, 50, 50, 50, 50] [129, 114] 8 0
