[290, 290, 290, 290, 290] [290, 270, 250, 230, 210] [6, 15] 5 0
[270, 290, 290, 290, 290] [290, 290, 270, 250, 230] [6, 15] 5 3
[250, 270, 290, 290, 290] [290, 290, 290, 270, 250] [6, 15] 5 3
[230, 250, 270, 290, 290] [290, 290, 290, 290, 270] [6, 15] 5 3
[210, 230, 250, 270, 290] [290, 290, 290, 290, 290] [6, 15] 5 3
[190, 210, 230, 250, 270] [290, 290, 290, 290, 290] [6, 15] 5 3
[170, 190, 210, 230, 250] [290, 290, 290, 290, 290] [6, 15] 5 3
[150, 170, 190, 210, 230] [290, 290, 290, 290, 290] [6, 15] 5 3
[130, 150, 170, 190, 210] [290, 290, 290, 290, 290] [6, 15] 5 3
[110, 130, 150, 170, 190] [290, 290, 290, 290, 290] [6, 15] 5 3
[90, 110, 130, 150, 170] [290, 290, 290, 290, 290] [6, 15] 5 3
[70, 90, 110, 130, 150] [290, 290, 290, 290, 290] [6, 15] 5 3
[50, 70, 90, 110, 130] [290, 290, 290, 290, 290] [6, 15] 5 3
[30, 50, 70, 90, 110] [290, 290, 290, 290, 290] [6, 15] 5 3
[10, 30, 50, 70, 90] [290, 290, 290, 290, 290] [6, 15] 5 3
[10, 10, 30, 50, 70] [270, 290, 290, 290, 290] [6, 15] 5 2
[10, 10, 10, 30, 50] [250, 270, 290, 290, 290] [6, 15] 5 2
[10, 10, 10, 10, 30] [230, 250, 270, 290, 290] [6, 15] 5 2
[10, 10, 10, 10, 10] [210, 230, 250, 270, 290] [6, 15] 5 2
[10, 10, 10, 10, 10] [190, 210, 230, 250, 270] [6, 15] 5 2
[10, 10, 10, 10, 10] [170, 190, 210, 230, 250] [6, 15] 5 2
[10, 10, 10, 10, 10] [150, 170, 190, 210, 230] [6, 15] 5 2
[10, 10, 10, 10, 10] [130, 150, 170, 190, 210] [6, 15] 5 2
[10, 10, 10, 10, 10] [110, 130, 150, 170, 190] [6, 15] 5 2
[10, 10, 10, 10, 10] [90, 110, 130, 150, 170] [6, 15] 5 2
[10, 10, 10, 10, 10] [70, 90, 110, 130, 150] [6, 15] 5 2
[10, 10, 10, 10, 10] [50, 70, 90, 110, 130] [6, 15] 5 2
[10, 10, 10, 10, 10] [30, 50, 70, 90, 110] [6, 15] 5 2
[10, 10, 10, 10, 10] [10, 30, 50, 70, 90] [6, 15] 5 2
[30, 10, 10, 10, 10, 10] [10, 10, 30, 50, 70, 90] [542, 53] 6 1
[50, 30, 10, 10, 10, 10] [10, 10, 10, 30, 50, 70] [542, 53] 6 1
[70, 50, 30, 10, 10, 10] [10, 10, 10, 10, 30, 50] [542, 53] 6 1
[90, 70, 50, 30, 10, 10] [10, 10, 10, 10, 10, 30] [542, 53] 6 1
[110, 90, 70, 50, 30, 10] [10, 10, 10, 10, 10, 10] [542, 53] 6 1
[130, 110, 90, 70, 50, 30] [10, 10, 10, 10, 10, 10] [542, 53] 6 1
[150, 130, 110, 90, 70, 50] [10, 10, 10, 10, 10, 10] [542, 53] 6 1
[170, 150, 130, 110, 90, 70] [10, 10, 10, 10, 10, 10] [542, 53] 6 1
[190, 170, 150, 130, 110, 90] [10, 10, 10, 10, 10, 10] [542, 53] 6 1
[210, 190, 170, 150, 130, 110] [10, 10, 10, 10, 10, 10] [542, 53] 6 1
[230, 210, 190, 170, 150, 130] [10, 10, 10, 10, 10, 10] [542, 53] 6 1
[250, 230, 210, 190, 170, 150] [10, 10, 10, 10, 10, 10] [542, 53] 6 1
[270, 250, 230, 210, 190, 170] [10, 10, 10, 10, 10, 10] [542, 53] 6 1
[290, 270, 250, 230, 210, 190] [10, 10, 10, 10, 10, 10] [542, 53] 6 1
[310, 290, 270, 250, 230, 210] [10, 10, 10, 10, 10, 10] [542, 53] 6 1
[330, 310, 290, 270, 250, 230] [10, 10, 10, 10, 10, 10] [542, 53] 6 1
[350, 330, 310, 290, 270, 250] [10, 10, 10, 10, 10, 10] [542, 53] 6 1
[370, 350, 330, 310, 290, 270] [10, 10, 10, 10, 10, 10] [542, 53] 6 1
[390, 370, 350, 330, 310, 290] [10, 10, 10, 10, 10, 10] [542, 53] 6 1
[410, 390, 370, 350, 330, 310] [10, 10, 10, 10, 10, 10] [542, 53] 6 1
[430, 410, 390, 370, 350, 330] [10, 10, 10, 10, 10, 10] [542, 53] 6 1
[450, 430, 410, 390, 370, 350] [10, 10, 10, 10, 10, 10] [542, 53] 6 1
[470, 450, 430, 410, 390, 370] [10, 10, 10, 10, 10, 10] [542, 53] 6 1
[490, 470, 450, 430, 410, 390] [10, 10, 10, 10, 10, 10] [542, 53] 6 1
[510, 490, 470, 450, 430, 410] [10, 10, 10, 10, 10, 10] [542, 53] 6 1
[530, 510, 490, 470, 450, 430] [10, 10, 10, 10, 10, 10] [542, 53] 6 1
[530, 530, 510, 490, 470, 450] [30, 10, 10, 10, 10, 10] [542, 53] 6 0
[530, 530, 530, 510, 490, 470] [50, 30, 10, 10, 10, 10] [542, 53] 6 0
[530, 530, 530, 530, 510, 490, 470] [70, 50, 30, 10, 10, 10, 10] [492, 513] 7 0
[530, 530, 530, 530, 530, 510, 490] [90, 70, 50, 30, 10, 10, 10] [492, 513] 7 0
[530, 530, 530, 530, 530, 530, 510] [110, 90, 70, 50, 30, 10, 10] [492, 513] 7 0
[530, 530, 530, 530, 530, 530, 530] [130, 110, 90, 70, 50, 30, 10] [492, 513] 7 0
[530, 530, 530, 530, 530, 530, 530] [150, 130, 110, 90, 70, 50, 30] [492, 513] 7 0
[530, 530, 530, 530, 530, 530, 530] [170, 150, 130, 110, 90, 70, 50] [492, 513] 7 0
[530, 530, 530, 530, 530, 530, 530] [190, 170, 150, 130, 110, 90, 70] [492, 513] 7 0
[530, 530, 530, 530, 530, 530, 530] [210, 190, 170, 150, 130, 110, 90] [492, 513] 7 0
[530, 530, 530, 530, 530, 530, 530] [230, 210, 190, 170, 150, 130, 110] [492, 513] 7 0
[530, 530, 530, 530, 530, 530, 530] [250, 230, 210, 190, 170, 150, 130] [492, 513] 7 0
[530, 530, 530, 530, 530, 530, 530] [270, 250, 230, 210, 190, 170, 150] [492, 513] 7 0
[530, 530, 530, 530, 530, 530, 530] [290, 270, 250, 230, 210, 190, 170] [492, 513] 7 0
[530, 530, 530, 530, 530, 530, 530] [310, 290, 270, 250, 230, 210, 190] [492, 513] 7 0
[530, 530, 530, 530, 530, 530, 530] [330, 310, 290, 270, 250, 230, 210] [492, 513] 7 0
[530, 530, 530, 530, 530, 530, 530] [350, 330, 310, 290, 270, 250, 230] [492, 513] 7 0
[530, 530, 530, 530, 530, 530, 530] [370, 350, 330, 310, 290, 270, 250] [492, 513] 7 0
[530, 530, 530, 530, 530, 530, 530] [390, 370, 350, 330, 310, 290, 270] [492, 513] 7 0
[530, 530, 530, 530, 530, 530, 530] [410, 390, 370, 350, 330, 310, 290] [492, 513] 7 0
[530, 530, 530, 530, 530, 530, 530] [430, 410, 390, 370, 350, 330, 310] [492, 513] 7 0
[530, 530, 530, 530, 530, 530, 530] [450, 430, 410, 390, 370, 350, 330] [492, 513] 7 0
[530, 530, 530, 530, 530, 530, 530] [470, 450, 430, 410, 390, 370, 350] [492, 513] 7 0
[530, 530, 530, 530, 530, 530, 530] [490, 470, 450, 430, 410, 390, 370] [492, 513] 7 0
[530, 530, 530, 530, 530, 530, 530] [510, 490, 470, 450, 430, 410, 390] [492, 513] 7 0
[510, 530, 530, 530, 530, 530, 530] [510, 510, 490, 470, 450, 430, 410] [492, 513] 7 3
[490, 510, 530, 530, 530, 530, 530] [510, 510, 510, 490, 470, 450, 430] [492, 513] 7 3
[470, 490, 510, 530, 530, 530, 530, 530] [510, 510, 510, 510, 490, 470, 450, 430] [303, 141] 8 3
[450, 470, 490, 510, 530, 530, 530, 530] [510, 510, 510, 510, 510, 490, 470, 450] [303, 141] 8 3
[430, 450, 470, 490, 510, 530, 530, 530] [510, 510, 510, 510, 510, 510, 490, 470] [303, 141] 8 3
[410, 430, 450, 470, 490, 510, 530, 530] [510, 510, 510, 510, 510, 510, 510, 490] [303, 141] 8 3
[390, 410, 430, 450, 470, 490, 510, 530] [510, 510, 510, 510, 510, 510, 510, 510] [303, 141] 8 3
[370, 390, 410, 430, 450, 470, 490, 510] [510, 510, 510, 510, 510, 510, 510, 510] [303, 141] 8 3
[350, 370, 390, 410, 430, 450, 470, 490] [510, 510, 510, 510, 510, 510, 510, 510] [303, 141] 8 3
[330, 350, 370, 390, 410, 430, 450, 470] [510, 510, 510, 510, 510, 510, 510, 510] [303, 141] 8 3
[310, 330, 350, 370, 390, 410, 430, 450] [510, 510, 510, 510, 510, 510, 510, 510] [303, 141] 8 3
[290, 310, 330, 350, 370, 390, 410, 430] [510, 510, 510, 510, 510, 510, 510, 510] [303, 141] 8 3
[290, 290, 310, 330, 350, 370, 390, 410] [490, 510, 510, 510, 510, 510, 510, 510] [303, 141] 8 2
[290, 290, 290, 310, 330, 350, 370, 390] [470, 490, 510, 510, 510, 510, 510, 510] [303, 141] 8 2
[290, 290, 290, 290, 310, 330, 350, 370] [450, 470, 490, 510, 510, 510, 510, 510] [303, 141] 8 2
[290, 290, 290, 290, 290, 310, 330, 350] [430, 450, 470, 490, 510, 510, 510, 510] [303, 141] 8 2
[290, 290, 290, 290, 290, 290, 310, 330] [410, 430, 450, 470, 490, 510, 510, 510] [303, 141] 8 2
[290, 290, 290, 290, 290, 290, 290, 310] [390, 410, 430, 450, 470, 490, 510, 510] [303, 141] 8 2
[290, 290, 290, 290, 290, 290, 290, 290] [370, 390, 410, 430, 450, 470, 490, 510] [303, 141] 8 2
[290, 290, 290, 290, 290, 290, 290, 290] [350, 370, 390, 410, 430, 450, 470, 490] [303, 141] 8 2
[290, 290, 290, 290, 290, 290, 290, 290] [330, 350, 370, 390, 410, 430, 450, 470] [303, 141] 8 2
[290, 290, 290, 290, 290, 290, 290, 290] [310, 330, 350, 370, 390, 410, 430, 450] [303, 141] 8 2
[290, 290, 290, 290, 290, 290, 290, 290] [290, 310, 330, 350, 370, 390, 410, 430] [303, 141] 8 2
[290, 290, 290, 290, 290, 290, 290, 290] [270, 290, 310, 330, 350, 370, 390, 410] [303, 141] 8 2
[290, 290, 290, 290, 290, 290, 290, 290] [250, 270, 290, 310, 330, 350, 370, 390] [303, 141] 8 2
[290, 290, 290, 290, 290, 290, 290, 290] [230, 250, 270, 290, 310, 330, 350, 370] [303, 141] 8 2
[290, 290, 290, 290, 290, 290, 290, 290] [210, 230, 250, 270, 290, 310, 330, 350] [303, 141] 8 2
[290, 290, 290, 290, 290, 290, 290, 290] [190, 210, 230, 250, 270, 290, 310, 330] [303, 141] 8 2
[290, 290, 290, 290, 290, 290, 290, 290] [170, 190, 210, 230, 250, 270, 290, 310] [303, 141] 8 2
[290, 290, 290, 290, 290, 290, 290, 290] [150, 170, 190, 210, 230, 250, 270, 290] [303, 141] 8 2
[290, 290, 290, 290, 290, 290, 290, 290, 290] [130, 150, 170, 190, 210, 230, 250, 270, 290] [126, 566] 9 2
[270, 290, 290, 290, 290, 290, 290, 290, 290] [130, 130, 150, 170, 190, 210, 230, 250, 270] [126, 566] 9 3
[250, 270, 290, 290, 290, 290, 290, 290, 290] [130, 130, 130, 150, 170, 190, 210, 230, 250] [126, 566] 9 3
[230, 250, 270, 290, 290, 290, 290, 290, 290] [130, 130, 130, 130, 150, 170, 190, 210, 230] [126, 566] 9 3
[210, 230, 250, 270, 290, 290, 290, 290, 290] [130, 130, 130, 130, 130, 150, 170, 190, 210] [126, 566] 9 3
[190, 210, 230, 250, 270, 290, 290, 290, 290] [130, 130, 130, 130, 130, 130, 150, 170, 190] [126, 566] 9 3
[170, 190, 210, 230, 250, 270, 290, 290, 290] [130, 130, 130, 130, 130, 130, 130, 150, 170] [126, 566] 9 3
[150, 170, 190, 210, 230, 250, 270, 290, 290] [130, 130, 130, 130, 130, 130, 130, 130, 150] [126, 566] 9 3
[130, 150, 170, 190, 210, 230, 250, 270, 290] [130, 130, 130, 130, 130, 130, 130, 130, 130] [126, 566] 9 3
[130, 130, 150, 170, 190, 210, 230, 250, 270] [150, 130, 130, 130, 130, 130, 130, 130, 130] [126, 566] 9 0
[130, 130, 130, 150, 170, 190, 210, 230, 250] [170, 150, 130, 130, 130, 130, 130, 130, 130] [126, 566] 9 0
[130, 130, 130, 130, 150, 170, 190, 210, 230] [190, 170, 150, 130, 130, 130, 130, 130, 130] [126, 566] 9 0
[130, 130, 130, 130, 130, 150, 170, 190, 210] [210, 190, 170, 150, 130, 130, 130, 130, 130] [126, 566] 9 0
[130, 130, 130, 130, 130, 130, 150, 170, 190] [230, 210, 190, 170, 150, 130, 130, 130, 130] [126, 566] 9 0
[130, 130, 130, 130, 130, 130, 130, 150, 170] [250, 230, 210, 190, 170, 150, 130, 130, 130] [126, 566] 9 0
[130, 130, 130, 130, 130, 130, 130, 130, 150] [270, 250, 230, 210, 190, 170, 150, 130, 130] [126, 566] 9 0
[130, 130, 130, 130, 130, 130, 130, 130, 130] [290, 270, 250, 230, 210, 190, 170, 150, 130] [126, 566] 9 0
[130, 130, 130, 130, 130, 130, 130, 130, 130] [310, 290, 270, 250, 230, 210, 190, 170, 150] [126, 566] 9 0
[130, 130, 130, 130, 130, 130, 130, 130, 130] [330, 310, 290, 270, 250, 230, 210, 190, 170] [126, 566] 9 0
[130, 130, 130, 130, 130, 130, 130, 130, 130] [350, 330, 310, 290, 270, 250, 230, 210, 190] [126, 566] 9 0
[130, 130, 130, 130, 130, 130, 130, 130, 130] [370, 350, 330, 310, 290, 270, 250, 230, 210] [126, 566] 9 0
[130, 130, 130, 130, 130, 130, 130, 130, 130] [390, 370, 350, 330, 310, 290, 270, 250, 230] [126, 566] 9 0
[130, 130, 130, 130, 130, 130, 130, 130, 130] [410, 390, 370, 350, 330, 310, 290, 270, 250] [126, 566] 9 0
[130, 130, 130, 130, 130, 130, 130, 130, 130] [430, 410, 390, 370, 350, 330, 310, 290, 270] [126, 566] 9 0
[130, 130, 130, 130, 130, 130, 130, 130, 130] [450, 430, 410, 390, 370, 350, 330, 310, 290] [126, 566] 9 0
[130, 130, 130, 130, 130, 130, 130, 130, 130] [470, 450, 430, 410, 390, 370, 350, 330, 310] [126, 566] 9 0
[130, 130, 130, 130, 130, 130, 130, 130, 130] [490, 470, 450, 430, 410, 390, 370, 350, 330] [126, 566] 9 0
[130, 130, 130, 130, 130, 130, 130, 130, 130] [510, 490, 470, 450, 430, 410, 390, 370, 350] [126, 566] 9 0
[130, 130, 130, 130, 130, 130, 130, 130, 130] [530, 510, 490, 470, 450, 430, 410, 390, 370] [126, 566] 9 0
[130, 130, 130, 130, 130, 130, 130, 130, 130] [550, 530, 510, 490, 470, 450, 430, 410, 390] [126, 566] 9 0
[130, 130, 130, 130, 130, 130, 130, 130, 130, 130] [570, 550, 530, 510, 490, 470, 450, 430, 410, 390] [157, 269] 10 0
[150, 130, 130, 130, 130, 130, 130, 130, 130, 130] [570, 570, 550, 530, 510, 490, 470, 450, 430, 410] [157, 269] 10 1
[150, 150, 130, 130, 130, 130, 130, 130, 130, 130] [550, 570, 570, 550, 530, 510, 490, 470, 450, 430] [157, 269] 10 2
[150, 150, 150, 130, 130, 130, 130, 130, 130, 130] [530, 550, 570, 570, 550, 530, 510, 490, 470, 450] [157, 269] 10 2
[150, 150, 150, 150, 130, 130, 130, 130, 130, 130] [510, 530, 550, 570, 570, 550, 530, 510, 490, 470] [157, 269] 10 2
[150, 150, 150, 150, 150, 130, 130, 130, 130, 130] [490, 510, 530, 550, 570, 570, 550, 530, 510, 490] [157, 269] 10 2
[150, 150, 150, 150, 150, 150, 130, 130, 130, 130] [470, 490, 510, 530, 550, 570, 570, 550, 530, 510] [157, 269] 10 2
[150, 150, 150, 150, 150, 150, 150, 130, 130, 130] [450, 470, 490, 510, 530, 550, 570, 570, 550, 530] [157, 269] 10 2
[150, 150, 150, 150, 150, 150, 150, 150, 130, 130] [430, 450, 470, 490, 510, 530, 550, 570, 570, 550] [157, 269] 10 2
[150, 150, 150, 150, 150, 150, 150, 150, 150, 130] [410, 430, 450, 470, 490, 510, 530, 550, 570, 570] [157, 269] 10 2
[150, 150, 150, 150, 150, 150, 150, 150, 150, 150] [390, 410, 430, 450, 470, 490, 510, 530, 550, 570] [157, 269] 10 2
[150, 150, 150, 150, 150, 150, 150, 150, 150, 150] [370, 390, 410, 430, 450, 470, 490, 510, 530, 550] [157, 269] 10 2
[150, 150, 150, 150, 150, 150, 150, 150, 150, 150] [350, 370, 390, 410, 430, 450, 470, 490, 510, 530] [157, 269] 10 2
[150, 150, 150, 150, 150, 150, 150, 150, 150, 150] [330, 350, 370, 390, 410, 430, 450, 470, 490, 510] [157, 269] 10 2
[150, 150, 150, 150, 150, 150, 150, 150, 150, 150] [310, 330, 350, 370, 390, 410, 430, 450, 470, 490] [157, 269] 10 2
[150, 150, 150, 150, 150, 150, 150, 150, 150, 150] [290, 310, 330, 350, 370, 390, 410, 430, 450, 470] [157, 269] 10 2
[150, 150, 150, 150, 150, 150, 150, 150, 150, 150] [270, 290, 310, 330, 350, 370, 390, 410, 430, 450] [157, 269] 10 2
[150, 150, 150, 150, 150, 150, 150, 150, 150, 150, 150] [250, 270, 290, 310, 330, 350, 370, 390, 410, 430, 450] [100, 243] 11 2
[150, 150, 150, 150, 150, 150, 150, 150, 150, 150, 150] [230, 250, 270, 290, 310, 330, 350, 370, 390, 410, 430] [100, 243] 11 2
[130, 150, 150, 150, 150, 150, 150, 150, 150, 150, 150] [230, 230, 250, 270, 290, 310, 330, 350, 370, 390, 410] [100, 243] 11 3
[110, 130, 150, 150, 150, 150, 150, 150, 150, 150, 150] [230, 230, 230, 250, 270, 290, 310, 330, 350, 370, 390] [100, 243] 11 3
[90, 110, 130, 150, 150, 150, 150, 150, 150, 150, 150] [230, 230, 230, 230, 250, 270, 290, 310, 330, 350, 370] [100, 243] 11 3
[70, 90, 110, 130, 150, 150, 150, 150, 150, 150, 150, 150] [230, 230, 230, 230, 230, 250, 270, 290, 310, 330, 350, 370] [54, 254] 12 3
[50, 70, 90, 110, 130, 150, 150, 150, 150, 150, 150, 150] [230, 230, 230, 230, 230, 230, 250, 270, 290, 310, 330, 350] [54, 254] 12 3
[50, 50, 70, 90, 110, 130, 150, 150, 150, 150, 150, 150] [250, 230, 230, 230, 230, 230, 230, 250, 270, 290, 310, 330] [54, 254] 12 0
[50, 50, 50, 70, 90, 110, 130, 150, 150, 150, 150, 150, 150] [270, 250, 230, 230, 230, 230, 230, 230, 250, 270, 290, 310, 330] [394, 478] 13 0
[50, 50, 50, 50, 70, 90, 110, 130, 150, 150, 150, 150, 150] [290, 270, 250, 230, 230, 230, 230, 230, 230, 250, 270, 290, 310] [394, 478] 13 0
[50, 50, 50, 50, 50, 70, 90, 110, 130, 150, 150, 150, 150] [310, 290, 270, 250, 230, 230, 230, 230, 230, 230, 250, 270, 290] [394, 478] 13 0
[50, 50, 50, 50, 50, 50, 70, 90, 110, 130, 150, 150, 150] [330, 310, 290, 270, 250, 230, 230, 230, 230, 230, 230, 250, 270] [394, 478] 13 0
[50, 50, 50, 50, 50, 50, 50, 70, 90, 110, 130, 150, 150] [350, 330, 310, 290, 270, 250, 230, 230, 230, 230, 230, 230, 250] [394, 478] 13 0
[50, 50, 50, 50, 50, 50, 50, 50, 70, 90, 110, 130, 150] [370, 350, 330, 310, 290, 270, 250, 230, 230, 230, 230, 230, 230] [394, 478] 13 0
[50, 50, 50, 50, 50, 50, 50, 50, 50, 70, 90, 110, 130] [390, 370, 350, 330, 310, 290, 270, 250, 230, 230, 230, 230, 230] [394, 478] 13 0
[50, 50, 50, 50, 50, 50, 50, 50, 50, 50, 70, 90, 110] [410, 390, 370, 350, 330, 310, 290, 270, 250, 230, 230, 230, 230] [394, 478] 13 0
[50, 50, 50, 50, 50, 50, 50, 50, 50, 50, 50, 70, 90] [430, 410, 390, 370, 350, 330, 310, 290, 270, 250, 230, 230, 230] [394, 478] 13 0
[50, 50, 50, 50, 50, 50, 50, 50, 50, 50, 50, 50, 70] [450, 430, 410, 390, 370, 350, 330, 310, 290, 270, 250, 230, 230] [394, 478] 13 0
[50, 50, 50, 50, 50, 50, 50, 50, 50, 50, 50, 50, 50] [470, 450, 430, 410, 390, 370, 350, 330, 310, 290, 270, 250, 230] [394, 478] 13 0
[70, 50, 50, 50, 50, 50, 50, 50, 50, 50, 50, 50, 50] [470, 470, 450, 430, 410, 390, 370, 350, 330, 310, 290, 270, 250] [394, 478] 13 1
[90, 70, 50, 50, 50, 50, 50, 50, 50, 50, 50, 50, 50] [470, 470, 470, 450, 430, 410, 390, 370, 350, 330, 310, 290, 270] [394, 478] 13 1
[110, 90, 70, 50, 50, 50, 50, 50, 50, 50, 50, 50, 50] [470, 470, 470, 470, 450, 430, 410, 390, 370, 350, 330, 310, 290] [394, 478] 13 1
[130, 110, 90, 70, 50, 50, 50, 50, 50, 50, 50, 50, 50] [470, 470, 470, 470, 470, 450, 430, 410, 390, 370, 350, 330, 310] [394, 478] 13 1
[150, 130, 110, 90, 70, 50, 50, 50, 50, 50, 50, 50, 50] [470, 470, 470, 470, 470, 470, 450, 430, 410, 390, 370, 350, 330] [394, 478] 13 1
[170, 150, 130, 110, 90, 70, 50, 50, 50, 50, 50, 50, 50] [470, 470, 470, 470, 470, 470, 470, 450, 430, 410, 390, 370, 350] [394, 478] 13 1
[190, 170, 150, 130, 110, 90, 70, 50, 50, 50, 50, 50, 50] [470, 470, 470, 470, 470, 470, 470, 470, 450, 430, 410, 390, 370] [394, 478] 13 1
[210, 190, 170, 150, 130, 110, 90, 70, 50, 50, 50, 50, 50] [470, 470, 470, 470, 470, 470, 470, 470, 470, 450, 430, 410, 390] [394, 478] 13 1
[230, 210, 190, 170, 150, 130, 110, 90, 70, 50, 50, 50, 50] [470, 470, 470, 470, 470, 470, 470, 470, 470, 470, 450, 430, 410] [394, 478] 13 1
[250, 230, 210, 190, 170, 150, 130, 110, 90, 70, 50, 50, 50] [470, 470, 470, 470, 470, 470, 470, 470, 470, 470, 470, 450, 430] [394, 478] 13 1
[270, 250, 230, 210, 190, 170, 150, 130, 110, 90, 70, 50, 50] [470, 470, 470, 470, 470, 470, 470, 470, 470, 470, 470, 470, 450] [394, 478] 13 1
[290, 270, 250, 230, 210, 190, 170, 150, 130, 110, 90, 70, 50] [470, 470, 470, 470, 470, 470, 470, 470, 470, 470, 470, 470, 470] [394, 478] 13 1
[310, 290, 270, 250, 230, 210, 190, 170, 150, 130, 110, 90, 70] [470, 470, 470, 470, 470, 470, 470, 470, 470, 470, 470, 470, 470] [394, 478] 13 1
[330, 310, 290, 270, 250, 230, 210, 190, 170, 150, 130, 110, 90] [470, 470, 470, 470, 470, 470, 470, 470, 470, 470, 470, 470, 470] [394, 478] 13 1
[350, 330, 310, 290, 270, 250, 230, 210, 190, 170, 150, 130, 110] [470, 470, 470, 470, 470, 470, 470, 470, 470, 470, 470, 470, 470] [394, 478] 13 1
[370, 350, 330, 310, 290, 270, 250, 230, 210, 190, 170, 150, 130] [470, 470, 470, 470, 470, 470, 470, 470, 470, 470, 470, 470, 470] [394, 478] 13 1
[390, 370, 350, 330, 310, 290, 270, 250, 230, 210, 190, 170, 150] [470, 470, 470, 470, 470, 470, 470, 470, 470, 470, 470, 470, 470] [394, 478] 13 1
[410, 390, 370, 350, 330, 310, 290, 270, 250, 230, 210, 190, 170, 150] [470, 470, 470, 470, 470, 470, 470, 470, 470, 470, 470, 470, 470, 470] [170, 210] 14 1
[410, 410, 390, 370, 350, 330, 310, 290, 270, 250, 230, 210, 190, 170] [450, 470, 470, 470, 470, 470, 470, 470, 470, 470, 470, 470, 470, 470] [170, 210] 14 2
[410, 410, 410, 390, 370, 350, 330, 310, 290, 270, 250, 230, 210, 190] [430, 450, 470, 470, 470, 470, 470, 470, 470, 470, 470, 470, 470, 470] [170, 210] 14 2
[410, 410, 410, 410, 390, 370, 350, 330, 310, 290, 270, 250, 230, 210] [410, 430, 450, 470, 470, 470, 470, 470, 470, 470, 470, 470, 470, 470] [170, 210] 14 2
[410, 410, 410, 410, 410, 390, 370, 350, 330, 310, 290, 270, 250, 230] [390, 410, 430, 450, 470, 470, 470, 470, 470, 470, 470, 470, 470, 470] [170, 210] 14 2
[410, 410, 410, 410, 410, 410, 390, 370, 350, 330, 310, 290, 270, 250] [370, 390, 410, 430, 450, 470, 470, 470, 470, 470, 470, 470, 470, 470] [170, 210] 14 2
[410, 410, 410, 410, 410, 410, 410, 390, 370, 350, 330, 310, 290, 270] [350, 370, 390, 410, 430, 450, 470, 470, 470, 470, 470, 470, 470, 470] [170, 210] 14 2
[410, 410, 410, 410, 410, 410, 410, 410, 390, 370, 350, 330, 310, 290] [330, 350, 370, 390, 410, 430, 450, 470, 470, 470, 470, 470, 470, 470] [170, 210] 14 2
[410, 410, 410, 410, 410, 410, 410, 410, 410, 390, 370, 350, 330, 310] [310, 330, 350, 370, 390, 410, 430, 450, 470, 470, 470, 470, 470, 470] [170, 210] 14 2
[410, 410, 410, 410, 410, 410, 410, 410, 410, 410, 390, 370, 350, 330] [290, 310, 330, 350, 370, 390, 410, 430, 450, 470, 470, 470, 470, 470] [170, 210] 14 2
[410, 410, 410, 410, 410, 410, 410, 410, 410, 410, 410, 390, 370, 350] [270, 290, 310, 330, 350, 370, 390, 410, 430, 450, 470, 470, 470, 470] [170, 210] 14 2
[410, 410, 410, 410, 410, 410, 410, 410, 410, 410, 410, 410, 390, 370] [250, 270, 290, 310, 330, 350, 370, 390, 410, 430, 450, 470, 470, 470] [170, 210] 14 2
[410, 410, 410, 410, 410, 410, 410, 410, 410, 410, 410, 410, 410, 390] [230, 250, 270, 290, 310, 330, 350, 370, 390, 410, 430, 450, 470, 470] [170, 210] 14 2
[410, 410, 410, 410, 410, 410, 410, 410, 410, 410, 410, 410, 410, 410] [210, 230, 250, 270, 290, 310, 330, 350, 370, 390, 410, 430, 450, 470] [170, 210] 14 2
[390, 410, 410, 410, 410, 410, 410, 410, 410, 410, 410, 410, 410, 410] [210, 210, 230, 250, 270, 290, 310, 330, 350, 370, 390, 410, 430, 450] [170, 210] 14 3
[370, 390, 410, 410, 410, 410, 410, 410, 410, 410, 410, 410, 410, 410] [210, 210, 210, 230, 250, 270, 290, 310, 330, 350, 370, 390, 410, 430] [170, 210] 14 3
[350, 370, 390, 410, 410, 410, 410, 410, 410, 410, 410, 410, 410, 410] [210, 210, 210, 210, 230, 250, 270, 290, 310, 330, 350, 370, 390, 410] [170, 210] 14 3
[330, 350, 370, 390, 410, 410, 410, 410, 410, 410, 410, 410, 410, 410] [210, 210, 210, 210, 210, 230, 250, 270, 290, 310, 330, 350, 370, 390] [170, 210] 14 3
[310, 330, 350, 370, 390, 410, 410, 410, 410, 410, 410, 410, 410, 410] [210, 210, 210, 210, 210, 210, 230, 250, 270, 290, 310, 330, 350, 370] [170, 210] 14 3
[290, 310, 330, 350, 370, 390, 410, 410, 410, 410, 410, 410, 410, 410] [210, 210, 210, 210, 210, 210, 210, 230, 250, 270, 290, 310, 330, 350] [170, 210] 14 3
[270, 290, 310, 330, 350, 370, 390, 410, 410, 410, 410, 410, 410, 410] [210, 210, 210, 210, 210, 210, 210, 210, 230, 250, 270, 290, 310, 330] [170, 210] 14 3
[250, 270, 290, 310, 330, 350, 370, 390, 410, 410, 410, 410, 410, 410] [210, 210, 210, 210, 210, 210, 210, 210, 210, 230, 250, 270, 290, 310] [170, 210] 14 3
[230, 250, 270, 290, 310, 330, 350, 370, 390, 410, 410, 410, 410, 410] [210, 210, 210, 210, 210, 210, 210, 210, 210, 210, 230, 250, 270, 290] [170, 210] 14 3
[210, 230, 250, 270, 290, 310, 330, 350, 370, 390, 410, 410, 410, 410] [210, 210, 210, 210, 210, 210, 210, 210, 210, 210, 210, 230, 250, 270] [170, 210] 14 3
[190, 210, 230, 250, 270, 290, 310, 330, 350, 370, 390, 410, 410, 410] [210, 210, 210, 210, 210, 210, 210, 210, 210, 210, 210, 210, 230, 250] [170, 210] 14 3
[170, 190, 210, 230, 250, 270, 290, 310, 330, 350, 370, 390, 410, 410] [210, 210, 210, 210, 210, 210, 210, 210, 210, 210, 210, 210, 210, 230] [170, 210] 14 3
[150, 170, 190, 210, 230, 250, 270, 290, 310, 330, 350, 370, 390, 410, 410] [210, 210, 210, 210, 210, 210, 210, 210, 210, 210, 210, 210, 210, 210, 230] [355, 421] 15 3
[150, 150, 170, 190, 210, 230, 250, 270, 290, 310, 330, 350, 370, 390, 410] [230, 210, 210, 210, 210, 210, 210, 210, 210, 210, 210, 210, 210, 210, 210] [355, 421] 15 0
[150, 150, 150, 170, 190, 210, 230, 250, 270, 290, 310, 330, 350, 370, 390] [250, 230, 210, 210, 210, 210, 210, 210, 210, 210, 210, 210, 210, 210, 210] [355, 421] 15 0
[150, 150, 150, 150, 170, 190, 210, 230, 250, 270, 290, 310, 330, 350, 370] [270, 250, 230, 210, 210, 210, 210, 210, 210, 210, 210, 210, 210, 210, 210] [355, 421] 15 0
[150, 150, 150, 150, 150, 170, 190, 210, 230, 250, 270, 290, 310, 330, 350] [290, 270, 250, 230, 210, 210, 210, 210, 210, 210, 210, 210, 210, 210, 210] [355, 421] 15 0
[150, 150, 150, 150, 150, 150, 170, 190, 210, 230, 250, 270, 290, 310, 330] [310, 290, 270, 250, 230, 210, 210, 210, 210, 210, 210, 210, 210, 210, 210] [355, 421] 15 0
[150, 150, 150, 150, 150, 150, 150, 170, 190, 210, 230, 250, 270, 290, 310] [330, 310, 290, 270, 250, 230, 210, 210, 210, 210, 210, 210, 210, 210, 210] [355, 421] 15 0
[150, 150, 150, 150, 150, 150, 150, 150, 170, 190, 210, 230, 250, 270, 290] [350, 330, 310, 290, 270, 250, 230, 210, 210, 210, 210, 210, 210, 210, 210] [355, 421] 15 0
[150, 150, 150, 150, 150, 150, 150, 150, 150, 170, 190, 210, 230, 250, 270] [370, 350, 330, 310, 290, 270, 250, 230, 210, 210, 210, 210, 210, 210, 210] [355, 421] 15 0
[150, 150, 150, 150, 150, 150, 150, 150, 150, 150, 170, 190, 210, 230, 250] [390, 370, 350, 330, 310, 290, 270, 250, 230, 210, 210, 210, 210, 210, 210] [355, 421] 15 0
[150, 150, 150, 150, 150, 150, 150, 150, 150, 150, 150, 170, 190, 210, 230] [410, 390, 370, 350, 330, 310, 290, 270, 250, 230, 210, 210, 210, 210, 210] [355, 421] 15 0
[170, 150, 150, 150, 150, 150, 150, 150, 150, 150, 150, 150, 170, 190, 210] [410, 410, 390, 370, 350, 330, 310, 290, 270, 250, 230, 210, 210, 210, 210] [355, 421] 15 1
[190, 170, 150, 150, 150, 150, 150, 150, 150, 150, 150, 150, 150, 170, 190] [410, 410, 410, 390, 370, 350, 330, 310, 290, 270, 250, 230, 210, 210, 210] [355, 421] 15 1
[210, 190, 170, 150, 150, 150, 150, 150, 150, 150, 150, 150, 150, 150, 170] [410, 410, 410, 410, 390, 370, 350, 330, 310, 290, 270, 250, 230, 210, 210] [355, 421] 15 1
[230, 210, 190, 170, 150, 150, 150, 150, 150, 150, 150, 150, 150, 150, 150] [410, 410, 410, 410, 410, 390, 370, 350, 330, 310, 290, 270, 250, 230, 210] [355, 421] 15 1
[250, 230, 210, 190, 170, 150, 150, 150, 150, 150, 150, 150, 150, 150, 150] [410, 410, 410, 410, 410, 410, 390, 370, 350, 330, 310, 290, 270, 250, 230] [355, 421] 15 1
[270, 250, 230, 210, 190, 170, 150, 150, 150, 150, 150, 150, 150, 150, 150] [410, 410, 410, 410, 410, 410, 410, 390, 370, 350, 330, 310, 290, 270, 250] [355, 421] 15 1
[290, 270, 250, 230, 210, 190, 170, 150, 150, 150, 150, 150, 150, 150, 150] [410, 410, 410, 410, 410, 410, 410, 410, 390, 370, 350, 330, 310, 290, 270] [355, 421] 15 1
[310, 290, 270, 250, 230, 210, 190, 170, 150, 150, 150, 150, 150, 150, 150] [410, 410, 410, 410, 410, 410, 410, 410, 410, 390, 370, 350, 330, 310, 290] [355, 421] 15 1
[330, 310, 290, 270, 250, 230, 210, 190, 170, 150, 150, 150, 150, 150, 150] [410, 410, 410, 410, 410, 410, 410, 410, 410, 410, 390, 370, 350, 330, 310] [355, 421] 15 1
[350, 330, 310, 290, 270, 250, 230, 210, 190, 170, 150, 150, 150, 150, 150] [410, 410, 410, 410, 410, 410, 410, 410, 410, 410, 410, 390, 370, 350, 330] [355, 421] 15 1
[370, 350, 330, 310, 290, 270, 250, 230, 210, 190, 170, 150, 150, 150, 150, 150] [410, 410, 410, 410, 410, 410, 410, 410, 410, 410, 410, 410, 390, 370, 350, 330] [268, 229] 16 1
[390, 370, 350, 330, 310, 290, 270, 250, 230, 210, 190, 170, 150, 150, 150, 150] [410, 410, 410, 410, 410, 410, 410, 410, 410, 410, 410, 410, 410, 390, 370, 350] [268, 229] 16 1
[410, 390, 370, 350, 330, 310, 290, 270, 250, 230, 210, 190, 170, 150, 150, 150] [410, 410, 410, 410, 410, 410, 410, 410, 410, 410, 410, 410, 410, 410, 390, 370] [268, 229] 16 1
[410, 410, 390, 370, 350, 330, 310, 290, 270, 250, 230, 210, 190, 170, 150, 150] [390, 410, 410, 410, 410, 410, 410, 410, 410, 410, 410, 410, 410, 410, 410, 390] [268, 229] 16 2
[410, 410, 410, 390, 370, 350, 330, 310, 290, 270, 250, 230, 210, 190, 170, 150] [370, 390, 410, 410, 410, 410, 410, 410, 410, 410, 410, 410, 410, 410, 410, 410] [268, 229] 16 2
[410, 410, 410, 410, 390, 370, 350, 330, 310, 290, 270, 250, 230, 210, 190, 170] [350, 370, 390, 410, 410, 410, 410, 410, 410, 410, 410, 410, 410, 410, 410, 410] [268, 229] 16 2
[410, 410, 410, 410, 410, 390, 370, 350, 330, 310, 290, 270, 250, 230, 210, 190] [330, 350, 370, 390, 410, 410, 410, 410, 410, 410, 410, 410, 410, 410, 410, 410] [268, 229] 16 2
[410, 410, 410, 410, 410, 410, 390, 370, 350, 330, 310, 290, 270, 250, 230, 210] [310, 330, 350, 370, 390, 410, 410, 410, 410, 410, 410, 410, 410, 410, 410, 410] [268, 229] 16 2
[410, 410, 410, 410, 410, 410, 410, 390, 370, 350, 330, 310, 290, 270, 250, 230] [290, 310, 330, 350, 370, 390, 410, 410, 410, 410, 410, 410, 410, 410, 410, 410] [268, 229] 16 2
[410, 410, 410, 410, 410, 410, 410, 410, 390, 370, 350, 330, 310, 290, 270, 250] [270, 290, 310, 330, 350, 370, 390, 410, 410, 410, 410, 410, 410, 410, 410, 410] [268, 229] 16 2
[410, 410, 410, 410, 410, 410, 410, 410, 410, 390, 370, 350, 330, 310, 290, 270] [250, 270, 290, 310, 330, 350, 370, 390, 410, 410, 410, 410, 410, 410, 410, 410] [268, 229] 16 2
[410, 410, 410, 410, 410, 410, 410, 410, 410, 410, 390, 370, 350, 330, 310, 290] [230, 250, 270, 290, 310, 330, 350, 370, 390, 410, 410, 410, 410, 410, 410, 410] [268, 229] 16 2
[390, 410, 410, 410, 410, 410, 410, 410, 410, 410, 410, 390, 370, 350, 330, 310] [230, 230, 250, 270, 290, 310, 330, 350, 370, 390, 410, 410, 410, 410, 410, 410] [268, 229] 16 3
[370, 390, 410, 410, 410, 410, 410, 410, 410, 410, 410, 410, 390, 370, 350, 330] [230, 230, 230, 250, 270, 290, 310, 330, 350, 370, 390, 410, 410, 410, 410, 410] [268, 229] 16 3
[350, 370, 390, 410, 410, 410, 410, 410, 410, 410, 410, 410, 410, 390, 370, 350] [230, 230, 230, 230, 250, 270, 290, 310, 330, 350, 370, 390, 410, 410, 410, 410] [268, 229] 16 3
[330, 350, 370, 390, 410, 410, 410, 410, 410, 410, 410, 410, 410, 410, 390, 370] [230, 230, 230, 230, 230, 250, 270, 290, 310, 330, 350, 370, 390, 410, 410, 410] [268, 229] 16 3
[310, 330, 350, 370, 390, 410, 410, 410, 410, 410, 410, 410, 410, 410, 410, 390] [230, 230, 230, 230, 230, 230, 250, 270, 290, 310, 330, 350, 370, 390, 410, 410] [268, 229] 16 3
[290, 310, 330, 350, 370, 390, 410, 410, 410, 410, 410, 410, 410, 410, 410, 410] [230, 230, 230, 230, 230, 230, 230, 250, 270, 290, 310, 330, 350, 370, 390, 410] [268, 229] 16 3
[270, 290, 310, 330, 350, 370, 390, 410, 410, 410, 410, 410, 410, 410, 410, 410] [230, 230, 230, 230, 230, 230, 230, 230, 250, 270, 290, 310, 330, 350, 370, 390] [268, 229] 16 3
