[290, 290, 290, 290, 290] [290, 270, 250, 230, 210] [158, 576] 5 0
[270, 290, 290, 290, 290] [290, 290, 270, 250, 230] [158, 576] 5 3
[270, 270, 290, 290, 290] [310, 290, 290, 270, 250] [158, 576] 5 0
[270, 270, 270, 290, 290] [330, 310, 290, 290, 270] [158, 576] 5 0
[270, 270, 270, 270, 290] [350, 330, 310, 290, 290] [158, 576] 5 0
[270, 270, 270, 270, 270] [370, 350, 330, 310, 290] [158, 576] 5 0
[270, 270, 270, 270, 270] [390, 370, 350, 330, 310] [158, 576] 5 0
[270, 270, 270, 270, 270] [410, 390, 370, 350, 330] [158, 576] 5 0
[270, 270, 270, 270, 270] [430, 410, 390, 370, 350] [158, 576] 5 0
[270, 270, 270, 270, 270] [450, 430, 410, 390, 370] [158, 576] 5 0
[270, 270, 270, 270, 270] [470, 450, 430, 410, 390] [158, 576] 5 0
[270, 270, 270, 270, 270] [490, 470, 450, 430, 410] [158, 576] 5 0
[270, 270, 270, 270, 270] [510, 490, 470, 450, 430] [158, 576] 5 0
[270, 270, 270, 270, 270] [530, 510, 490, 470, 450] [158, 576] 5 0
[270, 270, 270, 270, 270] [550, 530, 510, 490, 470] [158, 576] 5 0
[270, 270, 270, 270, 270] [570, 550, 530, 510, 490] [158, 576] 5 0
[250, 270, 270, 270, 270] [570, 570, 550, 530, 510] [158, 576] 5 3
[230, 250, 270, 270, 270] [570, 570, 570, 550, 530] [158, 576] 5 3
[210, 230, 250, 270, 270] [570, 570, 570, 570, 550] [158, 576] 5 3
[190, 210, 230, 250, 270] [570, 570, 570, 570, 570] [158, 576] 5 3
[170, 190, 210, 230, 250] [570, 570, 570, 570, 570] [158, 576] 5 3
[150, 170, 190, 210, 230] [570, 570, 570, 570, 570] [158, 576] 5 3
[130, 150, 170, 190, 210, 230] [570, 570, 570, 570, 570, 570] [163, 233] 6 3
[130, 130, 150, 170, 190, 210] [550, 570, 570, 570, 570, 570] [163, 233] 6 2
[130, 130, 130, 150, 170, 190] [530, 550, 570, 570, 570, 570] [163, 233] 6 2
[130, 130, 130, 130, 150, 170] [510, 530, 550, 570, 570, 570] [163, 233] 6 2
[130, 130, 130, 130, 130, 150] [490, 510, 530, 550, 570, 570] [163, 233] 6 2
[130, 130, 130, 130, 130, 130] [470, 490, 510, 530, 550, 570] [163, 233] 6 2
[130, 130, 130, 130, 130, 130] [450, 470, 490, 510, 530, 550] [163, 233] 6 2
[130, 130, 130, 130, 130, 130] [430, 450, 470, 490, 510, 530] [163, 233] 6 2
[130, 130, 130, 130, 130, 130] [410, 430, 450, 470, 490, 510] [163, 233] 6 2
[130, 130, 130, 130, 130, 130] [390, 410, 430, 450, 470, 490] [163, 233] 6 2
[130, 130, 130, 130, 130, 130] [370, 390, 410, 430, 450, 470] [163, 233] 6 2
[130, 130, 130, 130, 130, 130] [350, 370, 390, 410, 430, 450] [163, 233] 6 2
[130, 130, 130, 130, 130, 130] [330, 350, 370, 390, 410, 430] [163, 233] 6 2
[130, 130, 130, 130, 130, 130] [310, 330, 350, 370, 390, 410] [163, 233] 6 2
[130, 130, 130, 130, 130, 130] [290, 310, 330, 350, 370, 390] [163, 233] 6 2
[130, 130, 130, 130, 130, 130] [270, 290, 310, 330, 350, 370] [163, 233] 6 2
[130, 130, 130, 130, 130, 130] [250, 270, 290, 310, 330, 350] [163, 233] 6 2
[130, 130, 130, 130, 130, 130] [230, 250, 270, 290, 310, 330] [163, 233] 6 2
[150, 130, 130, 130, 130, 130] [230, 230, 250, 270, 290, 310] [163, 233] 6 1
[170, 150, 130, 130, 130, 130, 130] [230, 230, 230, 250, 270, 290, 310] [367, 508] 7 1
[190, 170, 150, 130, 130, 130, 130] [230, 230, 230, 230, 250, 270, 290] [367, 508] 7 1
[210, 190, 170, 150, 130, 130, 130] [230, 230, 230, 230, 230, 250, 270] [367, 508] 7 1
[230, 210, 190, 170, 150, 130, 130] [230, 230, 230, 230, 230, 230, 250] [367, 508] 7 1
[250, 230, 210, 190, 170, 150, 130] [230, 230, 230, 230, 230, 230, 230] [367, 508] 7 1
[270, 250, 230, 210, 190, 170, 150] [230, 230, 230, 230, 230, 230, 230] [367, 508] 7 1
[290, 270, 250, 230, 210, 190, 170] [230, 230, 230, 230, 230, 230, 230] [367, 508] 7 1
[310, 290, 270, 250, 230, 210, 190] [230, 230, 230, 230, 230, 230, 230] [367, 508] 7 1
[330, 310, 290, 270, 250, 230, 210] [230, 230, 230, 230, 230, 230, 230] [367, 508] 7 1
[350, 330, 310, 290, 270, 250, 230] [230, 230, 230, 230, 230, 230, 230] [367, 508] 7 1
[370, 350, 330, 310, 290, 270, 250] [230, 230, 230, 230, 230, 230, 230] [367, 508] 7 1
[370, 370, 350, 330, 310, 290, 270] [250, 230, 230, 230, 230, 230, 230] [367, 508] 7 0
[370, 370, 370, 350, 330, 310, 290] [270, 250, 230, 230, 230, 230, 230] [367, 508] 7 0
[370, 370, 370, 370, 350, 330, 310] [290, 270, 250, 230, 230, 230, 230] [367, 508] 7 0
[370, 370, 370, 370, 370, 350, 330] [310, 290, 270, 250, 230, 230, 230] [367, 508] 7 0
[370, 370, 370, 370, 370, 370, 350] [330, 310, 290, 270, 250, 230, 230] [367, 508] 7 0
[370, 370, 370, 370, 370, 370, 370] [350, 330, 310, 290, 270, 250, 230] [367, 508] 7 0
[370, 370, 370, 370, 370, 370, 370] [370, 350, 330, 310, 290, 270, 250] [367, 508] 7 0
[370, 370, 370, 370, 370, 370, 370] [390, 370, 350, 330, 310, 290, 270] [367, 508] 7 0
[370, 370, 370, 370, 370, 370, 370] [410, 390, 370, 350, 330, 310, 290] [367, 508] 7 0
[370, 370, 370, 370, 370, 370, 370] [430, 410, 390, 370, 350, 330, 310] [367, 508] 7 0
[370, 370, 370, 370, 370, 370, 370] [450, 430, 410, 390, 370, 350, 330] [367, 508] 7 0
[370, 370, 370, 370, 370, 370, 370] [470, 450, 430, 410, 390, 370, 350] [367, 508] 7 0
[370, 370, 370, 370, 370, 370, 370] [490, 470, 450, 430, 410, 390, 370] [367, 508] 7 0
[370, 370, 370, 370, 370, 370, 370, 370] [510, 490, 470, 450, 430, 410, 390, 370] [498, 309] 8 0
[390, 370, 370, 370, 370, 370, 370, 370] [510, 510, 490, 470, 450, 430, 410, 390] [498, 309] 8 1
[410, 390, 370, 370, 370, 370, 370, 370] [510, 510, 510, 490, 470, 450, 430, 410] [498, 309] 8 1
[430, 410, 390, 370, 370, 370, 370, 370] [510, 510, 510, 510, 490, 470, 450, 430] [498, 309] 8 1
[450, 430, 410, 390, 370, 370, 370, 370] [510, 510, 510, 510, 510, 490, 470, 450] [498, 309] 8 1
[470, 450, 430, 410, 390, 370, 370, 370] [510, 510, 510, 510, 510, 510, 490, 470] [498, 309] 8 1
[490, 470, 450, 430, 410, 390, 370, 370] [510, 510, 510, 510, 510, 510, 510, 490] [498, 309] 8 1
[490, 490, 470, 450, 430, 410, 390, 370] [490, 510, 510, 510, 510, 510, 510, 510] [498, 309] 8 2
[490, 490, 490, 470, 450, 430, 410, 390] [470, 490, 510, 510, 510, 510, 510, 510] [498, 309] 8 2
[490, 490, 490, 490, 470, 450, 430, 410] [450, 470, 490, 510, 510, 510, 510, 510] [498, 309] 8 2
[490, 490, 490, 490, 490, 470, 450, 430] [430, 450, 470, 490, 510, 510, 510, 510] [498, 309] 8 2
[490, 490, 490, 490, 490, 490, 470, 450] [410, 430, 450, 470, 490, 510, 510, 510] [498, 309] 8 2
[490, 490, 490, 490, 490, 490, 490, 470] [390, 410, 430, 450, 470, 490, 510, 510] [498, 309] 8 2
[490, 490, 490, 490, 490, 490, 490, 490] [370, 390, 410, 430, 450, 470, 490, 510] [498, 309] 8 2
[490, 490, 490, 490, 490, 490, 490, 490] [350, 370, 390, 410, 430, 450, 470, 490] [498, 309] 8 2
[490, 490, 490, 490, 490, 490, 490, 490] [330, 350, 370, 390, 410, 430, 450, 470] [498, 309] 8 2
[490, 490, 490, 490, 490, 490, 490, 490] [310, 330, 350, 370, 390, 410, 430, 450] [498, 309] 8 2
[490, 490, 490, 490, 490, 490, 490, 490, 490] [290, 310, 330, 350, 370, 390, 410, 430, 450] [426, 477] 9 2
[490, 490, 490, 490, 490, 490, 490, 490, 490] [270, 290, 310, 330, 350, 370, 390, 410, 430] [426, 477] 9 2
[470, 490, 490, 490, 490, 490, 490, 490, 490] [270, 270, 290, 310, 330, 350, 370, 390, 410] [426, 477] 9 3
[450, 470, 490, 490, 490, 490, 490, 490, 490] [270, 270, 270, 290, 310, 330, 350, 370, 390] [426, 477] 9 3
[430, 450, 470, 490, 490, 490, 490, 490, 490] [270, 270, 270, 270, 290, 310, 330, 350, 370] [426, 477] 9 3
[430, 430, 450, 470, 490, 490, 490, 490, 490] [290, 270, 270, 270, 270, 290, 310, 330, 350] [426, 477] 9 0
[430, 430, 430, 450, 470, 490, 490, 490, 490] [310, 290, 270, 270, 270, 270, 290, 310, 330] [426, 477] 9 0
[430, 430, 430, 430, 450, 470, 490, 490, 490] [330, 310, 290, 270, 270, 270, 270, 290, 310] [426, 477] 9 0
[430, 430, 430, 430, 430, 450, 470, 490, 490] [350, 330, 310, 290, 270, 270, 270, 270, 290] [426, 477] 9 0
[430, 430, 430, 430, 430, 430, 450, 470, 490] [370, 350, 330, 310, 290, 270, 270, 270, 270] [426, 477] 9 0
[430, 430, 430, 430, 430, 430, 430, 450, 470] [390, 370, 350, 330, 310, 290, 270, 270, 270] [426, 477] 9 0
[430, 430, 430, 430, 430, 430, 430, 430, 450] [410, 390, 370, 350, 330, 310, 290, 270, 270] [426, 477] 9 0
[430, 430, 430, 430, 430, 430, 430, 430, 430] [430, 410, 390, 370, 350, 330, 310, 290, 270] [426, 477] 9 0
[430, 430, 430, 430, 430, 430, 430, 430, 430] [450, 430, 410, 390, 370, 350, 330, 310, 290] [426, 477] 9 0
[430, 430, 430, 430, 430, 430, 430, 430, 430] [470, 450, 430, 410, 390, 370, 350, 330, 310] [426, 477] 9 0
[430, 430, 430, 430, 430, 430, 430, 430, 430, 430] [490, 470, 450, 430, 410, 390, 370, 350, 330, 310] [215, 544] 10 0
[430, 430, 430, 430, 430, 430, 430, 430, 430, 430] [510, 490, 470, 450, 430, 410, 390, 370, 350, 330] [215, 544] 10 0
[430, 430, 430, 430, 430, 430, 430, 430, 430, 430] [530, 510, 490, 470, 450, 430, 410, 390, 370, 350] [215, 544] 10 0
[430, 430, 430, 430, 430, 430, 430, 430, 430, 430] [550, 530, 510, 490, 470, 450, 430, 410, 390, 370] [215, 544] 10 0
[410, 430, 430, 430, 430, 430, 430, 430, 430, 430] [550, 550, 530, 510, 490, 470, 450, 430, 410, 390] [215, 544] 10 3
[390, 410, 430, 430, 430, 430, 430, 430, 430, 430] [550, 550, 550, 530, 510, 490, 470, 450, 430, 410] [215, 544] 10 3
[370, 390, 410, 430, 430, 430, 430, 430, 430, 430] [550, 550, 550, 550, 530, 510, 490, 470, 450, 430] [215, 544] 10 3
[350, 370, 390, 410, 430, 430, 430, 430, 430, 430] [550, 550, 550, 550, 550, 530, 510, 490, 470, 450] [215, 544] 10 3
[330, 350, 370, 390, 410, 430, 430, 430, 430, 430] [550, 550, 550, 550, 550, 550, 530, 510, 490, 470] [215, 544] 10 3
[310, 330, 350, 370, 390, 410, 430, 430, 430, 430] [550, 550, 550, 550, 550, 550, 550, 530, 510, 490] [215, 544] 10 3
[290, 310, 330, 350, 370, 390, 410, 430, 430, 430] [550, 550, 550, 550, 550, 550, 550, 550, 530, 510] [215, 544] 10 3
[270, 290, 310, 330, 350, 370, 390, 410, 430, 430] [550, 550, 550, 550, 550, 550, 550, 550, 550, 530] [215, 544] 10 3
[250, 270, 290, 310, 330, 350, 370, 390, 410, 430] [550, 550, 550, 550, 550, 550, 550, 550, 550, 550] [215, 544] 10 3
[230, 250, 270, 290, 310, 330, 350, 370, 390, 410] [550, 550, 550, 550, 550, 550, 550, 550, 550, 550] [215, 544] 10 3
[210, 230, 250, 270, 290, 310, 330, 350, 370, 390] [550, 550, 550, 550, 550, 550, 550, 550, 550, 550] [215, 544] 10 3
[190, 210, 230, 250, 270, 290, 310, 330, 350, 370, 390] [550, 550, 550, 550, 550, 550, 550, 550, 550, 550, 550] [148, 147] 11 3
[170, 190, 210, 230, 250, 270, 290, 310, 330, 350, 370] [550, 550, 550, 550, 550, 550, 550, 550, 550, 550, 550] [148, 147] 11 3
[150, 170, 190, 210, 230, 250, 270, 290, 310, 330, 350] [550, 550, 550, 550, 550, 550, 550, 550, 550, 550, 550] [148, 147] 11 3
[150, 150, 170, 190, 210, 230, 250, 270, 290, 310, 330] [530, 550, 550, 550, 550, 550, 550, 550, 550, 550, 550] [148, 147] 11 2
[150, 150, 150, 170, 190, 210, 230, 250, 270, 290, 310] [510, 530, 550, 550, 550, 550, 550, 550, 550, 550, 550] [148, 147] 11 2
[150, 150, 150, 150, 170, 190, 210, 230, 250, 270, 290] [490, 510, 530, 550, 550, 550, 550, 550, 550, 550, 550] [148, 147] 11 2
[150, 150, 150, 150, 150, 170, 190, 210, 230, 250, 270] [470, 490, 510, 530, 550, 550, 550, 550, 550, 550, 550] [148, 147] 11 2
[150, 150, 150, 150, 150, 150, 170, 190, 210, 230, 250] [450, 470, 490, 510, 530, 550, 550, 550, 550, 550, 550] [148, 147] 11 2
[150, 150, 150, 150, 150, 150, 150, 170, 190, 210, 230] [430, 450, 470, 490, 510, 530, 550, 550, 550, 550, 550] [148, 147] 11 2
[150, 150, 150, 150, 150, 150, 150, 150, 170, 190, 210] [410, 430, 450, 470, 490, 510, 530, 550, 550, 550, 550] [148, 147] 11 2
[150, 150, 150, 150, 150, 150, 150, 150, 150, 170, 190] [390, 410, 430, 450, 470, 490, 510, 530, 550, 550, 550] [148, 147] 11 2
[150, 150, 150, 150, 150, 150, 150, 150, 150, 150, 170] [370, 390, 410, 430, 450, 470, 490, 510, 530, 550, 550] [148, 147] 11 2
[150, 150, 150, 150, 150, 150, 150, 150, 150, 150, 150] [350, 370, 390, 410, 430, 450, 470, 490, 510, 530, 550] [148, 147] 11 2
[150, 150, 150, 150, 150, 150, 150, 150, 150, 150, 150] [330, 350, 370, 390, 410, 430, 450, 470, 490, 510, 530] [148, 147] 11 2
[150, 150, 150, 150, 150, 150, 150, 150, 150, 150, 150] [310, 330, 350, 370, 390, 410, 430, 450, 470, 490, 510] [148, 147] 11 2
[150, 150, 150, 150, 150, 150, 150, 150, 150, 150, 150] [290, 310, 330, 350, 370, 390, 410, 430, 450, 470, 490] [148, 147] 11 2
[150, 150, 150, 150, 150, 150, 150, 150, 150, 150, 150] [270, 290, 310, 330, 350, 370, 390, 410, 430, 450, 470] [148, 147] 11 2
[150, 150, 150, 150, 150, 150, 150, 150, 150, 150, 150] [250, 270, 290, 310, 330, 350, 370, 390, 410, 430, 450] [148, 147] 11 2
[150, 150, 150, 150, 150, 150, 150, 150, 150, 150, 150] [230, 250, 270, 290, 310, 330, 350, 370, 390, 410, 430] [148, 147] 11 2
[150, 150, 150, 150, 150, 150, 150, 150, 150, 150, 150] [210, 230, 250, 270, 290, 310, 330, 350, 370, 390, 410] [148, 147] 11 2
[150, 150, 150, 150, 150, 150, 150, 150, 150, 150, 150] [190, 210, 230, 250, 270, 290, 310, 330, 350, 370, 390] [148, 147] 11 2
[150, 150, 150, 150, 150, 150, 150, 150, 150, 150, 150] [170, 190, 210, 230, 250, 270, 290, 310, 330, 350, 370] [148, 147] 11 2
[150, 150, 150, 150, 150, 150, 150, 150, 150, 150, 150] [150, 170, 190, 210, 230, 250, 270, 290, 310, 330, 350] [148, 147] 11 2
[150, 150, 150, 150, 150, 150, 150, 150, 150, 150, 150, 150] [130, 150, 170, 190, 210, 230, 250, 270, 290, 310, 330, 350] [60, 392] 12 2
[130, 150, 150, 150, 150, 150, 150, 150, 150, 150, 150, 150] [130, 130, 150, 170, 190, 210, 230, 250, 270, 290, 310, 330] [60, 392] 12 3
[110, 130, 150, 150, 150, 150, 150, 150, 150, 150, 150, 150] [130, 130, 130, 150, 170, 190, 210, 230, 250, 270, 290, 310] [60, 392] 12 3
[90, 110, 130, 150, 150, 150, 150, 150, 150, 150, 150, 150] [130, 130, 130, 130, 150, 170, 190, 210, 230, 250, 270, 290] [60, 392] 12 3
[70, 90, 110, 130, 150, 150, 150, 150, 150, 150, 150, 150] [130, 130, 130, 130, 130, 150, 170, 190, 210, 230, 250, 270] [60, 392] 12 3
[50, 70, 90, 110, 130, 150, 150, 150, 150, 150, 150, 150] [130, 130, 130, 130, 130, 130, 150, 170, 190, 210, 230, 250] [60, 392] 12 3
[50, 50, 70, 90, 110, 130, 150, 150, 150, 150, 150, 150] [150, 130, 130, 130, 130, 130, 130, 150, 170, 190, 210, 230] [60, 392] 12 0
[50, 50, 50, 70, 90, 110, 130, 150, 150, 150, 150, 150] [170, 150, 130, 130, 130, 130, 130, 130, 150, 170, 190, 210] [60, 392] 12 0
[50, 50, 50, 50, 70, 90, 110, 130, 150, 150, 150, 150] [190, 170, 150, 130, 130, 130, 130, 130, 130, 150, 170, 190] [60, 392] 12 0
[50, 50, 50, 50, 50, 70, 90, 110, 130, 150, 150, 150] [210, 190, 170, 150, 130, 130, 130, 130, 130, 130, 150, 170] [60, 392] 12 0
[50, 50, 50, 50, 50, 50, 70, 90, 110, 130, 150, 150] [230, 210, 190, 170, 150, 130, 130, 130, 130, 130, 130, 150] [60, 392] 12 0
[50, 50, 50, 50, 50, 50, 50, 70, 90, 110, 130, 150] [250, 230, 210, 190, 170, 150, 130, 130, 130, 130, 130, 130] [60, 392] 12 0
[50, 50, 50, 50, 50, 50, 50, 50, 70, 90, 110, 130] [270, 250, 230, 210, 190, 170, 150, 130, 130, 130, 130, 130] [60, 392] 12 0
[50, 50, 50, 50, 50, 50, 50, 50, 50, 70, 90, 110] [290, 270, 250, 230, 210, 190, 170, 150, 130, 130, 130, 130] [60, 392] 12 0
[50, 50, 50, 50, 50, 50, 50, 50, 50, 50, 70, 90] [310, 290, 270, 250, 230, 210, 190, 170, 150, 130, 130, 130] [60, 392] 12 0
[50, 50, 50, 50, 50, 50, 50, 50, 50, 50, 50, 70] [330, 310, 290, 270, 250, 230, 210, 190, 170, 150, 130, 130] [60, 392] 12 0
[50, 50, 50, 50, 50, 50, 50, 50, 50, 50, 50, 50] [350, 330, 310, 290, 270, 250, 230, 210, 190, 170, 150, 130] [60, 392] 12 0
[50, 50, 50, 50, 50, 50, 50, 50, 50, 50, 50, 50] [370, 350, 330, 310, 290, 270, 250, 230, 210, 190, 170, 150] [60, 392] 12 0
[50, 50, 50, 50, 50, 50, 50, 50, 50, 50, 50, 50] [390, 370, 350, 330, 310, 290, 270, 250, 230, 210, 190, 170] [60, 392] 12 0
[50, 50, 50, 50, 50, 50, 50, 50, 50, 50, 50, 50, 50] [410, 390, 370, 350, 330, 310, 290, 270, 250, 230, 210, 190, 170] [352, 444] 13 0
[70, 50, 50, 50, 50, 50, 50, 50, 50, 50, 50, 50, 50] [410, 410, 390, 370, 350, 330, 310, 290, 270, 250, 230, 210, 190] [352, 444] 13 1
[70, 70, 50, 50, 50, 50, 50, 50, 50, 50, 50, 50, 50] [430, 410, 410, 390, 370, 350, 330, 310, 290, 270, 250, 230, 210] [352, 444] 13 0
[70, 70, 70, 50, 50, 50, 50, 50, 50, 50, 50, 50, 50] [450, 430, 410, 410, 390, 370, 350, 330, 310, 290, 270, 250, 230] [352, 444] 13 0
[90, 70, 70, 70, 50, 50, 50, 50, 50, 50, 50, 50, 50] [450, 450, 430, 410, 410, 390, 370, 350, 330, 310, 290, 270, 250] [352, 444] 13 1
[110, 90, 70, 70, 70, 50, 50, 50, 50, 50, 50, 50, 50] [450, 450, 450, 430, 410, 410, 390, 370, 350, 330, 310, 290, 270] [352, 444] 13 1
[130, 110, 90, 70, 70, 70, 50, 50, 50, 50, 50, 50, 50] [450, 450, 450, 450, 430, 410, 410, 390, 370, 350, 330, 310, 290] [352, 444] 13 1
[150, 130, 110, 90, 70, 70, 70, 50, 50, 50, 50, 50, 50] [450, 450, 450, 450, 450, 430, 410, 410, 390, 370, 350, 330, 310] [352, 444] 13 1
[170, 150, 130, 110, 90, 70, 70, 70, 50, 50, 50, 50, 50] [450, 450, 450, 450, 450, 450, 430, 410, 410, 390, 370, 350, 330] [352, 444] 13 1
[190, 170, 150, 130, 110, 90, 70, 70, 70, 50, 50, 50, 50] [450, 450, 450, 450, 450, 450, 450, 430, 410, 410, 390, 370, 350] [352, 444] 13 1
[210, 190, 170, 150, 130, 110, 90, 70, 70, 70, 50, 50, 50] [450, 450, 450, 450, 450, 450, 450, 450, 430, 410, 410, 390, 370] [352, 444] 13 1
[230, 210, 190, 170, 150, 130, 110, 90, 70, 70, 70, 50, 50] [450, 450, 450, 450, 450, 450, 450, 450, 450, 430, 410, 410, 390] [352, 444] 13 1
[250, 230, 210, 190, 170, 150, 130, 110, 90, 70, 70, 70, 50] [450, 450, 450, 450, 450, 450, 450, 450, 450, 450, 430, 410, 410] [352, 444] 13 1
[270, 250, 230, 210, 190, 170, 150, 130, 110, 90, 70, 70, 70] [450, 450, 450, 450, 450, 450, 450, 450, 450, 450, 450, 430, 410] [352, 444] 13 1
[290, 270, 250, 230, 210, 190, 170, 150, 130, 110, 90, 70, 70] [450, 450, 450, 450, 450, 450, 450, 450, 450, 450, 450, 450, 430] [352, 444] 13 1
[310, 290, 270, 250, 230, 210, 190, 170, 150, 130, 110, 90, 70] [450, 450, 450, 450, 450, 450, 450, 450, 450, 450, 450, 450, 450] [352, 444] 13 1
[330, 310, 290, 270, 250, 230, 210, 190, 170, 150, 130, 110, 90] [450, 450, 450, 450, 450, 450, 450, 450, 450, 450, 450, 450, 450] [352, 444] 13 1
[350, 330, 310, 290, 270, 250, 230, 210, 190, 170, 150, 130, 110] [450, 450, 450, 450, 450, 450, 450, 450, 450, 450, 450, 450, 450] [352, 444] 13 1
[370, 350, 330, 310, 290, 270, 250, 230, 210, 190, 170, 150, 130, 110] [450, 450, 450, 450, 450, 450, 450, 450, 450, 450, 450, 450, 450, 450] [398, 461] 14 1
[390, 370, 350, 330, 310, 290, 270, 250, 230, 210, 190, 170, 150, 130] [450, 450, 450, 450, 450, 450, 450, 450, 450, 450, 450, 450, 450, 450] [398, 461] 14 1
[410, 390, 370, 350, 330, 310, 290, 270, 250, 230, 210, 190, 170, 150, 130] [450, 450, 450, 450, 450, 450, 450, 450, 450, 450, 450, 450, 450, 450, 450] [560, 468] 15 1
[430, 410, 390, 370, 350, 330, 310, 290, 270, 250, 230, 210, 190, 170, 150] [450, 450, 450, 450, 450, 450, 450, 450, 450, 450, 450, 450, 450, 450, 450] [560, 468] 15 1
[450, 430, 410, 390, 370, 350, 330, 310, 290, 270, 250, 230, 210, 190, 170] [450, 450, 450, 450, 450, 450, 450, 450, 450, 450, 450, 450, 450, 450, 450] [560, 468] 15 1
[470, 450, 430, 410, 390, 370, 350, 330, 310, 290, 270, 250, 230, 210, 190] [450, 450, 450, 450, 450, 450, 450, 450, 450, 450, 450, 450, 450, 450, 450] [560, 468] 15 1
[490, 470, 450, 430, 410, 390, 370, 350, 330, 310, 290, 270, 250, 230, 210] [450, 450, 450, 450, 450, 450, 450, 450, 450, 450, 450, 450, 450, 450, 450] [560, 468] 15 1
[510, 490, 470, 450, 430, 410, 390, 370, 350, 330, 310, 290, 270, 250, 230] [450, 450, 450, 450, 450, 450, 450, 450, 450, 450, 450, 450, 450, 450, 450] [560, 468] 15 1
[530, 510, 490, 470, 450, 430, 410, 390, 370, 350, 330, 310, 290, 270, 250] [450, 450, 450, 450, 450, 450, 450, 450, 450, 450, 450, 450, 450, 450, 450] [560, 468] 15 1
[550, 530, 510, 490, 470, 450, 430, 410, 390, 370, 350, 330, 310, 290, 270] [450, 450, 450, 450, 450, 450, 450, 450, 450, 450, 450, 450, 450, 450, 450] [560, 468] 15 1
[570, 550, 530, 510, 490, 470, 450, 430, 410, 390, 370, 350, 330, 310, 290, 270] [450, 450, 450, 450, 450, 450, 450, 450, 450, 450, 450, 450, 450, 450, 450, 450] [547, 579] 16 1
[570, 570, 550, 530, 510, 490, 470, 450, 430, 410, 390, 370, 350, 330, 310, 290] [470, 450, 450, 450, 450, 450, 450, 450, 450, 450, 450, 450, 450, 450, 450, 450] [547, 579] 16 0
[570, 570, 570, 550, 530, 510, 490, 470, 450, 430, 410, 390, 370, 350, 330, 310] [490, 470, 450, 450, 450, 450, 450, 450, 450, 450, 450, 450, 450, 450, 450, 450] [547, 579] 16 0
[570, 570, 570, 570, 550, 530, 510, 490, 470, 450, 430, 410, 390, 370, 350, 330] [510, 490, 470, 450, 450, 450, 450, 450, 450, 450, 450, 450, 450, 450, 450, 450] [547, 579] 16 0
[570, 570, 570, 570, 570, 550, 530, 510, 490, 470, 450, 430, 410, 390, 370, 350] [530, 510, 490, 470, 450, 450, 450, 450, 450, 450, 450, 450, 450, 450, 450, 450] [547, 579] 16 0
[570, 570, 570, 570, 570, 570, 550, 530, 510, 490, 470, 450, 430, 410, 390, 370] [550, 530, 510, 490, 470, 450, 450, 450, 450, 450, 450, 450, 450, 450, 450, 450] [547, 579] 16 0
[570, 570, 570, 570, 570, 570, 570, 550, 530, 510, 490, 470, 450, 430, 410, 390] [570, 550, 530, 510, 490, 470, 450, 450, 450, 450, 450, 450, 450, 450, 450, 450] [547, 579] 16 0
[550, 570, 570, 570, 570, 570, 570, 570, 550, 530, 510, 490, 470, 450, 430, 410] [570, 570, 550, 530, 510, 490, 470, 450, 450, 450, 450, 450, 450, 450, 450, 450] [547, 579] 16 3
[530, 550, 570, 570, 570, 570, 570, 570, 570, 550, 530, 510, 490, 470, 450, 430, 410] [570, 570, 570, 550, 530, 510, 490, 470, 450, 450, 450, 450, 450, 450, 450, 450, 450] [416, 98] 17 3
[510, 530, 550, 570, 570, 570, 570, 570, 570, 570, 550, 530, 510, 490, 470, 450, 430] [570, 570, 570, 570, 550, 530, 510, 490, 470, 450, 450, 450, 450, 450, 450, 450, 450] [416, 98] 17 3
[490, 510, 530, 550, 570, 570, 570, 570, 570, 570, 570, 550, 530, 510, 490, 470, 450] [570, 570, 570, 570, 570, 550, 530, 510, 490, 470, 450, 450, 450, 450, 450, 450, 450] [416, 98] 17 3
[470, 490, 510, 530, 550, 570, 570, 570, 570, 570, 570, 570, 550, 530, 510, 490, 470] [570, 570, 570, 570, 570, 570, 550, 530, 510, 490, 470, 450, 450, 450, 450, 450, 450] [416, 98] 17 3
[450, 470, 490, 510, 530, 550, 570, 570, 570, 570, 570, 570, 570, 550, 530, 510, 490] [570, 570, 570, 570, 570, 570, 570, 550, 530, 510, 490, 470, 450, 450, 450, 450, 450] [416, 98] 17 3
[430, 450, 470, 490, 510, 530, 550, 570, 570, 570, 570, 570, 570, 570, 550, 530, 510] [570, 570, 570, 570, 570, 570, 570, 570, 550, 530, 510, 490, 470, 450, 450, 450, 450] [416, 98] 17 3
[410, 430, 450, 470, 490, 510, 530, 550, 570, 570, 570, 570, 570, 570, 570, 550, 530] [570, 570, 570, 570, 570, 570, 570, 570, 570, 550, 530, 510, 490, 470, 450, 450, 450] [416, 98] 17 3
[410, 410, 430, 450, 470, 490, 510, 530, 550, 570, 570, 570, 570, 570, 570, 570, 550] [550, 570, 570, 570, 570, 570, 570, 570, 570, 570, 550, 530, 510, 490, 470, 450, 450] [416, 98] 17 2
[410, 410, 410, 430, 450, 470, 490, 510, 530, 550, 570, 570, 570, 570, 570, 570, 570] [530, 550, 570, 570, 570, 570, 570, 570, 570, 570, 570, 550, 530, 510, 490, 470, 450] [416, 98] 17 2
[410, 410, 410, 410, 430, 450, 470, 490, 510, 530, 550, 570, 570, 570, 570, 570, 570] [510, 530, 550, 570, 570, 570, 570, 570, 570, 570, 570, 570, 550, 530, 510, 490, 470] [416, 98] 17 2
[410, 410, 410, 410, 410, 430, 450, 470, 490, 510, 530, 550, 570, 570, 570, 570, 570] [490, 510, 530, 550, 570, 570, 570, 570, 570, 570, 570, 570, 570, 550, 530, 510, 490] [416, 98] 17 2
[410, 410, 410, 410, 410, 410, 430, 450, 470, 490, 510, 530, 550, 570, 570, 570, 570] [470, 490, 510, 530, 550, 570, 570, 570, 570, 570, 570, 570, 570, 570, 550, 530, 510] [416, 98] 17 2
[410, 410, 410, 410, 410, 410, 410, 430, 450, 470, 490, 510, 530, 550, 570, 570, 570] [450, 470, 490, 510, 530, 550, 570, 570, 570, 570, 570, 570, 570, 570, 570, 550, 530] [416, 98] 17 2
[410, 410, 410, 410, 410, 410, 410, 410, 430, 450, 470, 490, 510, 530, 550, 570, 570] [430, 450, 470, 490, 510, 530, 550, 570, 570, 570, 570, 570, 570, 570, 570, 570, 550] [416, 98] 17 2
[410, 410, 410, 410, 410, 410, 410, 410, 410, 430, 450, 470, 490, 510, 530, 550, 570] [410, 430, 450, 470, 490, 510, 530, 550, 570, 570, 570, 570, 570, 570, 570, 570, 570] [416, 98] 17 2
[410, 410, 410, 410, 410, 410, 410, 410, 410, 410, 430, 450, 470, 490, 510, 530, 550] [390, 410, 430, 450, 470, 490, 510, 530, 550, 570, 570, 570, 570, 570, 570, 570, 570] [416, 98] 17 2
[410, 410, 410, 410, 410, 410, 410, 410, 410, 410, 410, 430, 450, 470, 490, 510, 530] [370, 390, 410, 430, 450, 470, 490, 510, 530, 550, 570, 570, 570, 570, 570, 570, 570] [416, 98] 17 2
[410, 410, 410, 410, 410, 410, 410, 410, 410, 410, 410, 410, 430, 450, 470, 490, 510] [350, 370, 390, 410, 430, 450, 470, 490, 510, 530, 550, 570, 570, 570, 570, 570, 570] [416, 98] 17 2
[410, 410, 410, 410, 410, 410, 410, 410, 410, 410, 410, 410, 410, 430, 450, 470, 490] [330, 350, 370, 390, 410, 430, 450, 470, 490, 510, 530, 550, 570, 570, 570, 570, 570] [416, 98] 17 2
[410, 410, 410, 410, 410, 410, 410, 410, 410, 410, 410, 410, 410, 410, 430, 450, 470] [310, 330, 350, 370, 390, 410, 430, 450, 470, 490, 510, 530, 550, 570, 570, 570, 570] [416, 98] 17 2
[410, 410, 410, 410, 410, 410, 410, 410, 410, 410, 410, 410, 410, 410, 410, 430, 450] [290, 310, 330, 350, 370, 390, 410, 430, 450, 470, 490, 510, 530, 550, 570, 570, 570] [416, 98] 17 2
[410, 410, 410, 410, 410, 410, 410, 410, 410, 410, 410, 410, 410, 410, 410, 410, 430] [270, 290, 310, 330, 350, 370, 390, 410, 430, 450, 470, 490, 510, 530, 550, 570, 570] [416, 98] 17 2
[410, 410, 410, 410, 410, 410, 410, 410, 410, 410, 410, 410, 410, 410, 410, 410, 410] [250, 270, 290, 310, 330, 350, 370, 390, 410, 430, 450, 470, 490, 510, 530, 550, 570] [416, 98] 17 2
[410, 410, 410, 410, 410, 410, 410, 410, 410, 410, 410, 410, 410, 410, 410, 410, 410] [230, 250, 270, 290, 310, 330, 350, 370, 390, 410, 430, 450, 470, 490, 510, 530, 550] [416, 98] 17 2
[410, 410, 410, 410, 410, 410, 410, 410, 410, 410, 410, 410, 410, 410, 410, 410, 410] [210, 230, 250, 270, 290, 310, 330, 350, 370, 390, 410, 430, 450, 470, 490, 510, 530] [416, 98] 17 2
[410, 410, 410, 410, 410, 410, 410, 410, 410, 410, 410, 410, 410, 410, 410, 410, 410] [190, 210, 230, 250, 270, 290, 310, 330, 350, 370, 390, 410, 430, 450, 470, 490, 510] [416, 98] 17 2
[410, 410, 410, 410, 410, 410, 410, 410, 410, 410, 410, 410, 410, 410, 410, 410, 410] [170, 190, 210, 230, 250, 270, 290, 310, 330, 350, 370, 390, 410, 430, 450, 470, 490] [416, 98] 17 2
[410, 410, 410, 410, 410, 410, 410, 410, 410, 410, 410, 410, 410, 410, 410, 410, 410] [150, 170, 190, 210, 230, 250, 270, 290, 310, 330, 350, 370, 390, 410, 430, 450, 470] [416, 98] 17 2
[410, 410, 410, 410, 410, 410, 410, 410, 410, 410, 410, 410, 410, 410, 410, 410, 410] [130, 150, 170, 190, 210, 230, 250, 270, 290, 310, 330, 350, 370, 390, 410, 430, 450] [416, 98] 17 2
[410, 410, 410, 410, 410, 410, 410, 410, 410, 410, 410, 410, 410, 410, 410, 410, 410] [110, 130, 150, 170, 190, 210, 230, 250, 270, 290, 310, 330, 350, 370, 390, 410, 430] [416, 98] 17 2
[410, 410, 410, 410, 410, 410, 410, 410, 410, 410, 410, 410, 410, 410, 410, 410, 410] [90, 110, 130, 150, 170, 190, 210, 230, 250, 270, 290, 310, 330, 350, 370, 390, 410] [416, 98] 17 2
