[290, 290, 290, 290, 290] [290, 270, 250, 230, 210] [239, 356] 5 0
[290, 290, 290, 290, 290] [310, 290, 270, 250, 230] [239, 356] 5 0
[290, 290, 290, 290, 290] [330, 310, 290, 270, 250] [239, 356] 5 0
[290, 290, 290, 290, 290] [350, 330, 310, 290, 270] [239, 356] 5 0
[270, 290, 290, 290, 290] [350, 350, 330, 310, 290] [239, 356] 5 3
[250, 270, 290, 290, 290] [350, 350, 350, 330, 310] [239, 356] 5 3
[230, 250, 270, 290, 290] [350, 350, 350, 350, 330] [239, 356] 5 3
[210, 230, 250, 270, 290, 290] [350, 350, 350, 350, 350, 330] [510, 138] 6 3
[210, 210, 230, 250, 270, 290] [330, 350, 350, 350, 350, 350] [510, 138] 6 2
[210, 210, 210, 230, 250, 270] [310, 330, 350, 350, 350, 350] [510, 138] 6 2
[210, 210, 210, 210, 230, 250] [290, 310, 330, 350, 350, 350] [510, 138] 6 2
[210, 210, 210, 210, 210, 230] [270, 290, 310, 330, 350, 350] [510, 138] 6 2
[210, 210, 210, 210, 210, 210] [250, 270, 290, 310, 330, 350] [510, 138] 6 2
[210, 210, 210, 210, 210, 210] [230, 250, 270, 290, 310, 330] [510, 138] 6 2
[210, 210, 210, 210, 210, 210] [210, 230, 250, 270, 290, 310] [510, 138] 6 2
[210, 210, 210, 210, 210, 210] [190, 210, 230, 250, 270, 290] [510, 138] 6 2
[210, 210, 210, 210, 210, 210] [170, 190, 210, 230, 250, 270] [510, 138] 6 2
[210, 210, 210, 210, 210, 210] [150, 170, 190, 210, 230, 250] [510, 138] 6 2
[210, 210, 210, 210, 210, 210] [130, 150, 170, 190, 210, 230] [510, 138] 6 2
[230, 210, 210, 210, 210, 210] [130, 130, 150, 170, 190, 210] [510, 138] 6 1
[250, 230, 210, 210, 210, 210] [130, 130, 130, 150, 170, 190] [510, 138] 6 1
[270, 250, 230, 210, 210, 210] [130, 130, 130, 130, 150, 170] [510, 138] 6 1
[290, 270, 250, 230, 210, 210] [130, 130, 130, 130, 130, 150] [510, 138] 6 1
[310, 290, 270, 250, 230, 210] [130, 130, 130, 130, 130, 130] [510, 138] 6 1
[330, 310, 290, 270, 250, 230] [130, 130, 130, 130, 130, 130] [510, 138] 6 1
[350, 330, 310, 290, 270, 250] [130, 130, 130, 130, 130, 130] [510, 138] 6 1
[370, 350, 330, 310, 290, 270] [130, 130, 130, 130, 130, 130] [510, 138] 6 1
[390, 370, 350, 330, 310, 290] [130, 130, 130, 130, 130, 130] [510, 138] 6 1
[410, 390, 370, 350, 330, 310] [130, 130, 130, 130, 130, 130] [510, 138] 6 1
[430, 410, 390, 370, 350, 330] [130, 130, 130, 130, 130, 130] [510, 138] 6 1
[450, 430, 410, 390, 370, 350] [130, 130, 130, 130, 130, 130] [510, 138] 6 1
[470, 450, 430, 410, 390, 370] [130, 130, 130, 130, 130, 130] [510, 138] 6 1
[490, 470, 450, 430, 410, 390] [130, 130, 130, 130, 130, 130] [510, 138] 6 1
[510, 490, 470, 450, 430, 410] [130, 130, 130, 130, 130, 130] [510, 138] 6 1
[530, 510, 490, 470, 450, 430, 410] [130, 130, 130, 130, 130, 130, 130] [211, 49] 7 1
[530, 530, 510, 490, 470, 450, 430] [110, 130, 130, 130, 130, 130, 130] [211, 49] 7 2
[530, 530, 530, 510, 490, 470, 450] [90, 110, 130, 130, 130, 130, 130] [211, 49] 7 2
[530, 530, 530, 530, 510, 490, 470] [70, 90, 110, 130, 130, 130, 130] [211, 49] 7 2
[530, 530, 530, 530, 530, 510, 490] [50, 70, 90, 110, 130, 130, 130] [211, 49] 7 2
[530, 530, 530, 530, 530, 530, 510] [30, 50, 70, 90, 110, 130, 130] [211, 49] 7 2
[510, 530, 530, 530, 530, 530, 530] [30, 30, 50, 70, 90, 110, 130] [211, 49] 7 3
[490, 510, 530, 530, 530, 530, 530] [30, 30, 30, 50, 70, 90, 110] [211, 49] 7 3
[470, 490, 510, 530, 530, 530, 530] [30, 30, 30, 30, 50, 70, 90] [211, 49] 7 3
[450, 470, 490, 510, 530, 530, 530] [30, 30, 30, 30, 30, 50, 70] [211, 49] 7 3
[430, 450, 470, 490, 510, 530, 530] [30, 30, 30, 30, 30, 30, 50] [211, 49] 7 3
[410, 430, 450, 470, 490, 510, 530] [30, 30, 30, 30, 30, 30, 30] [211, 49] 7 3
[390, 410, 430, 450, 470, 490, 510] [30, 30, 30, 30, 30, 30, 30] [211, 49] 7 3
[370, 390, 410, 430, 450, 470, 490] [30, 30, 30, 30, 30, 30, 30] [211, 49] 7 3
[350, 370, 390, 410, 430, 450, 470] [30, 30, 30, 30, 30, 30, 30] [211, 49] 7 3
[330, 350, 370, 390, 410, 430, 450] [30, 30, 30, 30, 30, 30, 30] [211, 49] 7 3
[310, 330, 350, 370, 390, 410, 430] [30, 30, 30, 30, 30, 30, 30] [211, 49] 7 3
[290, 310, 330, 350, 370, 390, 410] [30, 30, 30, 30, 30, 30, 30] [211, 49] 7 3
[270, 290, 310, 330, 350, 370, 390] [30, 30, 30, 30, 30, 30, 30] [211, 49] 7 3
[250, 270, 290, 310, 330, 350, 370] [30, 30, 30, 30, 30, 30, 30] [211, 49] 7 3
[230, 250, 270, 290, 310, 330, 350] [30, 30, 30, 30, 30, 30, 30] [211, 49] 7 3
[210, 230, 250, 270, 290, 310, 330] [30, 30, 30, 30, 30, 30, 30] [211, 49] 7 3
[190, 210, 230, 250, 270, 290, 310, 330] [30, 30, 30, 30, 30, 30, 30, 30] [51, 275] 8 3
[170, 190, 210, 230, 250, 270, 290, 310] [30, 30, 30, 30, 30, 30, 30, 30] [51, 275] 8 3
[150, 170, 190, 210, 230, 250, 270, 290] [30, 30, 30, 30, 30, 30, 30, 30] [51, 275] 8 3
[130, 150, 170, 190, 210, 230, 250, 270] [30, 30, 30, 30, 30, 30, 30, 30] [51, 275] 8 3
[110, 130, 150, 170, 190, 210, 230, 250] [30, 30, 30, 30, 30, 30, 30, 30] [51, 275] 8 3
[90, 110, 130, 150, 170, 190, 210, 230] [30, 30, 30, 30, 30, 30, 30, 30] [51, 275] 8 3
[70, 90, 110, 130, 150, 170, 190, 210] [30, 30, 30, 30, 30, 30, 30, 30] [51, 275] 8 3
[50, 70, 90, 110, 130, 150, 170, 190] [30, 30, 30, 30, 30, 30, 30, 30] [51, 275] 8 3
[50, 50, 70, 90, 110, 130, 150, 170] [50, 30, 30, 30, 30, 30, 30, 30] [51, 275] 8 0
[50, 50, 50, 70, 90, 110, 130, 150] [70, 50, 30, 30, 30, 30, 30, 30] [51, 275] 8 0
[50, 50, 50, 50, 70, 90, 110, 130] [90, 70, 50, 30, 30, 30, 30, 30] [51, 275] 8 0
[50, 50, 50, 50, 50, 70, 90, 110] [110, 90, 70, 50, 30, 30, 30, 30] [51, 275] 8 0
[50, 50, 50, 50, 50, 50, 70, 90] [130, 110, 90, 70, 50, 30, 30, 30] [51, 275] 8 0
[50, 50, 50, 50, 50, 50, 50, 70] [150, 130, 110, 90, 70, 50, 30, 30] [51, 275] 8 0
[50, 50, 50, 50, 50, 50, 50, 50] [170, 150, 130, 110, 90, 70, 50, 30] [51, 275] 8 0
[50, 50, 50, 50, 50, 50, 50, 50] [190, 170, 150, 130, 110, 90, 70, 50] [51, 275] 8 0
[50, 50, 50, 50, 50, 50, 50, 50] [210, 190, 170, 150, 130, 110, 90, 70] [51, 275] 8 0
[50, 50, 50, 50, 50, 50, 50, 50] [230, 210, 190, 170, 150, 130, 110, 90] [51, 275] 8 0
[50, 50, 50, 50, 50, 50, 50, 50] [250, 230, 210, 190, 170, 150, 130, 110] [51, 275] 8 0
[50, 50, 50, 50, 50, 50, 50, 50] [270, 250, 230, 210, 190, 170, 150, 130] [51, 275] 8 0
[50, 50, 50, 50, 50, 50, 50, 50, 50] [290, 270, 250, 230, 210, 190, 170, 150, 130] [20, 386] 9 0
[50, 50, 50, 50, 50, 50, 50, 50, 50] [310, 290, 270, 250, 230, 210, 190, 170, 150] [20, 386] 9 0
[50, 50, 50, 50, 50, 50, 50, 50, 50] [330, 310, 290, 270, 250, 230, 210, 190, 170] [20, 386] 9 0
[50, 50, 50, 50, 50, 50, 50, 50, 50] [350, 330, 310, 290, 270, 250, 230, 210, 190] [20, 386] 9 0
[50, 50, 50, 50, 50, 50, 50, 50, 50] [370, 350, 330, 310, 290, 270, 250, 230, 210] [20, 386] 9 0
[30, 50, 50, 50, 50, 50, 50, 50, 50] [370, 370, 350, 330, 310, 290, 270, 250, 230] [20, 386] 9 3
[30, 30, 50, 50, 50, 50, 50, 50, 50] [390, 370, 370, 350, 330, 310, 290, 270, 250] [20, 386] 9 0
[10, 30, 30, 50, 50, 50, 50, 50, 50] [390, 390, 370, 370, 350, 330, 310, 290, 270] [20, 386] 9 3
[10, 10, 30, 30, 50, 50, 50, 50, 50, 50] [370, 390, 390, 370, 370, 350, 330, 310, 290, 270] [391, 485] 10 2
[10, 10, 10, 30, 30, 50, 50, 50, 50, 50] [350, 370, 390, 390, 370, 370, 350, 330, 310, 290] [391, 485] 10 2
[10, 10, 10, 10, 30, 30, 50, 50, 50, 50] [330, 350, 370, 390, 390, 370, 370, 350, 330, 310] [391, 485] 10 2
[10, 10, 10, 10, 10, 30, 30, 50, 50, 50] [310, 330, 350, 370, 390, 390, 370, 370, 350, 330] [391, 485] 10 2
[10, 10, 10, 10, 10, 10, 30, 30, 50, 50] [290, 310, 330, 350, 370, 390, 390, 370, 370, 350] [391, 485] 10 2
[30, 10, 10, 10, 10, 10, 10, 30, 30, 50] [290, 290, 310, 330, 350, 370, 390, 390, 370, 370] [391, 485] 10 1
[50, 30, 10, 10, 10, 10, 10, 10, 30, 30] [290, 290, 290, 310, 330, 350, 370, 390, 390, 370] [391, 485] 10 1
[70, 50, 30, 10, 10, 10, 10, 10, 10, 30] [290, 290, 290, 290, 310, 330, 350, 370, 390, 390] [391, 485] 10 1
[90, 70, 50, 30, 10, 10, 10, 10, 10, 10] [290, 290, 290, 290, 290, 310, 330, 350, 370, 390] [391, 485] 10 1
[110, 90, 70, 50, 30, 10, 10, 10, 10, 10] [290, 290, 290, 290, 290, 290, 310, 330, 350, 370] [391, 485] 10 1
[130, 110, 90, 70, 50, 30, 10, 10, 10, 10] [290, 290, 290, 290, 290, 290, 290, 310, 330, 350] [391, 485] 10 1
[150, 130, 110, 90, 70, 50, 30, 10, 10, 10] [290, 290, 290, 290, 290, 290, 290, 290, 310, 330] [391, 485] 10 1
[170, 150, 130, 110, 90, 70, 50, 30, 10, 10] [290, 290, 290, 290, 290, 290, 290, 290, 290, 310] [391, 485] 10 1
[190, 170, 150, 130, 110, 90, 70, 50, 30, 10] [290, 290, 290, 290, 290, 290, 290, 290, 290, 290] [391, 485] 10 1
[210, 190, 170, 150, 130, 110, 90, 70, 50, 30] [290, 290, 290, 290, 290, 290, 290, 290, 290, 290] [391, 485] 10 1
[230, 210, 190, 170, 150, 130, 110, 90, 70, 50] [290, 290, 290, 290, 290, 290, 290, 290, 290, 290] [391, 485] 10 1
[250, 230, 210, 190, 170, 150, 130, 110, 90, 70] [290, 290, 290, 290, 290, 290, 290, 290, 290, 290] [391, 485] 10 1
[270, 250, 230, 210, 190, 170, 150, 130, 110, 90] [290, 290, 290, 290, 290, 290, 290, 290, 290, 290] [391, 485] 10 1
[290, 270, 250, 230, 210, 190, 170, 150, 130, 110] [290, 290, 290, 290, 290, 290, 290, 290, 290, 290] [391, 485] 10 1
[310, 290, 270, 250, 230, 210, 190, 170, 150, 130] [290, 290, 290, 290, 290, 290, 290, 290, 290, 290] [391, 485] 10 1
[330, 310, 290, 270, 250, 230, 210, 190, 170, 150] [290, 290, 290, 290, 290, 290, 290, 290, 290, 290] [391, 485] 10 1
[350, 330, 310, 290, 270, 250, 230, 210, 190, 170] [290, 290, 290, 290, 290, 290, 290, 290, 290, 290] [391, 485] 10 1
[370, 350, 330, 310, 290, 270, 250, 230, 210, 190] [290, 290, 290, 290, 290, 290, 290, 290, 290, 290] [391, 485] 10 1
[390, 370, 350, 330, 310, 290, 270, 250, 230, 210] [290, 290, 290, 290, 290, 290, 290, 290, 290, 290] [391, 485] 10 1
[390, 390, 370, 350, 330, 310, 290, 270, 250, 230] [310, 290, 290, 290, 290, 290, 290, 290, 290, 290] [391, 485] 10 0
[390, 390, 390, 370, 350, 330, 310, 290, 270, 250] [330, 310, 290, 290, 290, 290, 290, 290, 290, 290] [391, 485] 10 0
[390, 390, 390, 390, 370, 350, 330, 310, 290, 270] [350, 330, 310, 290, 290, 290, 290, 290, 290, 290] [391, 485] 10 0
[390, 390, 390, 390, 390, 370, 350, 330, 310, 290] [370, 350, 330, 310, 290, 290, 290, 290, 290, 290] [391, 485] 10 0
[390, 390, 390, 390, 390, 390, 370, 350, 330, 310] [390, 370, 350, 330, 310, 290, 290, 290, 290, 290] [391, 485] 10 0
[390, 390, 390, 390, 390, 390, 390, 370, 350, 330] [410, 390, 370, 350, 330, 310, 290, 290, 290, 290] [391, 485] 10 0
[390, 390, 390, 390, 390, 390, 390, 390, 370, 350] [430, 410, 390, 370, 350, 330, 310, 290, 290, 290] [391, 485] 10 0
[390, 390, 390, 390, 390, 390, 390, 390, 390, 370] [450, 430, 410, 390, 370, 350, 330, 310, 290, 290] [391, 485] 10 0
[390, 390, 390, 390, 390, 390, 390, 390, 390, 390] [470, 450, 430, 410, 390, 370, 350, 330, 310, 290] [391, 485] 10 0
[390, 390, 390, 390, 390, 390, 390, 390, 390, 390, 390] [490, 470, 450, 430, 410, 390, 370, 350, 330, 310, 290] [278, 557] 11 0
[390, 390, 390, 390, 390, 390, 390, 390, 390, 390, 390] [510, 490, 470, 450, 430, 410, 390, 370, 350, 330, 310] [278, 557] 11 0
[390, 390, 390, 390, 390, 390, 390, 390, 390, 390, 390] [530, 510, 490, 470, 450, 430, 410, 390, 370, 350, 330] [278, 557] 11 0
[390, 390, 390, 390, 390, 390, 390, 390, 390, 390, 390] [550, 530, 510, 490, 470, 450, 430, 410, 390, 370, 350] [278, 557] 11 0
[370, 390, 390, 390, 390, 390, 390, 390, 390, 390, 390] [550, 550, 530, 510, 490, 470, 450, 430, 410, 390, 370] [278, 557] 11 3
[350, 370, 390, 390, 390, 390, 390, 390, 390, 390, 390] [550, 550, 550, 530, 510, 490, 470, 450, 430, 410, 390] [278, 557] 11 3
[330, 350, 370, 390, 390, 390, 390, 390, 390, 390, 390] [550, 550, 550, 550, 530, 510, 490, 470, 450, 430, 410] [278, 557] 11 3
[310, 330, 350, 370, 390, 390, 390, 390, 390, 390, 390] [550, 550, 550, 550, 550, 530, 510, 490, 470, 450, 430] [278, 557] 11 3
[290, 310, 330, 350, 370, 390, 390, 390, 390, 390, 390] [550, 550, 550, 550, 550, 550, 530, 510, 490, 470, 450] [278, 557] 11 3
[270, 290, 310, 330, 350, 370, 390, 390, 390, 390, 390] [550, 550, 550, 550, 550, 550, 550, 530, 510, 490, 470] [278, 557] 11 3
[250, 270, 290, 310, 330, 350, 370, 390, 390, 390, 390, 390] [550, 550, 550, 550, 550, 550, 550, 550, 530, 510, 490, 470] [252, 102] 12 3
[250, 250, 270, 290, 310, 330, 350, 370, 390, 390, 390, 390] [530, 550, 550, 550, 550, 550, 550, 550, 550, 530, 510, 490] [252, 102] 12 2
[250, 250, 250, 270, 290, 310, 330, 350, 370, 390, 390, 390] [510, 530, 550, 550, 550, 550, 550, 550, 550, 550, 530, 510] [252, 102] 12 2
[250, 250, 250, 250, 270, 290, 310, 330, 350, 370, 390, 390] [490, 510, 530, 550, 550, 550, 550, 550, 550, 550, 550, 530] [252, 102] 12 2
[250, 250, 250, 250, 250, 270, 290, 310, 330, 350, 370, 390] [470, 490, 510, 530, 550, 550, 550, 550, 550, 550, 550, 550] [252, 102] 12 2
[250, 250, 250, 250, 250, 250, 270, 290, 310, 330, 350, 370] [450, 470, 490, 510, 530, 550, 550, 550, 550, 550, 550, 550] [252, 102] 12 2
[250, 250, 250, 250, 250, 250, 250, 270, 290, 310, 330, 350] [430, 450, 470, 490, 510, 530, 550, 550, 550, 550, 550, 550] [252, 102] 12 2
[250, 250, 250, 250, 250, 250, 250, 250, 270, 290, 310, 330] [410, 430, 450, 470, 490, 510, 530, 550, 550, 550, 550, 550] [252, 102] 12 2
[250, 250, 250, 250, 250, 250, 250, 250, 250, 270, 290, 310] [390, 410, 430, 450, 470, 490, 510, 530, 550, 550, 550, 550] [252, 102] 12 2
[250, 250, 250, 250, 250, 250, 250, 250, 250, 250, 270, 290] [370, 390, 410, 430, 450, 470, 490, 510, 530, 550, 550, 550] [252, 102] 12 2
[250, 250, 250, 250, 250, 250, 250, 250, 250, 250, 250, 270] [350, 370, 390, 410, 430, 450, 470, 490, 510, 530, 550, 550] [252, 102] 12 2
[250, 250, 250, 250, 250, 250, 250, 250, 250, 250, 250, 250] [330, 350, 370, 390, 410, 430, 450, 470, 490, 510, 530, 550] [252, 102] 12 2
[250, 250, 250, 250, 250, 250, 250, 250, 250, 250, 250, 250] [310, 330, 350, 370, 390, 410, 430, 450, 470, 490, 510, 530] [252, 102] 12 2
[250, 250, 250, 250, 250, 250, 250, 250, 250, 250, 250, 250] [290, 310, 330, 350, 370, 390, 410, 430, 450, 470, 490, 510] [252, 102] 12 2
[250, 250, 250, 250, 250, 250, 250, 250, 250, 250, 250, 250] [270, 290, 310, 330, 350, 370, 390, 410, 430, 450, 470, 490] [252, 102] 12 2
[250, 250, 250, 250, 250, 250, 250, 250, 250, 250, 250, 250] [250, 270, 290, 310, 330, 350, 370, 390, 410, 430, 450, 470] [252, 102] 12 2
[250, 250, 250, 250, 250, 250, 250, 250, 250, 250, 250, 250] [230, 250, 270, 290, 310, 330, 350, 370, 390, 410, 430, 450] [252, 102] 12 2
[250, 250, 250, 250, 250, 250, 250, 250, 250, 250, 250, 250] [210, 230, 250, 270, 290, 310, 330, 350, 370, 390, 410, 430] [252, 102] 12 2
[250, 250, 250, 250, 250, 250, 250, 250, 250, 250, 250, 250] [190, 210, 230, 250, 270, 290, 310, 330, 350, 370, 390, 410] [252, 102] 12 2
[250, 250, 250, 250, 250, 250, 250, 250, 250, 250, 250, 250] [170, 190, 210, 230, 250, 270, 290, 310, 330, 350, 370, 390] [252, 102] 12 2
[250, 250, 250, 250, 250, 250, 250, 250, 250, 250, 250, 250] [150, 170, 190, 210, 230, 250, 270, 290, 310, 330, 350, 370] [252, 102] 12 2
[250, 250, 250, 250, 250, 250, 250, 250, 250, 250, 250, 250] [130, 150, 170, 190, 210, 230, 250, 270, 290, 310, 330, 350] [252, 102] 12 2
[250, 250, 250, 250, 250, 250, 250, 250, 250, 250, 250, 250] [110, 130, 150, 170, 190, 210, 230, 250, 270, 290, 310, 330] [252, 102] 12 2
[250, 250, 250, 250, 250, 250, 250, 250, 250, 250, 250, 250, 250] [90, 110, 130, 150, 170, 190, 210, 230, 250, 270, 290, 310, 330] [92, 148] 13 2
[230, 250, 250, 250, 250, 250, 250, 250, 250, 250, 250, 250, 250] [90, 90, 110, 130, 150, 170, 190, 210, 230, 250, 270, 290, 310] [92, 148] 13 3
[210, 230, 250, 250, 250, 250, 250, 250, 250, 250, 250, 250, 250] [90, 90, 90, 110, 130, 150, 170, 190, 210, 230, 250, 270, 290] [92, 148] 13 3
[190, 210, 230, 250, 250, 250, 250, 250, 250, 250, 250, 250, 250] [90, 90, 90, 90, 110, 130, 150, 170, 190, 210, 230, 250, 270] [92, 148] 13 3
[170, 190, 210, 230, 250, 250, 250, 250, 250, 250, 250, 250, 250] [90, 90, 90, 90, 90, 110, 130, 150, 170, 190, 210, 230, 250] [92, 148] 13 3
[150, 170, 190, 210, 230, 250, 250, 250, 250, 250, 250, 250, 250] [90, 90, 90, 90, 90, 90, 110, 130, 150, 170, 190, 210, 230] [92, 148] 13 3
[130, 150, 170, 190, 210, 230, 250, 250, 250, 250, 250, 250, 250] [90, 90, 90, 90, 90, 90, 90, 110, 130, 150, 170, 190, 210] [92, 148] 13 3
[110, 130, 150, 170, 190, 210, 230, 250, 250, 250, 250, 250, 250] [90, 90, 90, 90, 90, 90, 90, 90, 110, 130, 150, 170, 190] [92, 148] 13 3
[90, 110, 130, 150, 170, 190, 210, 230, 250, 250, 250, 250, 250] [90, 90, 90, 90, 90, 90, 90, 90, 90, 110, 130, 150, 170] [92, 148] 13 3
[90, 90, 110, 130, 150, 170, 190, 210, 230, 250, 250, 250, 250] [110, 90, 90, 90, 90, 90, 90, 90, 90, 90, 110, 130, 150] [92, 148] 13 0
[90, 90, 90, 110, 130, 150, 170, 190, 210, 230, 250, 250, 250] [130, 110, 90, 90, 90, 90, 90, 90, 90, 90, 90, 110, 130] [92, 148] 13 0
[90, 90, 90, 90, 110, 130, 150, 170, 190, 210, 230, 250, 250, 250] [150, 130, 110, 90, 90, 90, 90, 90, 90, 90, 90, 90, 110, 130] [243, 504] 14 0
[90, 90, 90, 90, 90, 110, 130, 150, 170, 190, 210, 230, 250, 250] [170, 150, 130, 110, 90, 90, 90, 90, 90, 90, 90, 90, 90, 110] [243, 504] 14 0
[90, 90, 90, 90, 90, 90, 110, 130, 150, 170, 190, 210, 230, 250] [190, 170, 150, 130, 110, 90, 90, 90, 90, 90, 90, 90, 90, 90] [243, 504] 14 0
[90, 90, 90, 90, 90, 90, 90, 110, 130, 150, 170, 190, 210, 230] [210, 190, 170, 150, 130, 110, 90, 90, 90, 90, 90, 90, 90, 90] [243, 504] 14 0
[90, 90, 90, 90, 90, 90, 90, 90, 110, 130, 150, 170, 190, 210] [230, 210, 190, 170, 150, 130, 110, 90, 90, 90, 90, 90, 90, 90] [243, 504] 14 0
[90, 90, 90, 90, 90, 90, 90, 90, 90, 110, 130, 150, 170, 190] [250, 230, 210, 190, 170, 150, 130, 110, 90, 90, 90, 90, 90, 90] [243, 504] 14 0
[90, 90, 90, 90, 90, 90, 90, 90, 90, 90, 110, 130, 150, 170] [270, 250, 230, 210, 190, 170, 150, 130, 110, 90, 90, 90, 90, 90] [243, 504] 14 0
[90, 90, 90, 90, 90, 90, 90, 90, 90, 90, 90, 110, 130, 150] [290, 270, 250, 230, 210, 190, 170, 150, 130, 110, 90, 90, 90, 90] [243, 504] 14 0
[90, 90, 90, 90, 90, 90, 90, 90, 90, 90, 90, 90, 110, 130] [310, 290, 270, 250, 230, 210, 190, 170, 150, 130, 110, 90, 90, 90] [243, 504] 14 0
[90, 90, 90, 90, 90, 90, 90, 90, 90, 90, 90, 90, 90, 110] [330, 310, 290, 270, 250, 230, 210, 190, 170, 150, 130, 110, 90, 90] [243, 504] 14 0
[90, 90, 90, 90, 90, 90, 90, 90, 90, 90, 90, 90, 90, 90] [350, 330, 310, 290, 270, 250, 230, 210, 190, 170, 150, 130, 110, 90] [243, 504] 14 0
[90, 90, 90, 90, 90, 90, 90, 90, 90, 90, 90, 90, 90, 90] [370, 350, 330, 310, 290, 270, 250, 230, 210, 190, 170, 150, 130, 110] [243, 504] 14 0
[90, 90, 90, 90, 90, 90, 90, 90, 90, 90, 90, 90, 90, 90] [390, 370, 350, 330, 310, 290, 270, 250, 230, 210, 190, 170, 150, 130] [243, 504] 14 0
[90, 90, 90, 90, 90, 90, 90, 90, 90, 90, 90, 90, 90, 90] [410, 390, 370, 350, 330, 310, 290, 270, 250, 230, 210, 190, 170, 150] [243, 504] 14 0
[90, 90, 90, 90, 90, 90, 90, 90, 90, 90, 90, 90, 90, 90] [430, 410, 390, 370, 350, 330, 310, 290, 270, 250, 230, 210, 190, 170] [243, 504] 14 0
[90, 90, 90, 90, 90, 90, 90, 90, 90, 90, 90, 90, 90, 90] [450, 430, 410, 390, 370, 350, 330, 310, 290, 270, 250, 230, 210, 190] [243, 504] 14 0
[90, 90, 90, 90, 90, 90, 90, 90, 90, 90, 90, 90, 90, 90] [470, 450, 430, 410, 390, 370, 350, 330, 310, 290, 270, 250, 230, 210] [243, 504] 14 0
[90, 90, 90, 90, 90, 90, 90, 90, 90, 90, 90, 90, 90, 90] [490, 470, 450, 430, 410, 390, 370, 350, 330, 310, 290, 270, 250, 230] [243, 504] 14 0
[110, 90, 90, 90, 90, 90, 90, 90, 90, 90, 90, 90, 90, 90] [490, 490, 470, 450, 430, 410, 390, 370, 350, 330, 310, 290, 270, 250] [243, 504] 14 1
[130, 110, 90, 90, 90, 90, 90, 90, 90, 90, 90, 90, 90, 90] [490, 490, 490, 470, 450, 430, 410, 390, 370, 350, 330, 310, 290, 270] [243, 504] 14 1
[150, 130, 110, 90, 90, 90, 90, 90, 90, 90, 90, 90, 90, 90] [490, 490, 490, 490, 470, 450, 430, 410, 390, 370, 350, 330, 310, 290] [243, 504] 14 1
[170, 150, 130, 110, 90, 90, 90, 90, 90, 90, 90, 90, 90, 90] [490, 490, 490, 490, 490, 470, 450, 430, 410, 390, 370, 350, 330, 310] [243, 504] 14 1
[190, 170, 150, 130, 110, 90, 90, 90, 90, 90, 90, 90, 90, 90] [490, 490, 490, 490, 490, 490, 470, 450, 430, 410, 390, 370, 350, 330] [243, 504] 14 1
[210, 190, 170, 150, 130, 110, 90, 90, 90, 90, 90, 90, 90, 90] [490, 490, 490, 490, 490, 490, 490, 470, 450, 430, 410, 390, 370, 350] [243, 504] 14 1
[230, 210, 190, 170, 150, 130, 110, 90, 90, 90, 90, 90, 90, 90] [490, 490, 490, 490, 490, 490, 490, 490, 470, 450, 430, 410, 390, 370] [243, 504] 14 1
