[290, 290, 290, 290, 290] [290, 270, 250, 230, 210] [496, 383] 5 0
[290, 290, 290, 290, 290] [310, 290, 270, 250, 230] [496, 383] 5 0
[290, 290, 290, 290, 290] [330, 310, 290, 270, 250] [496, 383] 5 0
[290, 290, 290, 290, 290] [350, 330, 310, 290, 270] [496, 383] 5 0
[290, 290, 290, 290, 290] [370, 350, 330, 310, 290] [496, 383] 5 0
[310, 290, 290, 290, 290] [370, 370, 350, 330, 310] [496, 383] 5 1
[330, 310, 290, 290, 290] [370, 370, 370, 350, 330] [496, 383] 5 1
[350, 330, 310, 290, 290] [370, 370, 370, 370, 350] [496, 383] 5 1
[370, 350, 330, 310, 290] [370, 370, 370, 370, 370] [496, 383] 5 1
[390, 370, 350, 330, 310] [370, 370, 370, 370, 370] [496, 383] 5 1
[410, 390, 370, 350, 330] [370, 370, 370, 370, 370] [496, 383] 5 1
[430, 410, 390, 370, 350] [370, 370, 370, 370, 370] [496, 383] 5 1
[450, 430, 410, 390, 370] [370, 370, 370, 370, 370] [496, 383] 5 1
[470, 450, 430, 410, 390] [370, 370, 370, 370, 370] [496, 383] 5 1
[490, 470, 450, 430, 410] [370, 370, 370, 370, 370] [496, 383] 5 1
[510, 490, 470, 450, 430, 410] [370, 370, 370, 370, 370, 370] [281, 438] 6 1
[510, 510, 490, 470, 450, 430] [390, 370, 370, 370, 370, 370] [281, 438] 6 0
[510, 510, 510, 490, 470, 450] [410, 390, 370, 370, 370, 370] [281, 438] 6 0
[510, 510, 510, 510, 490, 470] [430, 410, 390, 370, 370, 370] [281, 438] 6 0
[490, 510, 510, 510, 510, 490] [430, 430, 410, 390, 370, 370] [281, 438] 6 3
[470, 490, 510, 510, 510, 510] [430, 430, 430, 410, 390, 370] [281, 438] 6 3
[450, 470, 490, 510, 510, 510] [430, 430, 430, 430, 410, 390] [281, 438] 6 3
[430, 450, 470, 490, 510, 510] [430, 430, 430, 430, 430, 410] [281, 438] 6 3
[410, 430, 450, 470, 490, 510] [430, 430, 430, 430, 430, 430] [281, 438] 6 3
[390, 410, 430, 450, 470, 490] [430, 430, 430, 430, 430, 430] [281, 438] 6 3
[370, 390, 410, 430, 450, 470] [430, 430, 430, 430, 430, 430] [281, 438] 6 3
[350, 370, 390, 410, 430, 450] [430, 430, 430, 430, 430, 430] [281, 438] 6 3
[330, 350, 370, 390, 410, 430] [430, 430, 430, 430, 430, 430] [281, 438] 6 3
[310, 330, 350, 370, 390, 410] [430, 430, 430, 430, 430, 430] [281, 438] 6 3
[290, 310, 330, 350, 370, 390] [430, 430, 430, 430, 430, 430] [281, 438] 6 3
[270, 290, 310, 330, 350, 370, 390] [430, 430, 430, 430, 430, 430, 430] [228, 408] 7 3
[250, 270, 290, 310, 330, 350, 370] [430, 430, 430, 430, 430, 430, 430] [228, 408] 7 3
[230, 250, 270, 290, 310, 330, 350] [430, 430, 430, 430, 430, 430, 430] [228, 408] 7 3
[230, 230, 250, 270, 290, 310, 330] [410, 430, 430, 430, 430, 430, 430] [228, 408] 7 2
[230, 230, 230, 250, 270, 290, 310, 330] [390, 410, 430, 430, 430, 430, 430, 430] [72, 104] 8 2
[230, 230, 230, 230, 250, 270, 290, 310] [370, 390, 410, 430, 430, 430, 430, 430] [72, 104] 8 2
[230, 230, 230, 230, 230, 250, 270, 290] [350, 370, 390, 410, 430, 430, 430, 430] [72, 104] 8 2
[230, 230, 230, 230, 230, 230, 250, 270] [330, 350, 370, 390, 410, 430, 430, 430] [72, 104] 8 2
[230, 230, 230, 230, 230, 230, 230, 250] [310, 330, 350, 370, 390, 410, 430, 430] [72, 104] 8 2
[230, 230, 230, 230, 230, 230, 230, 230] [290, 310, 330, 350, 370, 390, 410, 430] [72, 104] 8 2
[230, 230, 230, 230, 230, 230, 230, 230] [270, 290, 310, 330, 350, 370, 390, 410] [72, 104] 8 2
[230, 230, 230, 230, 230, 230, 230, 230] [250, 270, 290, 310, 330, 350, 370, 390] [72, 104] 8 2
[230, 230, 230, 230, 230, 230, 230, 230] [230, 250, 270, 290, 310, 330, 350, 370] [72, 104] 8 2
[230, 230, 230, 230, 230, 230, 230, 230] [210, 230, 250, 270, 290, 310, 330, 350] [72, 104] 8 2
[230, 230, 230, 230, 230, 230, 230, 230] [190, 210, 230, 250, 270, 290, 310, 330] [72, 104] 8 2
[230, 230, 230, 230, 230, 230, 230, 230] [170, 190, 210, 230, 250, 270, 290, 310] [72, 104] 8 2
[230, 230, 230, 230, 230, 230, 230, 230] [150, 170, 190, 210, 230, 250, 270, 290] [72, 104] 8 2
[230, 230, 230, 230, 230, 230, 230, 230] [130, 150, 170, 190, 210, 230, 250, 270] [72, 104] 8 2
[230, 230, 230, 230, 230, 230, 230, 230] [110, 130, 150, 170, 190, 210, 230, 250] [72, 104] 8 2
[210, 230, 230, 230, 230, 230, 230, 230] [110, 110, 130, 150, 170, 190, 210, 230] [72, 104] 8 3
[190, 210, 230, 230, 230, 230, 230, 230] [110, 110, 110, 130, 150, 170, 190, 210] [72, 104] 8 3
[170, 190, 210, 230, 230, 230, 230, 230] [110, 110, 110, 110, 130, 150, 170, 190] [72, 104] 8 3
[150, 170, 190, 210, 230, 230, 230, 230] [110, 110, 110, 110, 110, 130, 150, 170] [72, 104] 8 3
[130, 150, 170, 190, 210, 230, 230, 230] [110, 110, 110, 110, 110, 110, 130, 150] [72, 104] 8 3
[110, 130, 150, 170, 190, 210, 230, 230] [110, 110, 110, 110, 110, 110, 110, 130] [72, 104] 8 3
[90, 110, 130, 150, 170, 190, 210, 230] [110, 110, 110, 110, 110, 110, 110, 110] [72, 104] 8 3
[70, 90, 110, 130, 150, 170, 190, 210] [110, 110, 110, 110, 110, 110, 110, 110] [72, 104] 8 3
[50, 70, 90, 110, 130, 150, 170, 190, 210] [110, 110, 110, 110, 110, 110, 110, 110, 110] [124, 229] 9 3
[50, 50, 70, 90, 110, 130, 150, 170, 190] [130, 110, 110, 110, 110, 110, 110, 110, 110] [124, 229] 9 0
[50, 50, 50, 70, 90, 110, 130, 150, 170] [150, 130, 110, 110, 110, 110, 110, 110, 110] [124, 229] 9 0
[50, 50, 50, 50, 70, 90, 110, 130, 150] [170, 150, 130, 110, 110, 110, 110, 110, 110] [124, 229] 9 0
[50, 50, 50, 50, 50, 70, 90, 110, 130] [190, 170, 150, 130, 110, 110, 110, 110, 110] [124, 229] 9 0
[50, 50, 50, 50, 50, 50, 70, 90, 110] [210, 190, 170, 150, 130, 110, 110, 110, 110] [124, 229] 9 0
[50, 50, 50, 50, 50, 50, 50, 70, 90] [230, 210, 190, 170, 150, 130, 110, 110, 110] [124, 229] 9 0
[70, 50, 50, 50, 50, 50, 50, 50, 70] [230, 230, 210, 190, 170, 150, 130, 110, 110] [124, 229] 9 1
[90, 70, 50, 50, 50, 50, 50, 50, 50] [230, 230, 230, 210, 190, 170, 150, 130, 110] [124, 229] 9 1
[110, 90, 70, 50, 50, 50, 50, 50, 50] [230, 230, 230, 230, 210, 190, 170, 150, 130] [124, 229] 9 1
[130, 110, 90, 70, 50, 50, 50, 50, 50, 50] [230, 230, 230, 230, 230, 210, 190, 170, 150, 130] [222, 176] 10 1
[150, 130, 110, 90, 70, 50, 50, 50, 50, 50] [230, 230, 230, 230, 230, 230, 210, 190, 170, 150] [222, 176] 10 1
[170, 150, 130, 110, 90, 70, 50, 50, 50, 50] [230, 230, 230, 230, 230, 230, 230, 210, 190, 170] [222, 176] 10 1
[190, 170, 150, 130, 110, 90, 70, 50, 50, 50] [230, 230, 230, 230, 230, 230, 230, 230, 210, 190] [222, 176] 10 1
[210, 190, 170, 150, 130, 110, 90, 70, 50, 50] [230, 230, 230, 230, 230, 230, 230, 230, 230, 210] [222, 176] 10 1
[210, 210, 190, 170, 150, 130, 110, 90, 70, 50] [210, 230, 230, 230, 230, 230, 230, 230, 230, 230] [222, 176] 10 2
[210, 210, 210, 190, 170, 150, 130, 110, 90, 70] [190, 210, 230, 230, 230, 230, 230, 230, 230, 230] [222, 176] 10 2
[210, 210, 210, 210, 190, 170, 150, 130, 110, 90] [170, 190, 210, 230, 230, 230, 230, 230, 230, 230] [222, 176] 10 2
[210, 210, 210, 210, 210, 190, 170, 150, 130, 110, 90] [150, 170, 190, 210, 230, 230, 230, 230, 230, 230, 230] [21, 349] 11 2
[190, 210, 210, 210, 210, 210, 190, 170, 150, 130, 110] [150, 150, 170, 190, 210, 230, 230, 230, 230, 230, 230] [21, 349] 11 3
[170, 190, 210, 210, 210, 210, 210, 190, 170, 150, 130] [150, 150, 150, 170, 190, 210, 230, 230, 230, 230, 230] [21, 349] 11 3
[150, 170, 190, 210, 210, 210, 210, 210, 190, 170, 150] [150, 150, 150, 150, 170, 190, 210, 230, 230, 230, 230] [21, 349] 11 3
[130, 150, 170, 190, 210, 210, 210, 210, 210, 190, 170] [150, 150, 150, 150, 150, 170, 190, 210, 230, 230, 230] [21, 349] 11 3
[110, 130, 150, 170, 190, 210, 210, 210, 210, 210, 190] [150, 150, 150, 150, 150, 150, 170, 190, 210, 230, 230] [21, 349] 11 3
[90, 110, 130, 150, 170, 190, 210, 210, 210, 210, 210] [150, 150, 150, 150, 150, 150, 150, 170, 190, 210, 230] [21, 349] 11 3
[70, 90, 110, 130, 150, 170, 190, 210, 210, 210, 210] [150, 150, 150, 150, 150, 150, 150, 150, 170, 190, 210] [21, 349] 11 3
[50, 70, 90, 110, 130, 150, 170, 190, 210, 210, 210] [150, 150, 150, 150, 150, 150, 150, 150, 150, 170, 190] [21, 349] 11 3
[30, 50, 70, 90, 110, 130, 150, 170, 190, 210, 210] [150, 150, 150, 150, 150, 150, 150, 150, 150, 150, 170] [21, 349] 11 3
[10, 30, 50, 70, 90, 110, 130, 150, 170, 190, 210] [150, 150, 150, 150, 150, 150, 150, 150, 150, 150, 150] [21, 349] 11 3
[10, 10, 30, 50, 70, 90, 110, 130, 150, 170, 190] [170, 150, 150, 150, 150, 150, 150, 150, 150, 150, 150] [21, 349] 11 0
[10, 10, 10, 30, 50, 70, 90, 110, 130, 150, 170] [190, 170, 150, 150, 150, 150, 150, 150, 150, 150, 150] [21, 349] 11 0
[10, 10, 10, 10, 30, 50, 70, 90, 110, 130, 150] [210, 190, 170, 150, 150, 150, 150, 150, 150, 150, 150] [21, 349] 11 0
[10, 10, 10, 10, 10, 30, 50, 70, 90, 110, 130] [230, 210, 190, 170, 150, 150, 150, 150, 150, 150, 150] [21, 349] 11 0
[10, 10, 10, 10, 10, 10, 30, 50, 70, 90, 110] [250, 230, 210, 190, 170, 150, 150, 150, 150, 150, 150] [21, 349] 11 0
[10, 10, 10, 10, 10, 10, 10, 30, 50, 70, 90] [270, 250, 230, 210, 190, 170, 150, 150, 150, 150, 150] [21, 349] 11 0
[10, 10, 10, 10, 10, 10, 10, 10, 30, 50, 70] [290, 270, 250, 230, 210, 190, 170, 150, 150, 150, 150] [21, 349] 11 0
[10, 10, 10, 10, 10, 10, 10, 10, 10, 30, 50] [310, 290, 270, 250, 230, 210, 190, 170, 150, 150, 150] [21, 349] 11 0
[10, 10, 10, 10, 10, 10, 10, 10, 10, 10, 30] [330, 310, 290, 270, 250, 230, 210, 190, 170, 150, 150] [21, 349] 11 0
[10, 10, 10, 10, 10, 10, 10, 10, 10, 10, 10, 30] [350, 330, 310, 290, 270, 250, 230, 210, 190, 170, 150, 150] [238, 523] 12 0
[10, 10, 10, 10, 10, 10, 10, 10, 10, 10, 10, 10] [370, 350, 330, 310, 290, 270, 250, 230, 210, 190, 170, 150] [238, 523] 12 0
[10, 10, 10, 10, 10, 10, 10, 10, 10, 10, 10, 10] [390, 370, 350, 330, 310, 290, 270, 250, 230, 210, 190, 170] [238, 523] 12 0
[10, 10, 10, 10, 10, 10, 10, 10, 10, 10, 10, 10] [410, 390, 370, 350, 330, 310, 290, 270, 250, 230, 210, 190] [238, 523] 12 0
[10, 10, 10, 10, 10, 10, 10, 10, 10, 10, 10, 10] [430, 410, 390, 370, 350, 330, 310, 290, 270, 250, 230, 210] [238, 523] 12 0
[10, 10, 10, 10, 10, 10, 10, 10, 10, 10, 10, 10] [450, 430, 410, 390, 370, 350, 330, 310, 290, 270, 250, 230] [238, 523] 12 0
[10, 10, 10, 10, 10, 10, 10, 10, 10, 10, 10, 10] [470, 450, 430, 410, 390, 370, 350, 330, 310, 290, 270, 250] [238, 523] 12 0
[10, 10, 10, 10, 10, 10, 10, 10, 10, 10, 10, 10] [490, 470, 450, 430, 410, 390, 370, 350, 330, 310, 290, 270] [238, 523] 12 0
[10, 10, 10, 10, 10, 10, 10, 10, 10, 10, 10, 10] [510, 490, 470, 450, 430, 410, 390, 370, 350, 330, 310, 290] [238, 523] 12 0
[30, 10, 10, 10, 10, 10, 10, 10, 10, 10, 10, 10] [510, 510, 490, 470, 450, 430, 410, 390, 370, 350, 330, 310] [238, 523] 12 1
[50, 30, 10, 10, 10, 10, 10, 10, 10, 10, 10, 10] [510, 510, 510, 490, 470, 450, 430, 410, 390, 370, 350, 330] [238, 523] 12 1
[70, 50, 30, 10, 10, 10, 10, 10, 10, 10, 10, 10] [510, 510, 510, 510, 490, 470, 450, 430, 410, 390, 370, 350] [238, 523] 12 1
[90, 70, 50, 30, 10, 10, 10, 10, 10, 10, 10, 10] [510, 510, 510, 510, 510, 490, 470, 450, 430, 410, 390, 370] [238, 523] 12 1
[110, 90, 70, 50, 30, 10, 10, 10, 10, 10, 10, 10] [510, 510, 510, 510, 510, 510, 490, 470, 450, 430, 410, 390] [238, 523] 12 1
[130, 110, 90, 70, 50, 30, 10, 10, 10, 10, 10, 10] [510, 510, 510, 510, 510, 510, 510, 490, 470, 450, 430, 410] [238, 523] 12 1
[150, 130, 110, 90, 70, 50, 30, 10, 10, 10, 10, 10] [510, 510, 510, 510, 510, 510, 510, 510, 490, 470, 450, 430] [238, 523] 12 1
[170, 150, 130, 110, 90, 70, 50, 30, 10, 10, 10, 10] [510, 510, 510, 510, 510, 510, 510, 510, 510, 490, 470, 450] [238, 523] 12 1
[190, 170, 150, 130, 110, 90, 70, 50, 30, 10, 10, 10] [510, 510, 510, 510, 510, 510, 510, 510, 510, 510, 490, 470] [238, 523] 12 1
[210, 190, 170, 150, 130, 110, 90, 70, 50, 30, 10, 10] [510, 510, 510, 510, 510, 510, 510, 510, 510, 510, 510, 490] [238, 523] 12 1
[230, 210, 190, 170, 150, 130, 110, 90, 70, 50, 30, 10] [510, 510, 510, 510, 510, 510, 510, 510, 510, 510, 510, 510] [238, 523] 12 1
[250, 230, 210, 190, 170, 150, 130, 110, 90, 70, 50, 30, 10] [510, 510, 510, 510, 510, 510, 510, 510, 510, 510, 510, 510, 510] [510, 251] 13 1
[270, 250, 230, 210, 190, 170, 150, 130, 110, 90, 70, 50, 30] [510, 510, 510, 510, 510, 510, 510, 510, 510, 510, 510, 510, 510] [510, 251] 13 1
[290, 270, 250, 230, 210, 190, 170, 150, 130, 110, 90, 70, 50] [510, 510, 510, 510, 510, 510, 510, 510, 510, 510, 510, 510, 510] [510, 251] 13 1
[310, 290, 270, 250, 230, 210, 190, 170, 150, 130, 110, 90, 70] [510, 510, 510, 510, 510, 510, 510, 510, 510, 510, 510, 510, 510] [510, 251] 13 1
[330, 310, 290, 270, 250, 230, 210, 190, 170, 150, 130, 110, 90] [510, 510, 510, 510, 510, 510, 510, 510, 510, 510, 510, 510, 510] [510, 251] 13 1
[350, 330, 310, 290, 270, 250, 230, 210, 190, 170, 150, 130, 110] [510, 510, 510, 510, 510, 510, 510, 510, 510, 510, 510, 510, 510] [510, 251] 13 1
[370, 350, 330, 310, 290, 270, 250, 230, 210, 190, 170, 150, 130] [510, 510, 510, 510, 510, 510, 510, 510, 510, 510, 510, 510, 510] [510, 251] 13 1
[390, 370, 350, 330, 310, 290, 270, 250, 230, 210, 190, 170, 150] [510, 510, 510, 510, 510, 510, 510, 510, 510, 510, 510, 510, 510] [510, 251] 13 1
[410, 390, 370, 350, 330, 310, 290, 270, 250, 230, 210, 190, 170] [510, 510, 510, 510, 510, 510, 510, 510, 510, 510, 510, 510, 510] [510, 251] 13 1
[430, 410, 390, 370, 350, 330, 310, 290, 270, 250, 230, 210, 190] [510, 510, 510, 510, 510, 510, 510, 510, 510, 510, 510, 510, 510] [510, 251] 13 1
[450, 430, 410, 390, 370, 350, 330, 310, 290, 270, 250, 230, 210] [510, 510, 510, 510, 510, 510, 510, 510, 510, 510, 510, 510, 510] [510, 251] 13 1
[470, 450, 430, 410, 390, 370, 350, 330, 310, 290, 270, 250, 230] [510, 510, 510, 510, 510, 510, 510, 510, 510, 510, 510, 510, 510] [510, 251] 13 1
[490, 470, 450, 430, 410, 390, 370, 350, 330, 310, 290, 270, 250] [510, 510, 510, 510, 510, 510, 510, 510, 510, 510, 510, 510, 510] [510, 251] 13 1
[510, 490, 470, 450, 430, 410, 390, 370, 350, 330, 310, 290, 270] [510, 510, 510, 510, 510, 510, 510, 510, 510, 510, 510, 510, 510] [510, 251] 13 1
[510, 510, 490, 470, 450, 430, 410, 390, 370, 350, 330, 310, 290] [490, 510, 510, 510, 510, 510, 510, 510, 510, 510, 510, 510, 510] [510, 251] 13 2
[510, 510, 510, 490, 470, 450, 430, 410, 390, 370, 350, 330, 310] [470, 490, 510, 510, 510, 510, 510, 510, 510, 510, 510, 510, 510] [510, 251] 13 2
[510, 510, 510, 510, 490, 470, 450, 430, 410, 390, 370, 350, 330] [450, 470, 490, 510, 510, 510, 510, 510, 510, 510, 510, 510, 510] [510, 251] 13 2
[510, 510, 510, 510, 510, 490, 470, 450, 430, 410, 390, 370, 350] [430, 450, 470, 490, 510, 510, 510, 510, 510, 510, 510, 510, 510] [510, 251] 13 2
[510, 510, 510, 510, 510, 510, 490, 470, 450, 430, 410, 390, 370] [410, 430, 450, 470, 490, 510, 510, 510, 510, 510, 510, 510, 510] [510, 251] 13 2
[510, 510, 510, 510, 510, 510, 510, 490, 470, 450, 430, 410, 390] [390, 410, 430, 450, 470, 490, 510, 510, 510, 510, 510, 510, 510] [510, 251] 13 2
[510, 510, 510, 510, 510, 510, 510, 510, 490, 470, 450, 430, 410] [370, 390, 410, 430, 450, 470, 490, 510, 510, 510, 510, 510, 510] [510, 251] 13 2
[510, 510, 510, 510, 510, 510, 510, 510, 510, 490, 470, 450, 430] [350, 370, 390, 410, 430, 450, 470, 490, 510, 510, 510, 510, 510] [510, 251] 13 2
[510, 510, 510, 510, 510, 510, 510, 510, 510, 510, 490, 470, 450] [330, 350, 370, 390, 410, 430, 450, 470, 490, 510, 510, 510, 510] [510, 251] 13 2
[510, 510, 510, 510, 510, 510, 510, 510, 510, 510, 510, 490, 470] [310, 330, 350, 370, 390, 410, 430, 450, 470, 490, 510, 510, 510] [510, 251] 13 2
[510, 510, 510, 510, 510, 510, 510, 510, 510, 510, 510, 510, 490] [290, 310, 330, 350, 370, 390, 410, 430, 450, 470, 490, 510, 510] [510, 251] 13 2
[510, 510, 510, 510, 510, 510, 510, 510, 510, 510, 510, 510, 510] [270, 290, 310, 330, 350, 370, 390, 410, 430, 450, 470, 490, 510] [510, 251] 13 2
[510, 510, 510, 510, 510, 510, 510, 510, 510, 510, 510, 510, 510] [250, 270, 290, 310, 330, 350, 370, 390, 410, 430, 450, 470, 490] [510, 251] 13 2
[510, 510, 510, 510, 510, 510, 510, 510, 510, 510, 510, 510, 510, 510] [230, 250, 270, 290, 310, 330, 350, 370, 390, 410, 430, 450, 470, 490] [397, 262] 14 2
[490, 510, 510, 510, 510, 510, 510, 510, 510, 510, 510, 510, 510, 510] [230, 230, 250, 270, 290, 310, 330, 350, 370, 390, 410, 430, 450, 470] [397, 262] 14 3
[470, 490, 510, 510, 510, 510, 510, 510, 510, 510, 510, 510, 510, 510] [230, 230, 230, 250, 270, 290, 310, 330, 350, 370, 390, 410, 430, 450] [397, 262] 14 3
[450, 470, 490, 510, 510, 510, 510, 510, 510, 510, 510, 510, 510, 510] [230, 230, 230, 230, 250, 270, 290, 310, 330, 350, 370, 390, 410, 430] [397, 262] 14 3
[430, 450, 470, 490, 510, 510, 510, 510, 510, 510, 510, 510, 510, 510] [230, 230, 230, 230, 230, 250, 270, 290, 310, 330, 350, 370, 390, 410] [397, 262] 14 3
[410, 430, 450, 470, 490, 510, 510, 510, 510, 510, 510, 510, 510, 510] [230, 230, 230, 230, 230, 230, 250, 270, 290, 310, 330, 350, 370, 390] [397, 262] 14 3
[390, 410, 430, 450, 470, 490, 510, 510, 510, 510, 510, 510, 510, 510] [230, 230, 230, 230, 230, 230, 230, 250, 270, 290, 310, 330, 350, 370] [397, 262] 14 3
[390, 390, 410, 430, 450, 470, 490, 510, 510, 510, 510, 510, 510, 510] [250, 230, 230, 230, 230, 230, 230, 230, 250, 270, 290, 310, 330, 350] [397, 262] 14 0
[390, 390, 390, 410, 430, 450, 470, 490, 510, 510, 510, 510, 510, 510, 510] [270, 250, 230, 230, 230, 230, 230, 230, 230, 250, 270, 290, 310, 330, 350] [440, 474] 15 0
[390, 390, 390, 390, 410, 430, 450, 470, 490, 510, 510, 510, 510, 510, 510] [290, 270, 250, 230, 230, 230, 230, 230, 230, 230, 250, 270, 290, 310, 330] [440, 474] 15 0
[390, 390, 390, 390, 390, 410, 430, 450, 470, 490, 510, 510, 510, 510, 510] [310, 290, 270, 250, 230, 230, 230, 230, 230, 230, 230, 250, 270, 290, 310] [440, 474] 15 0
[390, 390, 390, 390, 390, 390, 410, 430, 450, 470, 490, 510, 510, 510, 510] [330, 310, 290, 270, 250, 230, 230, 230, 230, 230, 230, 230, 250, 270, 290] [440, 474] 15 0
[390, 390, 390, 390, 390, 390, 390, 410, 430, 450, 470, 490, 510, 510, 510] [350, 330, 310, 290, 270, 250, 230, 230, 230, 230, 230, 230, 230, 250, 270] [440, 474] 15 0
[390, 390, 390, 390, 390, 390, 390, 390, 410, 430, 450, 470, 490, 510, 510] [370, 350, 330, 310, 290, 270, 250, 230, 230, 230, 230, 230, 230, 230, 250] [440, 474] 15 0
[390, 390, 390, 390, 390, 390, 390, 390, 390, 410, 430, 450, 470, 490, 510] [390, 370, 350, 330, 310, 290, 270, 250, 230, 230, 230, 230, 230, 230, 230] [440, 474] 15 0
[390, 390, 390, 390, 390, 390, 390, 390, 390, 390, 410, 430, 450, 470, 490] [410, 390, 370, 350, 330, 310, 290, 270, 250, 230, 230, 230, 230, 230, 230] [440, 474] 15 0
[390, 390, 390, 390, 390, 390, 390, 390, 390, 390, 390, 410, 430, 450, 470] [430, 410, 390, 370, 350, 330, 310, 290, 270, 250, 230, 230, 230, 230, 230] [440, 474] 15 0
[390, 390, 390, 390, 390, 390, 390, 390, 390, 390, 390, 390, 410, 430, 450] [450, 430, 410, 390, 370, 350, 330, 310, 290, 270, 250, 230, 230, 230, 230] [440, 474] 15 0
[390, 390, 390, 390, 390, 390, 390, 390, 390, 390, 390, 390, 390, 410, 430] [470, 450, 430, 410, 390, 370, 350, 330, 310, 290, 270, 250, 230, 230, 230] [440, 474] 15 0
[410, 390, 390, 390, 390, 390, 390, 390, 390, 390, 390, 390, 390, 390, 410] [470, 470, 450, 430, 410, 390, 370, 350, 330, 310, 290, 270, 250, 230, 230] [440, 474] 15 1
[430, 410, 390, 390, 390, 390, 390, 390, 390, 390, 390, 390, 390, 390, 390] [470, 470, 470, 450, 430, 410, 390, 370, 350, 330, 310, 290, 270, 250, 230] [440, 474] 15 1
