[290, 290, 290, 290, 290] [290, 270, 250, 230, 210] [564, 308] 5 0
[310, 290, 290, 290, 290] [290, 290, 270, 250, 230] [564, 308] 5 1
[330, 310, 290, 290, 290] [290, 290, 290, 270, 250] [564, 308] 5 1
[350, 330, 310, 290, 290] [290, 290, 290, 290, 270] [564, 308] 5 1
[370, 350, 330, 310, 290] [290, 290, 290, 290, 290] [564, 308] 5 1
[390, 370, 350, 330, 310] [290, 290, 290, 290, 290] [564, 308] 5 1
[410, 390, 370, 350, 330] [290, 290, 290, 290, 290] [564, 308] 5 1
[430, 410, 390, 370, 350] [290, 290, 290, 290, 290] [564, 308] 5 1
[450, 430, 410, 390, 370] [290, 290, 290, 290, 290] [564, 308] 5 1
[470, 450, 430, 410, 390] [290, 290, 290, 290, 290] [564, 308] 5 1
[490, 470, 450, 430, 410] [290, 290, 290, 290, 290] [564, 308] 5 1
[510, 490, 470, 450, 430] [290, 290, 290, 290, 290] [564, 308] 5 1
[530, 510, 490, 470, 450] [290, 290, 290, 290, 290] [564, 308] 5 1
[550, 530, 510, 490, 470] [290, 290, 290, 290, 290] [564, 308] 5 1
[550, 550, 530, 510, 490, 470] [310, 290, 290, 290, 290, 290] [65, 201] 6 0
[530, 550, 550, 530, 510, 490] [310, 310, 290, 290, 290, 290] [65, 201] 6 3
[510, 530, 550, 550, 530, 510] [310, 310, 310, 290, 290, 290] [65, 201] 6 3
[490, 510, 530, 550, 550, 530] [310, 310, 310, 310, 290, 290] [65, 201] 6 3
[470, 490, 510, 530, 550, 550] [310, 310, 310, 310, 310, 290] [65, 201] 6 3
[450, 470, 490, 510, 530, 550] [310, 310, 310, 310, 310, 310] [65, 201] 6 3
[430, 450, 470, 490, 510, 530] [310, 310, 310, 310, 310, 310] [65, 201] 6 3
[410, 430, 450, 470, 490, 510] [310, 310, 310, 310, 310, 310] [65, 201] 6 3
[390, 410, 430, 450, 470, 490] [310, 310, 310, 310, 310, 310] [65, 201] 6 3
[370, 390, 410, 430, 450, 470] [310, 310, 310, 310, 310, 310] [65, 201] 6 3
[350, 370, 390, 410, 430, 450] [310, 310, 310, 310, 310, 310] [65, 201] 6 3
[330, 350, 370, 390, 410, 430] [310, 310, 310, 310, 310, 310] [65, 201] 6 3
[310, 330, 350, 370, 390, 410] [310, 310, 310, 310, 310, 310] [65, 201] 6 3
[290, 310, 330, 350, 370, 390] [310, 310, 310, 310, 310, 310] [65, 201] 6 3
[270, 290, 310, 330, 350, 370] [310, 310, 310, 310, 310, 310] [65, 201] 6 3
[250, 270, 290, 310, 330, 350] [310, 310, 310, 310, 310, 310] [65, 201] 6 3
[230, 250, 270, 290, 310, 330] [310, 310, 310, 310, 310, 310] [65, 201] 6 3
[210, 230, 250, 270, 290, 310] [310, 310, 310, 310, 310, 310] [65, 201] 6 3
[190, 210, 230, 250, 270, 290] [310, 310, 310, 310, 310, 310] [65, 201] 6 3
[170, 190, 210, 230, 250, 270] [310, 310, 310, 310, 310, 310] [65, 201] 6 3
[150, 170, 190, 210, 230, 250] [310, 310, 310, 310, 310, 310] [65, 201] 6 3
[130, 150, 170, 190, 210, 230] [310, 310, 310, 310, 310, 310] [65, 201] 6 3
[110, 130, 150, 170, 190, 210] [310, 310, 310, 310, 310, 310] [65, 201] 6 3
[90, 110, 130, 150, 170, 190] [310, 310, 310, 310, 310, 310] [65, 201] 6 3
[70, 90, 110, 130, 150, 170] [310, 310, 310, 310, 310, 310] [65, 201] 6 3
[50, 70, 90, 110, 130, 150] [310, 310, 310, 310, 310, 310] [65, 201] 6 3
[50, 50, 70, 90, 110, 130] [290, 310, 310, 310, 310, 310] [65, 201] 6 2
[50, 50, 50, 70, 90, 110] [270, 290, 310, 310, 310, 310] [65, 201] 6 2
[50, 50, 50, 50, 70, 90] [250, 270, 290, 310, 310, 310] [65, 201] 6 2
[50, 50, 50, 50, 50, 70] [230, 250, 270, 290, 310, 310] [65, 201] 6 2
[50, 50, 50, 50, 50, 50] [210, 230, 250, 270, 290, 310] [65, 201] 6 2
[50, 50, 50, 50, 50, 50, 50] [190, 210, 230, 250, 270, 290, 310] [221, 156] 7 2
[50, 50, 50, 50, 50, 50, 50] [170, 190, 210, 230, 250, 270, 290] [221, 156] 7 2
[50, 50, 50, 50, 50, 50, 50] [150, 170, 190, 210, 230, 250, 270] [221, 156] 7 2
[70, 50, 50, 50, 50, 50, 50] [150, 150, 170, 190, 210, 230, 250] [221, 156] 7 1
[90, 70, 50, 50, 50, 50, 50] [150, 150, 150, 170, 190, 210, 230] [221, 156] 7 1
[110, 90, 70, 50, 50, 50, 50] [150, 150, 150, 150, 170, 190, 210] [221, 156] 7 1
[130, 110, 90, 70, 50, 50, 50] [150, 150, 150, 150, 150, 170, 190] [221, 156] 7 1
[150, 130, 110, 90, 70, 50, 50] [150, 150, 150, 150, 150, 150, 170] [221, 156] 7 1
[170, 150, 130, 110, 90, 70, 50] [150, 150, 150, 150, 150, 150, 150] [221, 156] 7 1
[190, 170, 150, 130, 110, 90, 70] [150, 150, 150, 150, 150, 150, 150] [221, 156] 7 1
[210, 190, 170, 150, 130, 110, 90] [150, 150, 150, 150, 150, 150, 150] [221, 156] 7 1
[230, 210, 190, 170, 150, 130, 110, 90] [150, 150, 150, 150, 150, 150, 150, 150] [96, 500] 8 1
[250, 230, 210, 190, 170, 150, 130, 110] [150, 150, 150, 150, 150, 150, 150, 150] [96, 500] 8 1
[250, 250, 230, 210, 190, 170, 150, 130] [170, 150, 150, 150, 150, 150, 150, 150] [96, 500] 8 0
[250, 250, 250, 230, 210, 190, 170, 150] [190, 170, 150, 150, 150, 150, 150, 150] [96, 500] 8 0
[250, 250, 250, 250, 230, 210, 190, 170] [210, 190, 170, 150, 150, 150, 150, 150] [96, 500] 8 0
[250, 250, 250, 250, 250, 230, 210, 190] [230, 210, 190, 170, 150, 150, 150, 150] [96, 500] 8 0
[250, 250, 250, 250, 250, 250, 230, 210] [250, 230, 210, 190, 170, 150, 150, 150] [96, 500] 8 0
[250, 250, 250, 250, 250, 250, 250, 230] [270, 250, 230, 210, 190, 170, 150, 150] [96, 500] 8 0
[250, 250, 250, 250, 250, 250, 250, 250] [290, 270, 250, 230, 210, 190, 170, 150] [96, 500] 8 0
[250, 250, 250, 250, 250, 250, 250, 250] [310, 290, 270, 250, 230, 210, 190, 170] [96, 500] 8 0
[250, 250, 250, 250, 250, 250, 250, 250] [330, 310, 290, 270, 250, 230, 210, 190] [96, 500] 8 0
[250, 250, 250, 250, 250, 250, 250, 250] [350, 330, 310, 290, 270, 250, 230, 210] [96, 500] 8 0
[250, 250, 250, 250, 250, 250, 250, 250] [370, 350, 330, 310, 290, 270, 250, 230] [96, 500] 8 0
[250, 250, 250, 250, 250, 250, 250, 250] [390, 370, 350, 330, 310, 290, 270, 250] [96, 500] 8 0
[250, 250, 250, 250, 250, 250, 250, 250] [410, 390, 370, 350, 330, 310, 290, 270] [96, 500] 8 0
[250, 250, 250, 250, 250, 250, 250, 250] [430, 410, 390, 370, 350, 330, 310, 290] [96, 500] 8 0
[250, 250, 250, 250, 250, 250, 250, 250] [450, 430, 410, 390, 370, 350, 330, 310] [96, 500] 8 0
[250, 250, 250, 250, 250, 250, 250, 250] [470, 450, 430, 410, 390, 370, 350, 330] [96, 500] 8 0
[250, 250, 250, 250, 250, 250, 250, 250] [490, 470, 450, 430, 410, 390, 370, 350] [96, 500] 8 0
[230, 250, 250, 250, 250, 250, 250, 250] [490, 490, 470, 450, 430, 410, 390, 370] [96, 500] 8 3
[210, 230, 250, 250, 250, 250, 250, 250] [490, 490, 490, 470, 450, 430, 410, 390] [96, 500] 8 3
[190, 210, 230, 250, 250, 250, 250, 250] [490, 490, 490, 490, 470, 450, 430, 410] [96, 500] 8 3
[170, 190, 210, 230, 250, 250, 250, 250] [490, 490, 490, 490, 490, 470, 450, 430] [96, 500] 8 3
[150, 170, 190, 210, 230, 250, 250, 250] [490, 490, 490, 490, 490, 490, 470, 450] [96, 500] 8 3
[130, 150, 170, 190, 210, 230, 250, 250] [490, 490, 490, 490, 490, 490, 490, 470] [96, 500] 8 3
[110, 130, 150, 170, 190, 210, 230, 250] [490, 490, 490, 490, 490, 490, 490, 490] [96, 500] 8 3
[90, 110, 130, 150, 170, 190, 210, 230] [490, 490, 490, 490, 490, 490, 490, 490] [96, 500] 8 3
[90, 90, 110, 130, 150, 170, 190, 210, 230] [470, 490, 490, 490, 490, 490, 490, 490, 490] [486, 200] 9 2
[90, 90, 90, 110, 130, 150, 170, 190, 210] [450, 470, 490, 490, 490, 490, 490, 490, 490] [486, 200] 9 2
[90, 90, 90, 90, 110, 130, 150, 170, 190] [430, 450, 470, 490, 490, 490, 490, 490, 490] [486, 200] 9 2
[90, 90, 90, 90, 90, 110, 130, 150, 170] [410, 430, 450, 470, 490, 490, 490, 490, 490] [486, 200] 9 2
[90, 90, 90, 90, 90, 90, 110, 130, 150] [390, 410, 430, 450, 470, 490, 490, 490, 490] [486, 200] 9 2
[90, 90, 90, 90, 90, 90, 90, 110, 130] [370, 390, 410, 430, 450, 470, 490, 490, 490] [486, 200] 9 2
[90, 90, 90, 90, 90, 90, 90, 90, 110] [350, 370, 390, 410, 430, 450, 470, 490, 490] [486, 200] 9 2
[90, 90, 90, 90, 90, 90, 90, 90, 90] [330, 350, 370, 390, 410, 430, 450, 470, 490] [486, 200] 9 2
[90, 90, 90, 90, 90, 90, 90, 90, 90] [310, 330, 350, 370, 390, 410, 430, 450, 470] [486, 200] 9 2
[90, 90, 90, 90, 90, 90, 90, 90, 90] [290, 310, 330, 350, 370, 390, 410, 430, 450] [486, 200] 9 2
[90, 90, 90, 90, 90, 90, 90, 90, 90] [270, 290, 310, 330, 350, 370, 390, 410, 430] [486, 200] 9 2
[90, 90, 90, 90, 90, 90, 90, 90, 90] [250, 270, 290, 310, 330, 350, 370, 390, 410] [486, 200] 9 2
[90, 90, 90, 90, 90, 90, 90, 90, 90] [230, 250, 270, 290, 310, 330, 350, 370, 390] [486, 200] 9 2
[90, 90, 90, 90, 90, 90, 90, 90, 90] [210, 230, 250, 270, 290, 310, 330, 350, 370] [486, 200] 9 2
[90, 90, 90, 90, 90, 90, 90, 90, 90] [190, 210, 230, 250, 270, 290, 310, 330, 350] [486, 200] 9 2
[110, 90, 90, 90, 90, 90, 90, 90, 90] [190, 190, 210, 230, 250, 270, 290, 310, 330] [486, 200] 9 1
[130, 110, 90, 90, 90, 90, 90, 90, 90] [190, 190, 190, 210, 230, 250, 270, 290, 310] [486, 200] 9 1
[150, 130, 110, 90, 90, 90, 90, 90, 90] [190, 190, 190, 190, 210, 230, 250, 270, 290] [486, 200] 9 1
[170, 150, 130, 110, 90, 90, 90, 90, 90] [190, 190, 190, 190, 190, 210, 230, 250, 270] [486, 200] 9 1
[190, 170, 150, 130, 110, 90, 90, 90, 90] [190, 190, 190, 190, 190, 190, 210, 230, 250] [486, 200] 9 1
[210, 190, 170, 150, 130, 110, 90, 90, 90] [190, 190, 190, 190, 190, 190, 190, 210, 230] [486, 200] 9 1
[230, 210, 190, 170, 150, 130, 110, 90, 90] [190, 190, 190, 190, 190, 190, 190, 190, 210] [486, 200] 9 1
[250, 230, 210, 190, 170, 150, 130, 110, 90] [190, 190, 190, 190, 190, 190, 190, 190, 190] [486, 200] 9 1
[270, 250, 230, 210, 190, 170, 150, 130, 110] [190, 190, 190, 190, 190, 190, 190, 190, 190] [486, 200] 9 1
[290, 270, 250, 230, 210, 190, 170, 150, 130] [190, 190, 190, 190, 190, 190, 190, 190, 190] [486, 200] 9 1
[310, 290, 270, 250, 230, 210, 190, 170, 150] [190, 190, 190, 190, 190, 190, 190, 190, 190] [486, 200] 9 1
[330, 310, 290, 270, 250, 230, 210, 190, 170] [190, 190, 190, 190, 190, 190, 190, 190, 190] [486, 200] 9 1
[350, 330, 310, 290, 270, 250, 230, 210, 190] [190, 190, 190, 190, 190, 190, 190, 190, 190] [486, 200] 9 1
[370, 350, 330, 310, 290, 270, 250, 230, 210] [190, 190, 190, 190, 190, 190, 190, 190, 190] [486, 200] 9 1
[390, 370, 350, 330, 310, 290, 270, 250, 230] [190, 190, 190, 190, 190, 190, 190, 190, 190] [486, 200] 9 1
[410, 390, 370, 350, 330, 310, 290, 270, 250] [190, 190, 190, 190, 190, 190, 190, 190, 190] [486, 200] 9 1
[430, 410, 390, 370, 350, 330, 310, 290, 270] [190, 190, 190, 190, 190, 190, 190, 190, 190] [486, 200] 9 1
[450, 430, 410, 390, 370, 350, 330, 310, 290] [190, 190, 190, 190, 190, 190, 190, 190, 190] [486, 200] 9 1
[470, 450, 430, 410, 390, 370, 350, 330, 310] [190, 190, 190, 190, 190, 190, 190, 190, 190] [486, 200] 9 1
[490, 470, 450, 430, 410, 390, 370, 350, 330, 310] [190, 190, 190, 190, 190, 190, 190, 190, 190, 190] [324, 169] 10 1
[490, 490, 470, 450, 430, 410, 390, 370, 350, 330] [170, 190, 190, 190, 190, 190, 190, 190, 190, 190] [324, 169] 10 2
[470, 490, 490, 470, 450, 430, 410, 390, 370, 350] [170, 170, 190, 190, 190, 190, 190, 190, 190, 190] [324, 169] 10 3
[450, 470, 490, 490, 470, 450, 430, 410, 390, 370] [170, 170, 170, 190, 190, 190, 190, 190, 190, 190] [324, 169] 10 3
[430, 450, 470, 490, 490, 470, 450, 430, 410, 390] [170, 170, 170, 170, 190, 190, 190, 190, 190, 190] [324, 169] 10 3
[410, 430, 450, 470, 490, 490, 470, 450, 430, 410] [170, 170, 170, 170, 170, 190, 190, 190, 190, 190] [324, 169] 10 3
[390, 410, 430, 450, 470, 490, 490, 470, 450, 430] [170, 170, 170, 170, 170, 170, 190, 190, 190, 190] [324, 169] 10 3
[370, 390, 410, 430, 450, 470, 490, 490, 470, 450] [170, 170, 170, 170, 170, 170, 170, 190, 190, 190] [324, 169] 10 3
[350, 370, 390, 410, 430, 450, 470, 490, 490, 470] [170, 170, 170, 170, 170, 170, 170, 170, 190, 190] [324, 169] 10 3
[330, 350, 370, 390, 410, 430, 450, 470, 490, 490] [170, 170, 170, 170, 170, 170, 170, 170, 170, 190] [324, 169] 10 3
[310, 330, 350, 370, 390, 410, 430, 450, 470, 490, 490] [170, 170, 170, 170, 170, 170, 170, 170, 170, 170, 190] [25, 76] 11 3
[290, 310, 330, 350, 370, 390, 410, 430, 450, 470, 490] [170, 170, 170, 170, 170, 170, 170, 170, 170, 170, 170] [25, 76] 11 3
[270, 290, 310, 330, 350, 370, 390, 410, 430, 450, 470] [170, 170, 170, 170, 170, 170, 170, 170, 170, 170, 170] [25, 76] 11 3
[250, 270, 290, 310, 330, 350, 370, 390, 410, 430, 450] [170, 170, 170, 170, 170, 170, 170, 170, 170, 170, 170] [25, 76] 11 3
[230, 250, 270, 290, 310, 330, 350, 370, 390, 410, 430] [170, 170, 170, 170, 170, 170, 170, 170, 170, 170, 170] [25, 76] 11 3
[210, 230, 250, 270, 290, 310, 330, 350, 370, 390, 410] [170, 170, 170, 170, 170, 170, 170, 170, 170, 170, 170] [25, 76] 11 3
[190, 210, 230, 250, 270, 290, 310, 330, 350, 370, 390] [170, 170, 170, 170, 170, 170, 170, 170, 170, 170, 170] [25, 76] 11 3
[170, 190, 210, 230, 250, 270, 290, 310, 330, 350, 370] [170, 170, 170, 170, 170, 170, 170, 170, 170, 170, 170] [25, 76] 11 3
[150, 170, 190, 210, 230, 250, 270, 290, 310, 330, 350] [170, 170, 170, 170, 170, 170, 170, 170, 170, 170, 170] [25, 76] 11 3
[130, 150, 170, 190, 210, 230, 250, 270, 290, 310, 330] [170, 170, 170, 170, 170, 170, 170, 170, 170, 170, 170] [25, 76] 11 3
[110, 130, 150, 170, 190, 210, 230, 250, 270, 290, 310] [170, 170, 170, 170, 170, 170, 170, 170, 170, 170, 170] [25, 76] 11 3
[90, 110, 130, 150, 170, 190, 210, 230, 250, 270, 290] [170, 170, 170, 170, 170, 170, 170, 170, 170, 170, 170] [25, 76] 11 3
[70, 90, 110, 130, 150, 170, 190, 210, 230, 250, 270] [170, 170, 170, 170, 170, 170, 170, 170, 170, 170, 170] [25, 76] 11 3
[50, 70, 90, 110, 130, 150, 170, 190, 210, 230, 250] [170, 170, 170, 170, 170, 170, 170, 170, 170, 170, 170] [25, 76] 11 3
[30, 50, 70, 90, 110, 130, 150, 170, 190, 210, 230] [170, 170, 170, 170, 170, 170, 170, 170, 170, 170, 170] [25, 76] 11 3
[10, 30, 50, 70, 90, 110, 130, 150, 170, 190, 210] [170, 170, 170, 170, 170, 170, 170, 170, 170, 170, 170] [25, 76] 11 3
[10, 10, 30, 50, 70, 90, 110, 130, 150, 170, 190] [150, 170, 170, 170, 170, 170, 170, 170, 170, 170, 170] [25, 76] 11 2
[10, 10, 10, 30, 50, 70, 90, 110, 130, 150, 170] [130, 150, 170, 170, 170, 170, 170, 170, 170, 170, 170] [25, 76] 11 2
[10, 10, 10, 10, 30, 50, 70, 90, 110, 130, 150] [110, 130, 150, 170, 170, 170, 170, 170, 170, 170, 170] [25, 76] 11 2
[10, 10, 10, 10, 10, 30, 50, 70, 90, 110, 130] [90, 110, 130, 150, 170, 170, 170, 170, 170, 170, 170] [25, 76] 11 2
[10, 10, 10, 10, 10, 10, 30, 50, 70, 90, 110] [70, 90, 110, 130, 150, 170, 170, 170, 170, 170, 170] [25, 76] 11 2
[30, 10, 10, 10, 10, 10, 10, 30, 50, 70, 90, 110] [70, 70, 90, 110, 130, 150, 170, 170, 170, 170, 170, 170] [534, 463] 12 1
[50, 30, 10, 10, 10, 10, 10, 10, 30, 50, 70, 90] [70, 70, 70, 90, 110, 130, 150, 170, 170, 170, 170, 170] [534, 463] 12 1
[70, 50, 30, 10, 10, 10, 10, 10, 10, 30, 50, 70] [70, 70, 70, 70, 90, 110, 130, 150, 170, 170, 170, 170] [534, 463] 12 1
[90, 70, 50, 30, 10, 10, 10, 10, 10, 10, 30, 50] [70, 70, 70, 70, 70, 90, 110, 130, 150, 170, 170, 170] [534, 463] 12 1
[110, 90, 70, 50, 30, 10, 10, 10, 10, 10, 10, 30] [70, 70, 70, 70, 70, 70, 90, 110, 130, 150, 170, 170] [534, 463] 12 1
[130, 110, 90, 70, 50, 30, 10, 10, 10, 10, 10, 10] [70, 70, 70, 70, 70, 70, 70, 90, 110, 130, 150, 170] [534, 463] 12 1
[150, 130, 110, 90, 70, 50, 30, 10, 10, 10, 10, 10] [70, 70, 70, 70, 70, 70, 70, 70, 90, 110, 130, 150] [534, 463] 12 1
[170, 150, 130, 110, 90, 70, 50, 30, 10, 10, 10, 10] [70, 70, 70, 70, 70, 70, 70, 70, 70, 90, 110, 130] [534, 463] 12 1
[190, 170, 150, 130, 110, 90, 70, 50, 30, 10, 10, 10] [70, 70, 70, 70, 70, 70, 70, 70, 70, 70, 90, 110] [534, 463] 12 1
[210, 190, 170, 150, 130, 110, 90, 70, 50, 30, 10, 10] [70, 70, 70, 70, 70, 70, 70, 70, 70, 70, 70, 90] [534, 463] 12 1
[230, 210, 190, 170, 150, 130, 110, 90, 70, 50, 30, 10] [70, 70, 70, 70, 70, 70, 70, 70, 70, 70, 70, 70] [534, 463] 12 1
[250, 230, 210, 190, 170, 150, 130, 110, 90, 70, 50, 30] [70, 70, 70, 70, 70, 70, 70, 70, 70, 70, 70, 70] [534, 463] 12 1
[270, 250, 230, 210, 190, 170, 150, 130, 110, 90, 70, 50] [70, 70, 70, 70, 70, 70, 70, 70, 70, 70, 70, 70] [534, 463] 12 1
[290, 270, 250, 230, 210, 190, 170, 150, 130, 110, 90, 70] [70, 70, 70, 70, 70, 70, 70, 70, 70, 70, 70, 70] [534, 463] 12 1
[310, 290, 270, 250, 230, 210, 190, 170, 150, 130, 110, 90] [70, 70, 70, 70, 70, 70, 70, 70, 70, 70, 70, 70] [534, 463] 12 1
[330, 310, 290, 270, 250, 230, 210, 190, 170, 150, 130, 110] [70, 70, 70, 70, 70, 70, 70, 70, 70, 70, 70, 70] [534, 463] 12 1
[350, 330, 310, 290, 270, 250, 230, 210, 190, 170, 150, 130] [70, 70, 70, 70, 70, 70, 70, 70, 70, 70, 70, 70] [534, 463] 12 1
[370, 350, 330, 310, 290, 270, 250, 230, 210, 190, 170, 150] [70, 70, 70, 70, 70, 70, 70, 70, 70, 70, 70, 70] [534, 463] 12 1
[390, 370, 350, 330, 310, 290, 270, 250, 230, 210, 190, 170] [70, 70, 70, 70, 70, 70, 70, 70, 70, 70, 70, 70] [534, 463] 12 1
[410, 390, 370, 350, 330, 310, 290, 270, 250, 230, 210, 190] [70, 70, 70, 70, 70, 70, 70, 70, 70, 70, 70, 70] [534, 463] 12 1
[430, 410, 390, 370, 350, 330, 310, 290, 270, 250, 230, 210] [70, 70, 70, 70, 70, 70, 70, 70, 70, 70, 70, 70] [534, 463] 12 1
[450, 430, 410, 390, 370, 350, 330, 310, 290, 270, 250, 230] [70, 70, 70, 70, 70, 70, 70, 70, 70, 70, 70, 70] [534, 463] 12 1
[470, 450, 430, 410, 390, 370, 350, 330, 310, 290, 270, 250] [70, 70, 70, 70, 70, 70, 70, 70, 70, 70, 70, 70] [534, 463] 12 1
[490, 470, 450, 430, 410, 390, 370, 350, 330, 310, 290, 270] [70, 70, 70, 70, 70, 70, 70, 70, 70, 70, 70, 70] [534, 463] 12 1
[510, 490, 470, 450, 430, 410, 390, 370, 350, 330, 310, 290] [70, 70, 70, 70, 70, 70, 70, 70, 70, 70, 70, 70] [534, 463] 12 1
[530, 510, 490, 470, 450, 430, 410, 390, 370, 350, 330, 310] [70, 70, 70, 70, 70, 70, 70, 70, 70, 70, 70, 70] [534, 463] 12 1
[530, 530, 510, 490, 470, 450, 430, 410, 390, 370, 350, 330] [90, 70, 70, 70, 70, 70, 70, 70, 70, 70, 70, 70] [534, 463] 12 0
[530, 530, 530, 510, 490, 470, 450, 430, 410, 390, 370, 350] [110, 90, 70, 70, 70, 70, 70, 70, 70, 70, 70, 70] [534, 463] 12 0
[530, 530, 530, 530, 510, 490, 470, 450, 430, 410, 390, 370] [130, 110, 90, 70, 70, 70, 70, 70, 70, 70, 70, 70] [534, 463] 12 0
[530, 530, 530, 530, 530, 510, 490, 470, 450, 430, 410, 390] [150, 130, 110, 90, 70, 70, 70, 70, 70, 70, 70, 70] [534, 463] 12 0
[530, 530, 530, 530, 530, 530, 510, 490, 470, 450, 430, 410] [170, 150, 130, 110, 90, 70, 70, 70, 70, 70, 70, 70] [534, 463] 12 0
[530, 530, 530, 530, 530, 530, 530, 510, 490, 470, 450, 430] [190, 170, 150, 130, 110, 90, 70, 70, 70, 70, 70, 70] [534, 463] 12 0
[530, 530, 530, 530, 530, 530, 530, 530, 510, 490, 470, 450] [210, 190, 170, 150, 130, 110, 90, 70, 70, 70, 70, 70] [534, 463] 12 0
[530, 530, 530, 530, 530, 530, 530, 530, 530, 510, 490, 470] [230, 210, 190, 170, 150, 130, 110, 90, 70, 70, 70, 70] [534, 463] 12 0
[530, 530, 530, 530, 530, 530, 530, 530, 530, 530, 510, 490] [250, 230, 210, 190, 170, 150, 130, 110, 90, 70, 70, 70] [534, 463] 12 0
[530, 530, 530, 530, 530, 530, 530, 530, 530, 530, 530, 510] [270, 250, 230, 210, 190, 170, 150, 130, 110, 90, 70, 70] [534, 463] 12 0
[530, 530, 530, 530, 530, 530, 530, 530, 530, 530, 530, 530] [290, 270, 250, 230, 210, 190, 170, 150, 130, 110, 90, 70] [534, 463] 12 0
[530, 530, 530, 530, 530, 530, 530, 530, 530, 530, 530, 530] [310, 290, 270, 250, 230, 210, 190, 170, 150, 130, 110, 90] [534, 463] 12 0
[530, 530, 530, 530, 530, 530, 530, 530, 530, 530, 530, 530] [330, 310, 290, 270, 250, 230, 210, 190, 170, 150, 130, 110] [534, 463] 12 0
[530, 530, 530, 530, 530, 530, 530, 530, 530, 530, 530, 530] [350, 330, 310, 290, 270, 250, 230, 210, 190, 170, 150, 130] [534, 463] 12 0
[530, 530, 530, 530, 530, 530, 530, 530, 530, 530, 530, 530] [370, 350, 330, 310, 290, 270, 250, 230, 210, 190, 170, 150] [534, 463] 12 0
[530, 530, 530, 530, 530, 530, 530, 530, 530, 530, 530, 530] [390, 370, 350, 330, 310, 290, 270, 250, 230, 210, 190, 170] [534, 463] 12 0
[530, 530, 530, 530, 530, 530, 530, 530, 530, 530, 530, 530] [410, 390, 370, 350, 330, 310, 290, 270, 250, 230, 210, 190] [534, 463] 12 0
[530, 530, 530, 530, 530, 530, 530, 530, 530, 530, 530, 530] [430, 410, 390, 370, 350, 330, 310, 290, 270, 250, 230, 210] [534, 463] 12 0
[530, 530, 530, 530, 530, 530, 530, 530, 530, 530, 530, 530] [450, 430, 410, 390, 370, 350, 330, 310, 290, 270, 250, 230] [534, 463] 12 0
[530, 530, 530, 530, 530, 530, 530, 530, 530, 530, 530, 530, 530] [470, 450, 430, 410, 390, 370, 350, 330, 310, 290, 270, 250, 230] [56, 247] 13 0
[510, 530, 530, 530, 530, 530, 530, 530, 530, 530, 530, 530, 530] [470, 470, 450, 430, 410, 390, 370, 350, 330, 310, 290, 270, 250] [56, 247] 13 3
[490, 510, 530, 530, 530, 530, 530, 530, 530, 530, 530, 530, 530] [470, 470, 470, 450, 430, 410, 390, 370, 350, 330, 310, 290, 270] [56, 247] 13 3
[470, 490, 510, 530, 530, 530, 530, 530, 530, 530, 530, 530, 530] [470, 470, 470, 470, 450, 430, 410, 390, 370, 350, 330, 310, 290] [56, 247] 13 3
[450, 470, 490, 510, 530, 530, 530, 530, 530, 530, 530, 530, 530] [470, 470, 470, 470, 470, 450, 430, 410, 390, 370, 350, 330, 310] [56, 247] 13 3
[430, 450, 470, 490, 510, 530, 530, 530, 530, 530, 530, 530, 530] [470, 470, 470, 470, 470, 470, 450, 430, 410, 390, 370, 350, 330] [56, 247] 13 3
[410, 430, 450, 470, 490, 510, 530, 530, 530, 530, 530, 530, 530] [470, 470, 470, 470, 470, 470, 470, 450, 430, 410, 390, 370, 350] [56, 247] 13 3
[390, 410, 430, 450, 470, 490, 510, 530, 530, 530, 530, 530, 530] [470, 470, 470, 470, 470, 470, 470, 470, 450, 430, 410, 390, 370] [56, 247] 13 3
[370, 390, 410, 430, 450, 470, 490, 510, 530, 530, 530, 530, 530] [470, 470, 470, 470, 470, 470, 470, 470, 470, 450, 430, 410, 390] [56, 247] 13 3
[350, 370, 390, 410, 430, 450, 470, 490, 510, 530, 530, 530, 530] [470, 470, 470, 470, 470, 470, 470, 470, 470, 470, 450, 430, 410] [56, 247] 13 3
[330, 350, 370, 390, 410, 430, 450, 470, 490, 510, 530, 530, 530] [470, 470, 470, 470, 470, 470, 470, 470, 470, 470, 470, 450, 430] [56, 247] 13 3
[310, 330, 350, 370, 390, 410, 430, 450, 470, 490, 510, 530, 530] [470, 470, 470, 470, 470, 470, 470, 470, 470, 470, 470, 470, 450] [56, 247] 13 3
[290, 310, 330, 350, 370, 390, 410, 430, 450, 470, 490, 510, 530] [470, 470, 470, 470, 470, 470, 470, 470, 470, 470, 470, 470, 470] [56, 247] 13 3
[270, 290, 310, 330, 350, 370, 390, 410, 430, 450, 470, 490, 510] [470, 470, 470, 470, 470, 470, 470, 470, 470, 470, 470, 470, 470] [56, 247] 13 3
[250, 270, 290, 310, 330, 350, 370, 390, 410, 430, 450, 470, 490] [470, 470, 470, 470, 470, 470, 470, 470, 470, 470, 470, 470, 470] [56, 247] 13 3
[230, 250, 270, 290, 310, 330, 350, 370, 390, 410, 430, 450, 470] [470, 470, 470, 470, 470, 470, 470, 470, 470, 470, 470, 470, 470] [56, 247] 13 3
[210, 230, 250, 270, 290, 310, 330, 350, 370, 390, 410, 430, 450] [470, 470, 470, 470, 470, 470, 470, 470, 470, 470, 470, 470, 470] [56, 247] 13 3
[190, 210, 230, 250, 270, 290, 310, 330, 350, 370, 390, 410, 430] [470, 470, 470, 470, 470, 470, 470, 470, 470, 470, 470, 470, 470] [56, 247] 13 3
[170, 190, 210, 230, 250, 270, 290, 310, 330, 350, 370, 390, 410] [470, 470, 470, 470, 470, 470, 470, 470, 470, 470, 470, 470, 470] [56, 247] 13 3
[150, 170, 190, 210, 230, 250, 270, 290, 310, 330, 350, 370, 390] [470, 470, 470, 470, 470, 470, 470, 470, 470, 470, 470, 470, 470] [56, 247] 13 3
[130, 150, 170, 190, 210, 230, 250, 270, 290, 310, 330, 350, 370] [470, 470, 470, 470, 470, 470, 470, 470, 470, 470, 470, 470, 470] [56, 247] 13 3
[110, 130, 150, 170, 190, 210, 230, 250, 270, 290, 310, 330, 350] [470, 470, 470, 470, 470, 470, 470, 470, 470, 470, 470, 470, 470] [56, 247] 13 3
[90, 110, 130, 150, 170, 190, 210, 230, 250, 270, 290, 310, 330] [470, 470, 470, 470, 470, 470, 470, 470, 470, 470, 470, 470, 470] [56, 247] 13 3
[70, 90, 110, 130, 150, 170, 190, 210, 230, 250, 270, 290, 310] [470, 470, 470, 470, 470, 470, 470, 470, 470, 470, 470, 470, 470] [56, 247] 13 3
[50, 70, 90, 110, 130, 150, 170, 190, 210, 230, 250, 270, 290] [470, 470, 470, 470, 470, 470, 470, 470, 470, 470, 470, 470, 470] [56, 247] 13 3
[50, 50, 70, 90, 110, 130, 150, 170, 190, 210, 230, 250, 270] [450, 470, 470, 470, 470, 470, 470, 470, 470, 470, 470, 470, 470] [56, 247] 13 2
[50, 50, 50, 70, 90, 110, 130, 150, 170, 190, 210, 230, 250] [430, 450, 470, 470, 470, 470, 470, 470, 470, 470, 470, 470, 470] [56, 247] 13 2
[50, 50, 50, 50, 70, 90, 110, 130, 150, 170, 190, 210, 230] [410, 430, 450, 470, 470, 470, 470, 470, 470, 470, 470, 470, 470] [56, 247] 13 2
[50, 50, 50, 50, 50, 70, 90, 110, 130, 150, 170, 190, 210] [390, 410, 430, 450, 470, 470, 470, 470, 470, 470, 470, 470, 470] [56, 247] 13 2
[50, 50, 50, 50, 50, 50, 70, 90, 110, 130, 150, 170, 190] [370, 390, 410, 430, 450, 470, 470, 470, 470, 470, 470, 470, 470] [56, 247] 13 2
[50, 50, 50, 50, 50, 50, 50, 70, 90, 110, 130, 150, 170] [350, 370, 390, 410, 430, 450, 470, 470, 470, 470, 470, 470, 470] [56, 247] 13 2
[50, 50, 50, 50, 50, 50, 50, 50, 70, 90, 110, 130, 150] [330, 350, 370, 390, 410, 430, 450, 470, 470, 470, 470, 470, 470] [56, 247] 13 2
[50, 50, 50, 50, 50, 50, 50, 50, 50, 70, 90, 110, 130] [310, 330, 350, 370, 390, 410, 430, 450, 470, 470, 470, 470, 470] [56, 247] 13 2
[50, 50, 50, 50, 50, 50, 50, 50, 50, 50, 70, 90, 110] [290, 310, 330, 350, 370, 390, 410, 430, 450, 470, 470, 470, 470] [56, 247] 13 2
[50, 50, 50, 50, 50, 50, 50, 50, 50, 50, 50, 70, 90] [270, 290, 310, 330, 350, 370, 390, 410, 430, 450, 470, 470, 470] [56, 247] 13 2
[50, 50, 50, 50, 50, 50, 50, 50, 50, 50, 50, 50, 70] [250, 270, 290, 310, 330, 350, 370, 390, 410, 430, 450, 470, 470] [56, 247] 13 2
