[290, 290, 290, 290, 290] [290, 270, 250, 230, 210] [558, 249] 5 0
[310, 290, 290, 290, 290] [290, 290, 270, 250, 230] [558, 249] 5 1
[330, 310, 290, 290, 290] [290, 290, 290, 270, 250] [558, 249] 5 1
[350, 330, 310, 290, 290] [290, 290, 290, 290, 270] [558, 249] 5 1
[370, 350, 330, 310, 290] [290, 290, 290, 290, 290] [558, 249] 5 1
[390, 370, 350, 330, 310] [290, 290, 290, 290, 290] [558, 249] 5 1
[410, 390, 370, 350, 330] [290, 290, 290, 290, 290] [558, 249] 5 1
[430, 410, 390, 370, 350] [290, 290, 290, 290, 290] [558, 249] 5 1
[450, 430, 410, 390, 370] [290, 290, 290, 290, 290] [558, 249] 5 1
[470, 450, 430, 410, 390] [290, 290, 290, 290, 290] [558, 249] 5 1
[490, 470, 450, 430, 410] [290, 290, 290, 290, 290] [558, 249] 5 1
[510, 490, 470, 450, 430] [290, 290, 290, 290, 290] [558, 249] 5 1
[530, 510, 490, 470, 450] [290, 290, 290, 290, 290] [558, 249] 5 1
[550, 530, 510, 490, 470] [290, 290, 290, 290, 290] [558, 249] 5 1
[550, 550, 530, 510, 490] [270, 290, 290, 290, 290] [558, 249] 5 2
[550, 550, 550, 530, 510] [250, 270, 290, 290, 290] [558, 249] 5 2
[550, 550, 550, 550, 530, 510] [230, 250, 270, 290, 290, 290] [55, 74] 6 2
[550, 550, 550, 550, 550, 530] [210, 230, 250, 270, 290, 290] [55, 74] 6 2
[550, 550, 550, 550, 550, 550] [190, 210, 230, 250, 270, 290] [55, 74] 6 2
[550, 550, 550, 550, 550, 550] [170, 190, 210, 230, 250, 270] [55, 74] 6 2
[550, 550, 550, 550, 550, 550] [150, 170, 190, 210, 230, 250] [55, 74] 6 2
[550, 550, 550, 550, 550, 550] [130, 150, 170, 190, 210, 230] [55, 74] 6 2
[550, 550, 550, 550, 550, 550] [110, 130, 150, 170, 190, 210] [55, 74] 6 2
[550, 550, 550, 550, 550, 550] [90, 110, 130, 150, 170, 190] [55, 74] 6 2
[550, 550, 550, 550, 550, 550] [70, 90, 110, 130, 150, 170] [55, 74] 6 2
[530, 550, 550, 550, 550, 550] [70, 70, 90, 110, 130, 150] [55, 74] 6 3
[510, 530, 550, 550, 550, 550] [70, 70, 70, 90, 110, 130] [55, 74] 6 3
[490, 510, 530, 550, 550, 550] [70, 70, 70, 70, 90, 110] [55, 74] 6 3
[470, 490, 510, 530, 550, 550] [70, 70, 70, 70, 70, 90] [55, 74] 6 3
[450, 470, 490, 510, 530, 550] [70, 70, 70, 70, 70, 70] [55, 74] 6 3
[430, 450, 470, 490, 510, 530] [70, 70, 70, 70, 70, 70] [55, 74] 6 3
[410, 430, 450, 470, 490, 510] [70, 70, 70, 70, 70, 70] [55, 74] 6 3
[390, 410, 430, 450, 470, 490] [70, 70, 70, 70, 70, 70] [55, 74] 6 3
[370, 390, 410, 430, 450, 470] [70, 70, 70, 70, 70, 70] [55, 74] 6 3
[350, 370, 390, 410, 430, 450] [70, 70, 70, 70, 70, 70] [55, 74] 6 3
[330, 350, 370, 390, 410, 430] [70, 70, 70, 70, 70, 70] [55, 74] 6 3
[310, 330, 350, 370, 390, 410] [70, 70, 70, 70, 70, 70] [55, 74] 6 3
[290, 310, 330, 350, 370, 390] [70, 70, 70, 70, 70, 70] [55, 74] 6 3
[270, 290, 310, 330, 350, 370] [70, 70, 70, 70, 70, 70] [55, 74] 6 3
[250, 270, 290, 310, 330, 350] [70, 70, 70, 70, 70, 70] [55, 74] 6 3
[230, 250, 270, 290, 310, 330] [70, 70, 70, 70, 70, 70] [55, 74] 6 3
[210, 230, 250, 270, 290, 310] [70, 70, 70, 70, 70, 70] [55, 74] 6 3
[190, 210, 230, 250, 270, 290] [70, 70, 70, 70, 70, 70] [55, 74] 6 3
[170, 190, 210, 230, 250, 270] [70, 70, 70, 70, 70, 70] [55, 74] 6 3
[150, 170, 190, 210, 230, 250] [70, 70, 70, 70, 70, 70] [55, 74] 6 3
[130, 150, 170, 190, 210, 230] [70, 70, 70, 70, 70, 70] [55, 74] 6 3
[110, 130, 150, 170, 190, 210] [70, 70, 70, 70, 70, 70] [55, 74] 6 3
[90, 110, 130, 150, 170, 190] [70, 70, 70, 70, 70, 70] [55, 74] 6 3
[70, 90, 110, 130, 150, 170] [70, 70, 70, 70, 70, 70] [55, 74] 6 3
[50, 70, 90, 110, 130, 150] [70, 70, 70, 70, 70, 70] [55, 74] 6 3
[30, 50, 70, 90, 110, 130, 150] [70, 70, 70, 70, 70, 70, 70] [73, 404] 7 3
[30, 30, 50, 70, 90, 110, 130] [90, 70, 70, 70, 70, 70, 70] [73, 404] 7 0
[30, 30, 30, 50, 70, 90, 110] [110, 90, 70, 70, 70, 70, 70] [73, 404] 7 0
[30, 30, 30, 30, 50, 70, 90] [130, 110, 90, 70, 70, 70, 70] [73, 404] 7 0
[30, 30, 30, 30, 30, 50, 70] [150, 130, 110, 90, 70, 70, 70] [73, 404] 7 0
[30, 30, 30, 30, 30, 30, 50] [170, 150, 130, 110, 90, 70, 70] [73, 404] 7 0
[30, 30, 30, 30, 30, 30, 30] [190, 170, 150, 130, 110, 90, 70] [73, 404] 7 0
[30, 30, 30, 30, 30, 30, 30] [210, 190, 170, 150, 130, 110, 90] [73, 404] 7 0
[30, 30, 30, 30, 30, 30, 30] [230, 210, 190, 170, 150, 130, 110] [73, 404] 7 0
[30, 30, 30, 30, 30, 30, 30] [250, 230, 210, 190, 170, 150, 130] [73, 404] 7 0
[30, 30, 30, 30, 30, 30, 30] [270, 250, 230, 210, 190, 170, 150] [73, 404] 7 0
[30, 30, 30, 30, 30, 30, 30] [290, 270, 250, 230, 210, 190, 170] [73, 404] 7 0
[30, 30, 30, 30, 30, 30, 30] [310, 290, 270, 250, 230, 210, 190] [73, 404] 7 0
[30, 30, 30, 30, 30, 30, 30] [330, 310, 290, 270, 250, 230, 210] [73, 404] 7 0
[30, 30, 30, 30, 30, 30, 30] [350, 330, 310, 290, 270, 250, 230] [73, 404] 7 0
[30, 30, 30, 30, 30, 30, 30] [370, 350, 330, 310, 290, 270, 250] [73, 404] 7 0
[30, 30, 30, 30, 30, 30, 30] [390, 370, 350, 330, 310, 290, 270] [73, 404] 7 0
[50, 30, 30, 30, 30, 30, 30] [390, 390, 370, 350, 330, 310, 290] [73, 404] 7 1
[70, 50, 30, 30, 30, 30, 30] [390, 390, 390, 370, 350, 330, 310] [73, 404] 7 1
[90, 70, 50, 30, 30, 30, 30, 30] [390, 390, 390, 390, 370, 350, 330, 310] [232, 411] 8 1
[110, 90, 70, 50, 30, 30, 30, 30] [390, 390, 390, 390, 390, 370, 350, 330] [232, 411] 8 1
[130, 110, 90, 70, 50, 30, 30, 30] [390, 390, 390, 390, 390, 390, 370, 350] [232, 411] 8 1
[150, 130, 110, 90, 70, 50, 30, 30] [390, 390, 390, 390, 390, 390, 390, 370] [232, 411] 8 1
[170, 150, 130, 110, 90, 70, 50, 30] [390, 390, 390, 390, 390, 390, 390, 390] [232, 411] 8 1
[190, 170, 150, 130, 110, 90, 70, 50] [390, 390, 390, 390, 390, 390, 390, 390] [232, 411] 8 1
[210, 190, 170, 150, 130, 110, 90, 70] [390, 390, 390, 390, 390, 390, 390, 390] [232, 411] 8 1
[230, 210, 190, 170, 150, 130, 110, 90] [390, 390, 390, 390, 390, 390, 390, 390] [232, 411] 8 1
[230, 230, 210, 190, 170, 150, 130, 110] [410, 390, 390, 390, 390, 390, 390, 390] [232, 411] 8 0
[230, 230, 230, 210, 190, 170, 150, 130, 110] [430, 410, 390, 390, 390, 390, 390, 390, 390] [200, 452] 9 0
[230, 230, 230, 230, 210, 190, 170, 150, 130] [450, 430, 410, 390, 390, 390, 390, 390, 390] [200, 452] 9 0
[210, 230, 230, 230, 230, 210, 190, 170, 150] [450, 450, 430, 410, 390, 390, 390, 390, 390] [200, 452] 9 3
[190, 210, 230, 230, 230, 230, 210, 190, 170] [450, 450, 450, 430, 410, 390, 390, 390, 390] [200, 452] 9 3
[170, 190, 210, 230, 230, 230, 230, 210, 190, 170] [450, 450, 450, 450, 430, 410, 390, 390, 390, 390] [463, 389] 10 3
[150, 170, 190, 210, 230, 230, 230, 230, 210, 190] [450, 450, 450, 450, 450, 430, 410, 390, 390, 390] [463, 389] 10 3
[150, 150, 170, 190, 210, 230, 230, 230, 230, 210] [430, 450, 450, 450, 450, 450, 430, 410, 390, 390] [463, 389] 10 2
[150, 150, 150, 170, 190, 210, 230, 230, 230, 230] [410, 430, 450, 450, 450, 450, 450, 430, 410, 390] [463, 389] 10 2
[150, 150, 150, 150, 170, 190, 210, 230, 230, 230] [390, 410, 430, 450, 450, 450, 450, 450, 430, 410] [463, 389] 10 2
[170, 150, 150, 150, 150, 170, 190, 210, 230, 230] [390, 390, 410, 430, 450, 450, 450, 450, 450, 430] [463, 389] 10 1
[190, 170, 150, 150, 150, 150, 170, 190, 210, 230] [390, 390, 390, 410, 430, 450, 450, 450, 450, 450] [463, 389] 10 1
[210, 190, 170, 150, 150, 150, 150, 170, 190, 210] [390, 390, 390, 390, 410, 430, 450, 450, 450, 450] [463, 389] 10 1
[230, 210, 190, 170, 150, 150, 150, 150, 170, 190] [390, 390, 390, 390, 390, 410, 430, 450, 450, 450] [463, 389] 10 1
[250, 230, 210, 190, 170, 150, 150, 150, 150, 170] [390, 390, 390, 390, 390, 390, 410, 430, 450, 450] [463, 389] 10 1
[270, 250, 230, 210, 190, 170, 150, 150, 150, 150] [390, 390, 390, 390, 390, 390, 390, 410, 430, 450] [463, 389] 10 1
[290, 270, 250, 230, 210, 190, 170, 150, 150, 150] [390, 390, 390, 390, 390, 390, 390, 390, 410, 430] [463, 389] 10 1
[310, 290, 270, 250, 230, 210, 190, 170, 150, 150] [390, 390, 390, 390, 390, 390, 390, 390, 390, 410] [463, 389] 10 1
[330, 310, 290, 270, 250, 230, 210, 190, 170, 150] [390, 390, 390, 390, 390, 390, 390, 390, 390, 390] [463, 389] 10 1
[350, 330, 310, 290, 270, 250, 230, 210, 190, 170] [390, 390, 390, 390, 390, 390, 390, 390, 390, 390] [463, 389] 10 1
[370, 350, 330, 310, 290, 270, 250, 230, 210, 190] [390, 390, 390, 390, 390, 390, 390, 390, 390, 390] [463, 389] 10 1
[390, 370, 350, 330, 310, 290, 270, 250, 230, 210] [390, 390, 390, 390, 390, 390, 390, 390, 390, 390] [463, 389] 10 1
[410, 390, 370, 350, 330, 310, 290, 270, 250, 230] [390, 390, 390, 390, 390, 390, 390, 390, 390, 390] [463, 389] 10 1
[430, 410, 390, 370, 350, 330, 310, 290, 270, 250] [390, 390, 390, 390, 390, 390, 390, 390, 390, 390] [463, 389] 10 1
[450, 430, 410, 390, 370, 350, 330, 310, 290, 270] [390, 390, 390, 390, 390, 390, 390, 390, 390, 390] [463, 389] 10 1
[470, 450, 430, 410, 390, 370, 350, 330, 310, 290, 270] [390, 390, 390, 390, 390, 390, 390, 390, 390, 390, 390] [226, 162] 11 1
[470, 470, 450, 430, 410, 390, 370, 350, 330, 310, 290] [370, 390, 390, 390, 390, 390, 390, 390, 390, 390, 390] [226, 162] 11 2
[470, 470, 470, 450, 430, 410, 390, 370, 350, 330, 310] [350, 370, 390, 390, 390, 390, 390, 390, 390, 390, 390] [226, 162] 11 2
[470, 470, 470, 470, 450, 430, 410, 390, 370, 350, 330] [330, 350, 370, 390, 390, 390, 390, 390, 390, 390, 390] [226, 162] 11 2
[470, 470, 470, 470, 470, 450, 430, 410, 390, 370, 350] [310, 330, 350, 370, 390, 390, 390, 390, 390, 390, 390] [226, 162] 11 2
[470, 470, 470, 470, 470, 470, 450, 430, 410, 390, 370] [290, 310, 330, 350, 370, 390, 390, 390, 390, 390, 390] [226, 162] 11 2
[470, 470, 470, 470, 470, 470, 470, 450, 430, 410, 390] [270, 290, 310, 330, 350, 370, 390, 390, 390, 390, 390] [226, 162] 11 2
[470, 470, 470, 470, 470, 470, 470, 470, 450, 430, 410] [250, 270, 290, 310, 330, 350, 370, 390, 390, 390, 390] [226, 162] 11 2
[470, 470, 470, 470, 470, 470, 470, 470, 470, 450, 430] [230, 250, 270, 290, 310, 330, 350, 370, 390, 390, 390] [226, 162] 11 2
[470, 470, 470, 470, 470, 470, 470, 470, 470, 470, 450] [210, 230, 250, 270, 290, 310, 330, 350, 370, 390, 390] [226, 162] 11 2
[470, 470, 470, 470, 470, 470, 470, 470, 470, 470, 470] [190, 210, 230, 250, 270, 290, 310, 330, 350, 370, 390] [226, 162] 11 2
[470, 470, 470, 470, 470, 470, 470, 470, 470, 470, 470] [170, 190, 210, 230, 250, 270, 290, 310, 330, 350, 370] [226, 162] 11 2
[470, 470, 470, 470, 470, 470, 470, 470, 470, 470, 470] [150, 170, 190, 210, 230, 250, 270, 290, 310, 330, 350] [226, 162] 11 2
[450, 470, 470, 470, 470, 470, 470, 470, 470, 470, 470] [150, 150, 170, 190, 210, 230, 250, 270, 290, 310, 330] [226, 162] 11 3
[430, 450, 470, 470, 470, 470, 470, 470, 470, 470, 470] [150, 150, 150, 170, 190, 210, 230, 250, 270, 290, 310] [226, 162] 11 3
[410, 430, 450, 470, 470, 470, 470, 470, 470, 470, 470] [150, 150, 150, 150, 170, 190, 210, 230, 250, 270, 290] [226, 162] 11 3
[390, 410, 430, 450, 470, 470, 470, 470, 470, 470, 470] [150, 150, 150, 150, 150, 170, 190, 210, 230, 250, 270] [226, 162] 11 3
[370, 390, 410, 430, 450, 470, 470, 470, 470, 470, 470] [150, 150, 150, 150, 150, 150, 170, 190, 210, 230, 250] [226, 162] 11 3
[350, 370, 390, 410, 430, 450, 470, 470, 470, 470, 470] [150, 150, 150, 150, 150, 150, 150, 170, 190, 210, 230] [226, 162] 11 3
[330, 350, 370, 390, 410, 430, 450, 470, 470, 470, 470] [150, 150, 150, 150, 150, 150, 150, 150, 170, 190, 210] [226, 162] 11 3
[310, 330, 350, 370, 390, 410, 430, 450, 470, 470, 470] [150, 150, 150, 150, 150, 150, 150, 150, 150, 170, 190] [226, 162] 11 3
[290, 310, 330, 350, 370, 390, 410, 430, 450, 470, 470] [150, 150, 150, 150, 150, 150, 150, 150, 150, 150, 170] [226, 162] 11 3
[270, 290, 310, 330, 350, 370, 390, 410, 430, 450, 470] [150, 150, 150, 150, 150, 150, 150, 150, 150, 150, 150] [226, 162] 11 3
[250, 270, 290, 310, 330, 350, 370, 390, 410, 430, 450] [150, 150, 150, 150, 150, 150, 150, 150, 150, 150, 150] [226, 162] 11 3
[230, 250, 270, 290, 310, 330, 350, 370, 390, 410, 430] [150, 150, 150, 150, 150, 150, 150, 150, 150, 150, 150] [226, 162] 11 3
[210, 230, 250, 270, 290, 310, 330, 350, 370, 390, 410, 430] [150, 150, 150, 150, 150, 150, 150, 150, 150, 150, 150, 150] [178, 107] 12 3
[190, 210, 230, 250, 270, 290, 310, 330, 350, 370, 390, 410] [150, 150, 150, 150, 150, 150, 150, 150, 150, 150, 150, 150] [178, 107] 12 3
[170, 190, 210, 230, 250, 270, 290, 310, 330, 350, 370, 390] [150, 150, 150, 150, 150, 150, 150, 150, 150, 150, 150, 150] [178, 107] 12 3
[170, 170, 190, 210, 230, 250, 270, 290, 310, 330, 350, 370] [130, 150, 150, 150, 150, 150, 150, 150, 150, 150, 150, 150] [178, 107] 12 2
[170, 170, 170, 190, 210, 230, 250, 270, 290, 310, 330, 350] [110, 130, 150, 150, 150, 150, 150, 150, 150, 150, 150, 150] [178, 107] 12 2
[170, 170, 170, 170, 190, 210, 230, 250, 270, 290, 310, 330, 350] [90, 110, 130, 150, 150, 150, 150, 150, 150, 150, 150, 150, 150] [245, 535] 13 2
[190, 170, 170, 170, 170, 190, 210, 230, 250, 270, 290, 310, 330] [90, 90, 110, 130, 150, 150, 150, 150, 150, 150, 150, 150, 150] [245, 535] 13 1
[210, 190, 170, 170, 170, 170, 190, 210, 230, 250, 270, 290, 310] [90, 90, 90, 110, 130, 150, 150, 150, 150, 150, 150, 150, 150] [245, 535] 13 1
[230, 210, 190, 170, 170, 170, 170, 190, 210, 230, 250, 270, 290] [90, 90, 90, 90, 110, 130, 150, 150, 150, 150, 150, 150, 150] [245, 535] 13 1
[250, 230, 210, 190, 170, 170, 170, 170, 190, 210, 230, 250, 270] [90, 90, 90, 90, 90, 110, 130, 150, 150, 150, 150, 150, 150] [245, 535] 13 1
[250, 250, 230, 210, 190, 170, 170, 170, 170, 190, 210, 230, 250] [110, 90, 90, 90, 90, 90, 110, 130, 150, 150, 150, 150, 150] [245, 535] 13 0
[250, 250, 250, 230, 210, 190, 170, 170, 170, 170, 190, 210, 230] [130, 110, 90, 90, 90, 90, 90, 110, 130, 150, 150, 150, 150] [245, 535] 13 0
[250, 250, 250, 250, 230, 210, 190, 170, 170, 170, 170, 190, 210] [150, 130, 110, 90, 90, 90, 90, 90, 110, 130, 150, 150, 150] [245, 535] 13 0
[250, 250, 250, 250, 250, 230, 210, 190, 170, 170, 170, 170, 190] [170, 150, 130, 110, 90, 90, 90, 90, 90, 110, 130, 150, 150] [245, 535] 13 0
[250, 250, 250, 250, 250, 250, 230, 210, 190, 170, 170, 170, 170] [190, 170, 150, 130, 110, 90, 90, 90, 90, 90, 110, 130, 150] [245, 535] 13 0
[250, 250, 250, 250, 250, 250, 250, 230, 210, 190, 170, 170, 170] [210, 190, 170, 150, 130, 110, 90, 90, 90, 90, 90, 110, 130] [245, 535] 13 0
[250, 250, 250, 250, 250, 250, 250, 250, 230, 210, 190, 170, 170] [230, 210, 190, 170, 150, 130, 110, 90, 90, 90, 90, 90, 110] [245, 535] 13 0
[250, 250, 250, 250, 250, 250, 250, 250, 250, 230, 210, 190, 170] [250, 230, 210, 190, 170, 150, 130, 110, 90, 90, 90, 90, 90] [245, 535] 13 0
[250, 250, 250, 250, 250, 250, 250, 250, 250, 250, 230, 210, 190] [270, 250, 230, 210, 190, 170, 150, 130, 110, 90, 90, 90, 90] [245, 535] 13 0
[250, 250, 250, 250, 250, 250, 250, 250, 250, 250, 250, 230, 210] [290, 270, 250, 230, 210, 190, 170, 150, 130, 110, 90, 90, 90] [245, 535] 13 0
[250, 250, 250, 250, 250, 250, 250, 250, 250, 250, 250, 250, 230] [310, 290, 270, 250, 230, 210, 190, 170, 150, 130, 110, 90, 90] [245, 535] 13 0
[250, 250, 250, 250, 250, 250, 250, 250, 250, 250, 250, 250, 250] [330, 310, 290, 270, 250, 230, 210, 190, 170, 150, 130, 110, 90] [245, 535] 13 0
[250, 250, 250, 250, 250, 250, 250, 250, 250, 250, 250, 250, 250] [350, 330, 310, 290, 270, 250, 230, 210, 190, 170, 150, 130, 110] [245, 535] 13 0
[250, 250, 250, 250, 250, 250, 250, 250, 250, 250, 250, 250, 250] [370, 350, 330, 310, 290, 270, 250, 230, 210, 190, 170, 150, 130] [245, 535] 13 0
[250, 250, 250, 250, 250, 250, 250, 250, 250, 250, 250, 250, 250] [390, 370, 350, 330, 310, 290, 270, 250, 230, 210, 190, 170, 150] [245, 535] 13 0
[250, 250, 250, 250, 250, 250, 250, 250, 250, 250, 250, 250, 250] [410, 390, 370, 350, 330, 310, 290, 270, 250, 230, 210, 190, 170] [245, 535] 13 0
[250, 250, 250, 250, 250, 250, 250, 250, 250, 250, 250, 250, 250] [430, 410, 390, 370, 350, 330, 310, 290, 270, 250, 230, 210, 190] [245, 535] 13 0
[250, 250, 250, 250, 250, 250, 250, 250, 250, 250, 250, 250, 250] [450, 430, 410, 390, 370, 350, 330, 310, 290, 270, 250, 230, 210] [245, 535] 13 0
[250, 250, 250, 250, 250, 250, 250, 250, 250, 250, 250, 250, 250] [470, 450, 430, 410, 390, 370, 350, 330, 310, 290, 270, 250, 230] [245, 535] 13 0
[250, 250, 250, 250, 250, 250, 250, 250, 250, 250, 250, 250, 250] [490, 470, 450, 430, 410, 390, 370, 350, 330, 310, 290, 270, 250] [245, 535] 13 0
[250, 250, 250, 250, 250, 250, 250, 250, 250, 250, 250, 250, 250] [510, 490, 470, 450, 430, 410, 390, 370, 350, 330, 310, 290, 270] [245, 535] 13 0
[250, 250, 250, 250, 250, 250, 250, 250, 250, 250, 250, 250, 250] [530, 510, 490, 470, 450, 430, 410, 390, 370, 350, 330, 310, 290] [245, 535] 13 0
[230, 250, 250, 250, 250, 250, 250, 250, 250, 250, 250, 250, 250, 250] [530, 530, 510, 490, 470, 450, 430, 410, 390, 370, 350, 330, 310, 290] [320, 389] 14 3
[230, 230, 250, 250, 250, 250, 250, 250, 250, 250, 250, 250, 250, 250] [510, 530, 530, 510, 490, 470, 450, 430, 410, 390, 370, 350, 330, 310] [320, 389] 14 2
[230, 230, 230, 250, 250, 250, 250, 250, 250, 250, 250, 250, 250, 250] [490, 510, 530, 530, 510, 490, 470, 450, 430, 410, 390, 370, 350, 330] [320, 389] 14 2
[230, 230, 230, 230, 250, 250, 250, 250, 250, 250, 250, 250, 250, 250] [470, 490, 510, 530, 530, 510, 490, 470, 450, 430, 410, 390, 370, 350] [320, 389] 14 2
[230, 230, 230, 230, 230, 250, 250, 250, 250, 250, 250, 250, 250, 250] [450, 470, 490, 510, 530, 530, 510, 490, 470, 450, 430, 410, 390, 370] [320, 389] 14 2
[230, 230, 230, 230, 230, 230, 250, 250, 250, 250, 250, 250, 250, 250] [430, 450, 470, 490, 510, 530, 530, 510, 490, 470, 450, 430, 410, 390] [320, 389] 14 2
[230, 230, 230, 230, 230, 230, 230, 250, 250, 250, 250, 250, 250, 250] [410, 430, 450, 470, 490, 510, 530, 530, 510, 490, 470, 450, 430, 410] [320, 389] 14 2
[230, 230, 230, 230, 230, 230, 230, 230, 250, 250, 250, 250, 250, 250] [390, 410, 430, 450, 470, 490, 510, 530, 530, 510, 490, 470, 450, 430] [320, 389] 14 2
[250, 230, 230, 230, 230, 230, 230, 230, 230, 250, 250, 250, 250, 250] [390, 390, 410, 430, 450, 470, 490, 510, 530, 530, 510, 490, 470, 450] [320, 389] 14 1
[270, 250, 230, 230, 230, 230, 230, 230, 230, 230, 250, 250, 250, 250] [390, 390, 390, 410, 430, 450, 470, 490, 510, 530, 530, 510, 490, 470] [320, 389] 14 1
[290, 270, 250, 230, 230, 230, 230, 230, 230, 230, 230, 250, 250, 250] [390, 390, 390, 390, 410, 430, 450, 470, 490, 510, 530, 530, 510, 490] [320, 389] 14 1
[310, 290, 270, 250, 230, 230, 230, 230, 230, 230, 230, 230, 250, 250] [390, 390, 390, 390, 390, 410, 430, 450, 470, 490, 510, 530, 530, 510] [320, 389] 14 1
[330, 310, 290, 270, 250, 230, 230, 230, 230, 230, 230, 230, 230, 250, 250] [390, 390, 390, 390, 390, 390, 410, 430, 450, 470, 490, 510, 530, 530, 510] [285, 521] 15 1
[330, 330, 310, 290, 270, 250, 230, 230, 230, 230, 230, 230, 230, 230, 250] [410, 390, 390, 390, 390, 390, 390, 410, 430, 450, 470, 490, 510, 530, 530] [285, 521] 15 0
[330, 330, 330, 310, 290, 270, 250, 230, 230, 230, 230, 230, 230, 230, 230] [430, 410, 390, 390, 390, 390, 390, 390, 410, 430, 450, 470, 490, 510, 530] [285, 521] 15 0
[330, 330, 330, 330, 310, 290, 270, 250, 230, 230, 230, 230, 230, 230, 230] [450, 430, 410, 390, 390, 390, 390, 390, 390, 410, 430, 450, 470, 490, 510] [285, 521] 15 0
[330, 330, 330, 330, 330, 310, 290, 270, 250, 230, 230, 230, 230, 230, 230] [470, 450, 430, 410, 390, 390, 390, 390, 390, 390, 410, 430, 450, 470, 490] [285, 521] 15 0
[330, 330, 330, 330, 330, 330, 310, 290, 270, 250, 230, 230, 230, 230, 230] [490, 470, 450, 430, 410, 390, 390, 390, 390, 390, 390, 410, 430, 450, 470] [285, 521] 15 0
[330, 330, 330, 330, 330, 330, 330, 310, 290, 270, 250, 230, 230, 230, 230] [510, 490, 470, 450, 430, 410, 390, 390, 390, 390, 390, 390, 410, 430, 450] [285, 521] 15 0
[310, 330, 330, 330, 330, 330, 330, 330, 310, 290, 270, 250, 230, 230, 230] [510, 510, 490, 470, 450, 430, 410, 390, 390, 390, 390, 390, 390, 410, 430] [285, 521] 15 3
[290, 310, 330, 330, 330, 330, 330, 330, 330, 310, 290, 270, 250, 230, 230] [510, 510, 510, 490, 470, 450, 430, 410, 390, 390, 390, 390, 390, 390, 410] [285, 521] 15 3
