[290, 290, 290, 290, 290] [290, 270, 250, 230, 210] [183, 38] 5 0
[270, 290, 290, 290, 290] [290, 290, 270, 250, 230] [183, 38] 5 3
[250, 270, 290, 290, 290] [290, 290, 290, 270, 250] [183, 38] 5 3
[230, 250, 270, 290, 290] [290, 290, 290, 290, 270] [183, 38] 5 3
[210, 230, 250, 270, 290] [290, 290, 290, 290, 290] [183, 38] 5 3
[190, 210, 230, 250, 270] [290, 290, 290, 290, 290] [183, 38] 5 3
[170, 190, 210, 230, 250] [290, 290, 290, 290, 290] [183, 38] 5 3
[170, 170, 190, 210, 230] [270, 290, 290, 290, 290] [183, 38] 5 2
[170, 170, 170, 190, 210] [250, 270, 290, 290, 290] [183, 38] 5 2
[170, 170, 170, 170, 190] [230, 250, 270, 290, 290] [183, 38] 5 2
[170, 170, 170, 170, 170] [210, 230, 250, 270, 290] [183, 38] 5 2
[170, 170, 170, 170, 170] [190, 210, 230, 250, 270] [183, 38] 5 2
[170, 170, 170, 170, 170] [170, 190, 210, 230, 250] [183, 38] 5 2
[170, 170, 170, 170, 170] [150, 170, 190, 210, 230] [183, 38] 5 2
[170, 170, 170, 170, 170] [130, 150, 170, 190, 210] [183, 38] 5 2
[170, 170, 170, 170, 170] [110, 130, 150, 170, 190] [183, 38] 5 2
[170, 170, 170, 170, 170] [90, 110, 130, 150, 170] [183, 38] 5 2
[170, 170, 170, 170, 170] [70, 90, 110, 130, 150] [183, 38] 5 2
[170, 170, 170, 170, 170] [50, 70, 90, 110, 130] [183, 38] 5 2
[170, 170, 170, 170, 170] [30, 50, 70, 90, 110] [183, 38] 5 2
[190, 170, 170, 170, 170, 170] [30, 30, 50, 70, 90, 110] [125, 571] 6 1
[210, 190, 170, 170, 170, 170] [30, 30, 30, 50, 70, 90] [125, 571] 6 1
[210, 210, 190, 170, 170, 170] [50, 30, 30, 30, 50, 70] [125, 571] 6 0
[210, 210, 210, 190, 170, 170] [70, 50, 30, 30, 30, 50] [125, 571] 6 0
[210, 210, 210, 210, 190, 170] [90, 70, 50, 30, 30, 30] [125, 571] 6 0
[210, 210, 210, 210, 210, 190] [110, 90, 70, 50, 30, 30] [125, 571] 6 0
[210, 210, 210, 210, 210, 210] [130, 110, 90, 70, 50, 30] [125, 571] 6 0
[210, 210, 210, 210, 210, 210] [150, 130, 110, 90, 70, 50] [125, 571] 6 0
[210, 210, 210, 210, 210, 210] [170, 150, 130, 110, 90, 70] [125, 571] 6 0
[210, 210, 210, 210, 210, 210] [190, 170, 150, 130, 110, 90] [125, 571] 6 0
[210, 210, 210, 210, 210, 210] [210, 190, 170, 150, 130, 110] [125, 571] 6 0
[210, 210, 210, 210, 210, 210] [230, 210, 190, 170, 150, 130] [125, 571] 6 0
[210, 210, 210, 210, 210, 210] [250, 230, 210, 190, 170, 150] [125, 571] 6 0
[210, 210, 210, 210, 210, 210] [270, 250, 230, 210, 190, 170] [125, 571] 6 0
[210, 210, 210, 210, 210, 210] [290, 270, 250, 230, 210, 190] [125, 571] 6 0
[210, 210, 210, 210, 210, 210] [310, 290, 270, 250, 230, 210] [125, 571] 6 0
[210, 210, 210, 210, 210, 210] [330, 310, 290, 270, 250, 230] [125, 571] 6 0
[210, 210, 210, 210, 210, 210] [350, 330, 310, 290, 270, 250] [125, 571] 6 0
[210, 210, 210, 210, 210, 210] [370, 350, 330, 310, 290, 270] [125, 571] 6 0
[210, 210, 210, 210, 210, 210] [390, 370, 350, 330, 310, 290] [125, 571] 6 0
[210, 210, 210, 210, 210, 210] [410, 390, 370, 350, 330, 310] [125, 571] 6 0
[210, 210, 210, 210, 210, 210] [430, 410, 390, 370, 350, 330] [125, 571] 6 0
[210, 210, 210, 210, 210, 210] [450, 430, 410, 390, 370, 350] [125, 571] 6 0
[210, 210, 210, 210, 210, 210] [470, 450, 430, 410, 390, 370] [125, 571] 6 0
[210, 210, 210, 210, 210, 210] [490, 470, 450, 430, 410, 390] [125, 571] 6 0
[210, 210, 210, 210, 210, 210] [510, 490, 470, 450, 430, 410] [125, 571] 6 0
[210, 210, 210, 210, 210, 210] [530, 510, 490, 470, 450, 430] [125, 571] 6 0
[210, 210, 210, 210, 210, 210] [550, 530, 510, 490, 470, 450] [125, 571] 6 0
[210, 210, 210, 210, 210, 210] [570, 550, 530, 510, 490, 470] [125, 571] 6 0
[190, 210, 210, 210, 210, 210] [570, 570, 550, 530, 510, 490] [125, 571] 6 3
[170, 190, 210, 210, 210, 210] [570, 570, 570, 550, 530, 510] [125, 571] 6 3
[150, 170, 190, 210, 210, 210] [570, 570, 570, 570, 550, 530] [125, 571] 6 3
[130, 150, 170, 190, 210, 210] [570, 570, 570, 570, 570, 550] [125, 571] 6 3
[110, 130, 150, 170, 190, 210, 210] [570, 570, 570, 570, 570, 570, 550] [365, 260] 7 3
[110, 110, 130, 150, 170, 190, 210] [550, 570, 570, 570, 570, 570, 570] [365, 260] 7 2
[110, 110, 110, 130, 150, 170, 190] [530, 550, 570, 570, 570, 570, 570] [365, 260] 7 2
[110, 110, 110, 110, 130, 150, 170] [510, 530, 550, 570, 570, 570, 570] [365, 260] 7 2
[110, 110, 110, 110, 110, 130, 150] [490, 510, 530, 550, 570, 570, 570] [365, 260] 7 2
[110, 110, 110, 110, 110, 110, 130] [470, 490, 510, 530, 550, 570, 570] [365, 260] 7 2
[110, 110, 110, 110, 110, 110, 110] [450, 470, 490, 510, 530, 550, 570] [365, 260] 7 2
[110, 110, 110, 110, 110, 110, 110] [430, 450, 470, 490, 510, 530, 550] [365, 260] 7 2
[110, 110, 110, 110, 110, 110, 110] [410, 430, 450, 470, 490, 510, 530] [365, 260] 7 2
[110, 110, 110, 110, 110, 110, 110] [390, 410, 430, 450, 470, 490, 510] [365, 260] 7 2
[110, 110, 110, 110, 110, 110, 110] [370, 390, 410, 430, 450, 470, 490] [365, 260] 7 2
[110, 110, 110, 110, 110, 110, 110] [350, 370, 390, 410, 430, 450, 470] [365, 260] 7 2
[110, 110, 110, 110, 110, 110, 110] [330, 350, 370, 390, 410, 430, 450] [365, 260] 7 2
[110, 110, 110, 110, 110, 110, 110] [310, 330, 350, 370, 390, 410, 430] [365, 260] 7 2
[110, 110, 110, 110, 110, 110, 110] [290, 310, 330, 350, 370, 390, 410] [365, 260] 7 2
[110, 110, 110, 110, 110, 110, 110] [270, 290, 310, 330, 350, 370, 390] [365, 260] 7 2
[110, 110, 110, 110, 110, 110, 110] [250, 270, 290, 310, 330, 350, 370] [365, 260] 7 2
[130, 110, 110, 110, 110, 110, 110] [250, 250, 270, 290, 310, 330, 350] [365, 260] 7 1
[150, 130, 110, 110, 110, 110, 110] [250, 250, 250, 270, 290, 310, 330] [365, 260] 7 1
[170, 150, 130, 110, 110, 110, 110] [250, 250, 250, 250, 270, 290, 310] [365, 260] 7 1
[190, 170, 150, 130, 110, 110, 110] [250, 250, 250, 250, 250, 270, 290] [365, 260] 7 1
[210, 190, 170, 150, 130, 110, 110] [250, 250, 250, 250, 250, 250, 270] [365, 260] 7 1
[230, 210, 190, 170, 150, 130, 110] [250, 250, 250, 250, 250, 250, 250] [365, 260] 7 1
[250, 230, 210, 190, 170, 150, 130] [250, 250, 250, 250, 250, 250, 250] [365, 260] 7 1
[270, 250, 230, 210, 190, 170, 150] [250, 250, 250, 250, 250, 250, 250] [365, 260] 7 1
[290, 270, 250, 230, 210, 190, 170] [250, 250, 250, 250, 250, 250, 250] [365, 260] 7 1
[310, 290, 270, 250, 230, 210, 190] [250, 250, 250, 250, 250, 250, 250] [365, 260] 7 1
[330, 310, 290, 270, 250, 230, 210] [250, 250, 250, 250, 250, 250, 250] [365, 260] 7 1
[350, 330, 310, 290, 270, 250, 230] [250, 250, 250, 250, 250, 250, 250] [365, 260] 7 1
[370, 350, 330, 310, 290, 270, 250, 230] [250, 250, 250, 250, 250, 250, 250, 250] [128, 250] 8 1
[370, 370, 350, 330, 310, 290, 270, 250] [230, 250, 250, 250, 250, 250, 250, 250] [128, 250] 8 2
[350, 370, 370, 350, 330, 310, 290, 270] [230, 230, 250, 250, 250, 250, 250, 250] [128, 250] 8 3
[330, 350, 370, 370, 350, 330, 310, 290] [230, 230, 230, 250, 250, 250, 250, 250] [128, 250] 8 3
[310, 330, 350, 370, 370, 350, 330, 310] [230, 230, 230, 230, 250, 250, 250, 250] [128, 250] 8 3
[290, 310, 330, 350, 370, 370, 350, 330] [230, 230, 230, 230, 230, 250, 250, 250] [128, 250] 8 3
[270, 290, 310, 330, 350, 370, 370, 350] [230, 230, 230, 230, 230, 230, 250, 250] [128, 250] 8 3
[250, 270, 290, 310, 330, 350, 370, 370] [230, 230, 230, 230, 230, 230, 230, 250] [128, 250] 8 3
[230, 250, 270, 290, 310, 330, 350, 370] [230, 230, 230, 230, 230, 230, 230, 230] [128, 250] 8 3
[210, 230, 250, 270, 290, 310, 330, 350] [230, 230, 230, 230, 230, 230, 230, 230] [128, 250] 8 3
[190, 210, 230, 250, 270, 290, 310, 330] [230, 230, 230, 230, 230, 230, 230, 230] [128, 250] 8 3
[170, 190, 210, 230, 250, 270, 290, 310] [230, 230, 230, 230, 230, 230, 230, 230] [128, 250] 8 3
[150, 170, 190, 210, 230, 250, 270, 290] [230, 230, 230, 230, 230, 230, 230, 230] [128, 250] 8 3
[130, 150, 170, 190, 210, 230, 250, 270] [230, 230, 230, 230, 230, 230, 230, 230] [128, 250] 8 3
[110, 130, 150, 170, 190, 210, 230, 250] [230, 230, 230, 230, 230, 230, 230, 230] [128, 250] 8 3
[90, 110, 130, 150, 170, 190, 210, 230] [230, 230, 230, 230, 230, 230, 230, 230] [128, 250] 8 3
[90, 90, 110, 130, 150, 170, 190, 210] [250, 230, 230, 230, 230, 230, 230, 230] [128, 250] 8 0
[110, 90, 90, 110, 130, 150, 170, 190] [250, 250, 230, 230, 230, 230, 230, 230] [128, 250] 8 1
[130, 110, 90, 90, 110, 130, 150, 170, 190] [250, 250, 250, 230, 230, 230, 230, 230, 230] [293, 159] 9 1
[150, 130, 110, 90, 90, 110, 130, 150, 170] [250, 250, 250, 250, 230, 230, 230, 230, 230] [293, 159] 9 1
[170, 150, 130, 110, 90, 90, 110, 130, 150] [250, 250, 250, 250, 250, 230, 230, 230, 230] [293, 159] 9 1
[190, 170, 150, 130, 110, 90, 90, 110, 130] [250, 250, 250, 250, 250, 250, 230, 230, 230] [293, 159] 9 1
[210, 190, 170, 150, 130, 110, 90, 90, 110] [250, 250, 250, 250, 250, 250, 250, 230, 230] [293, 159] 9 1
[230, 210, 190, 170, 150, 130, 110, 90, 90] [250, 250, 250, 250, 250, 250, 250, 250, 230] [293, 159] 9 1
[250, 230, 210, 190, 170, 150, 130, 110, 90] [250, 250, 250, 250, 250, 250, 250, 250, 250] [293, 159] 9 1
[270, 250, 230, 210, 190, 170, 150, 130, 110] [250, 250, 250, 250, 250, 250, 250, 250, 250] [293, 159] 9 1
[290, 270, 250, 230, 210, 190, 170, 150, 130] [250, 250, 250, 250, 250, 250, 250, 250, 250] [293, 159] 9 1
[290, 290, 270, 250, 230, 210, 190, 170, 150] [230, 250, 250, 250, 250, 250, 250, 250, 250] [293, 159] 9 2
[290, 290, 290, 270, 250, 230, 210, 190, 170] [210, 230, 250, 250, 250, 250, 250, 250, 250] [293, 159] 9 2
[290, 290, 290, 290, 270, 250, 230, 210, 190] [190, 210, 230, 250, 250, 250, 250, 250, 250] [293, 159] 9 2
[290, 290, 290, 290, 290, 270, 250, 230, 210] [170, 190, 210, 230, 250, 250, 250, 250, 250] [293, 159] 9 2
[290, 290, 290, 290, 290, 290, 270, 250, 230] [150, 170, 190, 210, 230, 250, 250, 250, 250] [293, 159] 9 2
[290, 290, 290, 290, 290, 290, 290, 270, 250, 230] [130, 150, 170, 190, 210, 230, 250, 250, 250, 250] [582, 357] 10 2
[310, 290, 290, 290, 290, 290, 290, 290, 270, 250] [130, 130, 150, 170, 190, 210, 230, 250, 250, 250] [582, 357] 10 1
[330, 310, 290, 290, 290, 290, 290, 290, 290, 270] [130, 130, 130, 150, 170, 190, 210, 230, 250, 250] [582, 357] 10 1
[350, 330, 310, 290, 290, 290, 290, 290, 290, 290] [130, 130, 130, 130, 150, 170, 190, 210, 230, 250] [582, 357] 10 1
[370, 350, 330, 310, 290, 290, 290, 290, 290, 290] [130, 130, 130, 130, 130, 150, 170, 190, 210, 230] [582, 357] 10 1
[390, 370, 350, 330, 310, 290, 290, 290, 290, 290] [130, 130, 130, 130, 130, 130, 150, 170, 190, 210] [582, 357] 10 1
[410, 390, 370, 350, 330, 310, 290, 290, 290, 290] [130, 130, 130, 130, 130, 130, 130, 150, 170, 190] [582, 357] 10 1
[430, 410, 390, 370, 350, 330, 310, 290, 290, 290] [130, 130, 130, 130, 130, 130, 130, 130, 150, 170] [582, 357] 10 1
[450, 430, 410, 390, 370, 350, 330, 310, 290, 290] [130, 130, 130, 130, 130, 130, 130, 130, 130, 150] [582, 357] 10 1
[470, 450, 430, 410, 390, 370, 350, 330, 310, 290] [130, 130, 130, 130, 130, 130, 130, 130, 130, 130] [582, 357] 10 1
[490, 470, 450, 430, 410, 390, 370, 350, 330, 310] [130, 130, 130, 130, 130, 130, 130, 130, 130, 130] [582, 357] 10 1
[510, 490, 470, 450, 430, 410, 390, 370, 350, 330] [130, 130, 130, 130, 130, 130, 130, 130, 130, 130] [582, 357] 10 1
[530, 510, 490, 470, 450, 430, 410, 390, 370, 350] [130, 130, 130, 130, 130, 130, 130, 130, 130, 130] [582, 357] 10 1
[550, 530, 510, 490, 470, 450, 430, 410, 390, 370] [130, 130, 130, 130, 130, 130, 130, 130, 130, 130] [582, 357] 10 1
[570, 550, 530, 510, 490, 470, 450, 430, 410, 390] [130, 130, 130, 130, 130, 130, 130, 130, 130, 130] [582, 357] 10 1
[570, 570, 550, 530, 510, 490, 470, 450, 430, 410] [150, 130, 130, 130, 130, 130, 130, 130, 130, 130] [582, 357] 10 0
[570, 570, 570, 550, 530, 510, 490, 470, 450, 430] [170, 150, 130, 130, 130, 130, 130, 130, 130, 130] [582, 357] 10 0
[570, 570, 570, 570, 550, 530, 510, 490, 470, 450] [190, 170, 150, 130, 130, 130, 130, 130, 130, 130] [582, 357] 10 0
[570, 570, 570, 570, 570, 550, 530, 510, 490, 470] [210, 190, 170, 150, 130, 130, 130, 130, 130, 130] [582, 357] 10 0
[570, 570, 570, 570, 570, 570, 550, 530, 510, 490] [230, 210, 190, 170, 150, 130, 130, 130, 130, 130] [582, 357] 10 0
[570, 570, 570, 570, 570, 570, 570, 550, 530, 510] [250, 230, 210, 190, 170, 150, 130, 130, 130, 130] [582, 357] 10 0
[570, 570, 570, 570, 570, 570, 570, 570, 550, 530] [270, 250, 230, 210, 190, 170, 150, 130, 130, 130] [582, 357] 10 0
[570, 570, 570, 570, 570, 570, 570, 570, 570, 550] [290, 270, 250, 230, 210, 190, 170, 150, 130, 130] [582, 357] 10 0
[570, 570, 570, 570, 570, 570, 570, 570, 570, 570] [310, 290, 270, 250, 230, 210, 190, 170, 150, 130] [582, 357] 10 0
[570, 570, 570, 570, 570, 570, 570, 570, 570, 570] [330, 310, 290, 270, 250, 230, 210, 190, 170, 150] [582, 357] 10 0
[570, 570, 570, 570, 570, 570, 570, 570, 570, 570] [350, 330, 310, 290, 270, 250, 230, 210, 190, 170] [582, 357] 10 0
[570, 570, 570, 570, 570, 570, 570, 570, 570, 570, 570] [370, 350, 330, 310, 290, 270, 250, 230, 210, 190, 170] [232, 41] 11 0
[570, 570, 570, 570, 570, 570, 570, 570, 570, 570, 570] [390, 370, 350, 330, 310, 290, 270, 250, 230, 210, 190] [232, 41] 11 0
[550, 570, 570, 570, 570, 570, 570, 570, 570, 570, 570] [390, 390, 370, 350, 330, 310, 290, 270, 250, 230, 210] [232, 41] 11 3
[530, 550, 570, 570, 570, 570, 570, 570, 570, 570, 570] [390, 390, 390, 370, 350, 330, 310, 290, 270, 250, 230] [232, 41] 11 3
[510, 530, 550, 570, 570, 570, 570, 570, 570, 570, 570] [390, 390, 390, 390, 370, 350, 330, 310, 290, 270, 250] [232, 41] 11 3
[490, 510, 530, 550, 570, 570, 570, 570, 570, 570, 570] [390, 390, 390, 390, 390, 370, 350, 330, 310, 290, 270] [232, 41] 11 3
[470, 490, 510, 530, 550, 570, 570, 570, 570, 570, 570] [390, 390, 390, 390, 390, 390, 370, 350, 330, 310, 290] [232, 41] 11 3
[450, 470, 490, 510, 530, 550, 570, 570, 570, 570, 570] [390, 390, 390, 390, 390, 390, 390, 370, 350, 330, 310] [232, 41] 11 3
[430, 450, 470, 490, 510, 530, 550, 570, 570, 570, 570] [390, 390, 390, 390, 390, 390, 390, 390, 370, 350, 330] [232, 41] 11 3
[410, 430, 450, 470, 490, 510, 530, 550, 570, 570, 570] [390, 390, 390, 390, 390, 390, 390, 390, 390, 370, 350] [232, 41] 11 3
[390, 410, 430, 450, 470, 490, 510, 530, 550, 570, 570] [390, 390, 390, 390, 390, 390, 390, 390, 390, 390, 370] [232, 41] 11 3
[370, 390, 410, 430, 450, 470, 490, 510, 530, 550, 570] [390, 390, 390, 390, 390, 390, 390, 390, 390, 390, 390] [232, 41] 11 3
[350, 370, 390, 410, 430, 450, 470, 490, 510, 530, 550] [390, 390, 390, 390, 390, 390, 390, 390, 390, 390, 390] [232, 41] 11 3
[330, 350, 370, 390, 410, 430, 450, 470, 490, 510, 530] [390, 390, 390, 390, 390, 390, 390, 390, 390, 390, 390] [232, 41] 11 3
[310, 330, 350, 370, 390, 410, 430, 450, 470, 490, 510] [390, 390, 390, 390, 390, 390, 390, 390, 390, 390, 390] [232, 41] 11 3
[290, 310, 330, 350, 370, 390, 410, 430, 450, 470, 490] [390, 390, 390, 390, 390, 390, 390, 390, 390, 390, 390] [232, 41] 11 3
[270, 290, 310, 330, 350, 370, 390, 410, 430, 450, 470] [390, 390, 390, 390, 390, 390, 390, 390, 390, 390, 390] [232, 41] 11 3
[250, 270, 290, 310, 330, 350, 370, 390, 410, 430, 450] [390, 390, 390, 390, 390, 390, 390, 390, 390, 390, 390] [232, 41] 11 3
[230, 250, 270, 290, 310, 330, 350, 370, 390, 410, 430] [390, 390, 390, 390, 390, 390, 390, 390, 390, 390, 390] [232, 41] 11 3
[210, 230, 250, 270, 290, 310, 330, 350, 370, 390, 410] [390, 390, 390, 390, 390, 390, 390, 390, 390, 390, 390] [232, 41] 11 3
[210, 210, 230, 250, 270, 290, 310, 330, 350, 370, 390] [370, 390, 390, 390, 390, 390, 390, 390, 390, 390, 390] [232, 41] 11 2
[210, 210, 210, 230, 250, 270, 290, 310, 330, 350, 370] [350, 370, 390, 390, 390, 390, 390, 390, 390, 390, 390] [232, 41] 11 2
[210, 210, 210, 210, 230, 250, 270, 290, 310, 330, 350] [330, 350, 370, 390, 390, 390, 390, 390, 390, 390, 390] [232, 41] 11 2
[210, 210, 210, 210, 210, 230, 250, 270, 290, 310, 330] [310, 330, 350, 370, 390, 390, 390, 390, 390, 390, 390] [232, 41] 11 2
[210, 210, 210, 210, 210, 210, 230, 250, 270, 290, 310] [290, 310, 330, 350, 370, 390, 390, 390, 390, 390, 390] [232, 41] 11 2
[210, 210, 210, 210, 210, 210, 210, 230, 250, 270, 290] [270, 290, 310, 330, 350, 370, 390, 390, 390, 390, 390] [232, 41] 11 2
[210, 210, 210, 210, 210, 210, 210, 210, 230, 250, 270] [250, 270, 290, 310, 330, 350, 370, 390, 390, 390, 390] [232, 41] 11 2
[210, 210, 210, 210, 210, 210, 210, 210, 210, 230, 250] [230, 250, 270, 290, 310, 330, 350, 370, 390, 390, 390] [232, 41] 11 2
[210, 210, 210, 210, 210, 210, 210, 210, 210, 210, 230] [210, 230, 250, 270, 290, 310, 330, 350, 370, 390, 390] [232, 41] 11 2
[210, 210, 210, 210, 210, 210, 210, 210, 210, 210, 210] [190, 210, 230, 250, 270, 290, 310, 330, 350, 370, 390] [232, 41] 11 2
[210, 210, 210, 210, 210, 210, 210, 210, 210, 210, 210] [170, 190, 210, 230, 250, 270, 290, 310, 330, 350, 370] [232, 41] 11 2
[210, 210, 210, 210, 210, 210, 210, 210, 210, 210, 210] [150, 170, 190, 210, 230, 250, 270, 290, 310, 330, 350] [232, 41] 11 2
[210, 210, 210, 210, 210, 210, 210, 210, 210, 210, 210] [130, 150, 170, 190, 210, 230, 250, 270, 290, 310, 330] [232, 41] 11 2
[210, 210, 210, 210, 210, 210, 210, 210, 210, 210, 210] [110, 130, 150, 170, 190, 210, 230, 250, 270, 290, 310] [232, 41] 11 2
[210, 210, 210, 210, 210, 210, 210, 210, 210, 210, 210] [90, 110, 130, 150, 170, 190, 210, 230, 250, 270, 290] [232, 41] 11 2
[210, 210, 210, 210, 210, 210, 210, 210, 210, 210, 210] [70, 90, 110, 130, 150, 170, 190, 210, 230, 250, 270] [232, 41] 11 2
[210, 210, 210, 210, 210, 210, 210, 210, 210, 210, 210] [50, 70, 90, 110, 130, 150, 170, 190, 210, 230, 250] [232, 41] 11 2
[210, 210, 210, 210, 210, 210, 210, 210, 210, 210, 210] [30, 50, 70, 90, 110, 130, 150, 170, 190, 210, 230] [232, 41] 11 2
[230, 210, 210, 210, 210, 210, 210, 210, 210, 210, 210] [30, 30, 50, 70, 90, 110, 130, 150, 170, 190, 210] [232, 41] 11 1
[250, 230, 210, 210, 210, 210, 210, 210, 210, 210, 210, 210] [30, 30, 30, 50, 70, 90, 110, 130, 150, 170, 190, 210] [207, 389] 12 1
[250, 250, 230, 210, 210, 210, 210, 210, 210, 210, 210, 210] [50, 30, 30, 30, 50, 70, 90, 110, 130, 150, 170, 190] [207, 389] 12 0
[250, 250, 250, 230, 210, 210, 210, 210, 210, 210, 210, 210] [70, 50, 30, 30, 30, 50, 70, 90, 110, 130, 150, 170] [207, 389] 12 0
[250, 250, 250, 250, 230, 210, 210, 210, 210, 210, 210, 210] [90, 70, 50, 30, 30, 30, 50, 70, 90, 110, 130, 150] [207, 389] 12 0
[250, 250, 250, 250, 250, 230, 210, 210, 210, 210, 210, 210] [110, 90, 70, 50, 30, 30, 30, 50, 70, 90, 110, 130] [207, 389] 12 0
[250, 250, 250, 250, 250, 250, 230, 210, 210, 210, 210, 210] [130, 110, 90, 70, 50, 30, 30, 30, 50, 70, 90, 110] [207, 389] 12 0
[250, 250, 250, 250, 250, 250, 250, 230, 210, 210, 210, 210] [150, 130, 110, 90, 70, 50, 30, 30, 30, 50, 70, 90] [207, 389] 12 0
[250, 250, 250, 250, 250, 250, 250, 250, 230, 210, 210, 210] [170, 150, 130, 110, 90, 70, 50, 30, 30, 30, 50, 70] [207, 389] 12 0
[250, 250, 250, 250, 250, 250, 250, 250, 250, 230, 210, 210] [190, 170, 150, 130, 110, 90, 70, 50, 30, 30, 30, 50] [207, 389] 12 0
[250, 250, 250, 250, 250, 250, 250, 250, 250, 250, 230, 210] [210, 190, 170, 150, 130, 110, 90, 70, 50, 30, 30, 30] [207, 389] 12 0
[250, 250, 250, 250, 250, 250, 250, 250, 250, 250, 250, 230] [230, 210, 190, 170, 150, 130, 110, 90, 70, 50, 30, 30] [207, 389] 12 0
[250, 250, 250, 250, 250, 250, 250, 250, 250, 250, 250, 250] [250, 230, 210, 190, 170, 150, 130, 110, 90, 70, 50, 30] [207, 389] 12 0
[250, 250, 250, 250, 250, 250, 250, 250, 250, 250, 250, 250] [270, 250, 230, 210, 190, 170, 150, 130, 110, 90, 70, 50] [207, 389] 12 0
[250, 250, 250, 250, 250, 250, 250, 250, 250, 250, 250, 250] [290, 270, 250, 230, 210, 190, 170, 150, 130, 110, 90, 70] [207, 389] 12 0
[250, 250, 250, 250, 250, 250, 250, 250, 250, 250, 250, 250] [310, 290, 270, 250, 230, 210, 190, 170, 150, 130, 110, 90] [207, 389] 12 0
[250, 250, 250, 250, 250, 250, 250, 250, 250, 250, 250, 250] [330, 310, 290, 270, 250, 230, 210, 190, 170, 150, 130, 110] [207, 389] 12 0
[250, 250, 250, 250, 250, 250, 250, 250, 250, 250, 250, 250] [350, 330, 310, 290, 270, 250, 230, 210, 190, 170, 150, 130] [207, 389] 12 0
[250, 250, 250, 250, 250, 250, 250, 250, 250, 250, 250, 250] [370, 350, 330, 310, 290, 270, 250, 230, 210, 190, 170, 150] [207, 389] 12 0
[230, 250, 250, 250, 250, 250, 250, 250, 250, 250, 250, 250] [370, 370, 350, 330, 310, 290, 270, 250, 230, 210, 190, 170] [207, 389] 12 3
[210, 230, 250, 250, 250, 250, 250, 250, 250, 250, 250, 250] [370, 370, 370, 350, 330, 310, 290, 270, 250, 230, 210, 190] [207, 389] 12 3
[190, 210, 230, 250, 250, 250, 250, 250, 250, 250, 250, 250, 250] [370, 370, 370, 370, 350, 330, 310, 290, 270, 250, 230, 210, 190] [123, 318] 13 3
[170, 190, 210, 230, 250, 250, 250, 250, 250, 250, 250, 250, 250] [370, 370, 370, 370, 370, 350, 330, 310, 290, 270, 250, 230, 210] [123, 318] 13 3
[150, 170, 190, 210, 230, 250, 250, 250, 250, 250, 250, 250, 250] [370, 370, 370, 370, 370, 370, 350, 330, 310, 290, 270, 250, 230] [123, 318] 13 3
[130, 150, 170, 190, 210, 230, 250, 250, 250, 250, 250, 250, 250] [370, 370, 370, 370, 370, 370, 370, 350, 330, 310, 290, 270, 250] [123, 318] 13 3
[130, 130, 150, 170, 190, 210, 230, 250, 250, 250, 250, 250, 250] [350, 370, 370, 370, 370, 370, 370, 370, 350, 330, 310, 290, 270] [123, 318] 13 2
[130, 130, 130, 150, 170, 190, 210, 230, 250, 250, 250, 250, 250] [330, 350, 370, 370, 370, 370, 370, 370, 370, 350, 330, 310, 290] [123, 318] 13 2
[130, 130, 130, 130, 150, 170, 190, 210, 230, 250, 250, 250, 250] [310, 330, 350, 370, 370, 370, 370, 370, 370, 370, 350, 330, 310] [123, 318] 13 2
[130, 130, 130, 130, 130, 150, 170, 190, 210, 230, 250, 250, 250, 250] [290, 310, 330, 350, 370, 370, 370, 370, 370, 370, 370, 350, 330, 310] [265, 431] 14 2
[130, 130, 130, 130, 130, 130, 150, 170, 190, 210, 230, 250, 250, 250] [270, 290, 310, 330, 350, 370, 370, 370, 370, 370, 370, 370, 350, 330] [265, 431] 14 2
[150, 130, 130, 130, 130, 130, 130, 150, 170, 190, 210, 230, 250, 250] [270, 270, 290, 310, 330, 350, 370, 370, 370, 370, 370, 370, 370, 350] [265, 431] 14 1
[170, 150, 130, 130, 130, 130, 130, 130, 150, 170, 190, 210, 230, 250] [270, 270, 270, 290, 310, 330, 350, 370, 370, 370, 370, 370, 370, 370] [265, 431] 14 1
[190, 170, 150, 130, 130, 130, 130, 130, 130, 150, 170, 190, 210, 230] [270, 270, 270, 270, 290, 310, 330, 350, 370, 370, 370, 370, 370, 370] [265, 431] 14 1
[210, 190, 170, 150, 130, 130, 130, 130, 130, 130, 150, 170, 190, 210] [270, 270, 270, 270, 270, 290, 310, 330, 350, 370, 370, 370, 370, 370] [265, 431] 14 1
[230, 210, 190, 170, 150, 130, 130, 130, 130, 130, 130, 150, 170, 190] [270, 270, 270, 270, 270, 270, 290, 310, 330, 350, 370, 370, 370, 370] [265, 431] 14 1
[250, 230, 210, 190, 170, 150, 130, 130, 130, 130, 130, 130, 150, 170] [270, 270, 270, 270, 270, 270, 270, 290, 310, 330, 350, 370, 370, 370] [265, 431] 14 1
[270, 250, 230, 210, 190, 170, 150, 130, 130, 130, 130, 130, 130, 150] [270, 270, 270, 270, 270, 270, 270, 270, 290, 310, 330, 350, 370, 370] [265, 431] 14 1
[270, 270, 250, 230, 210, 190, 170, 150, 130, 130, 130, 130, 130, 130] [290, 270, 270, 270, 270, 270, 270, 270, 270, 290, 310, 330, 350, 370] [265, 431] 14 0
[270, 270, 270, 250, 230, 210, 190, 170, 150, 130, 130, 130, 130, 130] [310, 290, 270, 270, 270, 270, 270, 270, 270, 270, 290, 310, 330, 350] [265, 431] 14 0
[270, 270, 270, 270, 250, 230, 210, 190, 170, 150, 130, 130, 130, 130] [330, 310, 290, 270, 270, 270, 270, 270, 270, 270, 270, 290, 310, 330] [265, 431] 14 0
[270, 270, 270, 270, 270, 250, 230, 210, 190, 170, 150, 130, 130, 130] [350, 330, 310, 290, 270, 270, 270, 270, 270, 270, 270, 270, 290, 310] [265, 431] 14 0
[270, 270, 270, 270, 270, 270, 250, 230, 210, 190, 170, 150, 130, 130] [370, 350, 330, 310, 290, 270, 270, 270, 270, 270, 270, 270, 270, 290] [265, 431] 14 0
[270, 270, 270, 270, 270, 270, 270, 250, 230, 210, 190, 170, 150, 130] [390, 370, 350, 330, 310, 290, 270, 270, 270, 270, 270, 270, 270, 270] [265, 431] 14 0
[270, 270, 270, 270, 270, 270, 270, 270, 250, 230, 210, 190, 170, 150] [410, 390, 370, 350, 330, 310, 290, 270, 270, 270, 270, 270, 270, 270] [265, 431] 14 0
[270, 270, 270, 270, 270, 270, 270, 270, 270, 250, 230, 210, 190, 170] [430, 410, 390, 370, 350, 330, 310, 290, 270, 270, 270, 270, 270, 270] [265, 431] 14 0
[270, 270, 270, 270, 270, 270, 270, 270, 270, 270, 250, 230, 210, 190, 170] [450, 430, 410, 390, 370, 350, 330, 310, 290, 270, 270, 270, 270, 270, 270] [246, 515] 15 0
[270, 270, 270, 270, 270, 270, 270, 270, 270, 270, 270, 250, 230, 210, 190] [470, 450, 430, 410, 390, 370, 350, 330, 310, 290, 270, 270, 270, 270, 270] [246, 515] 15 0
[270, 270, 270, 270, 270, 270, 270, 270, 270, 270, 270, 270, 250, 230, 210] [490, 470, 450, 430, 410, 390, 370, 350, 330, 310, 290, 270, 270, 270, 270] [246, 515] 15 0
[270, 270, 270, 270, 270, 270, 270, 270, 270, 270, 270, 270, 270, 250, 230] [510, 490, 470, 450, 430, 410, 390, 370, 350, 330, 310, 290, 270, 270, 270] [246, 515] 15 0
[250, 270, 270, 270, 270, 270, 270, 270, 270, 270, 270, 270, 270, 270, 250] [510, 510, 490, 470, 450, 430, 410, 390, 370, 350, 330, 310, 290, 270, 270] [246, 515] 15 3
