[290, 290, 290, 290, 290] [290, 270, 250, 230, 210] [10, 575] 5 0
[290, 290, 290, 290, 290] [310, 290, 270, 250, 230] [10, 575] 5 0
[290, 290, 290, 290, 290] [330, 310, 290, 270, 250] [10, 575] 5 0
[290, 290, 290, 290, 290] [350, 330, 310, 290, 270] [10, 575] 5 0
[290, 290, 290, 290, 290] [370, 350, 330, 310, 290] [10, 575] 5 0
[290, 290, 290, 290, 290] [390, 370, 350, 330, 310] [10, 575] 5 0
[290, 290, 290, 290, 290] [410, 390, 370, 350, 330] [10, 575] 5 0
[290, 290, 290, 290, 290] [430, 410, 390, 370, 350] [10, 575] 5 0
[290, 290, 290, 290, 290] [450, 430, 410, 390, 370] [10, 575] 5 0
[290, 290, 290, 290, 290] [470, 450, 430, 410, 390] [10, 575] 5 0
[290, 290, 290, 290, 290] [490, 470, 450, 430, 410] [10, 575] 5 0
[290, 290, 290, 290, 290] [510, 490, 470, 450, 430] [10, 575] 5 0
[290, 290, 290, 290, 290] [530, 510, 490, 470, 450] [10, 575] 5 0
[290, 290, 290, 290, 290] [550, 530, 510, 490, 470] [10, 575] 5 0
[290, 290, 290, 290, 290] [570, 550, 530, 510, 490] [10, 575] 5 0
[270, 290, 290, 290, 290] [570, 570, 550, 530, 510] [10, 575] 5 3
[250, 270, 290, 290, 290] [570, 570, 570, 550, 530] [10, 575] 5 3
[230, 250, 270, 290, 290] [570, 570, 570, 570, 550] [10, 575] 5 3
[210, 230, 250, 270, 290] [570, 570, 570, 570, 570] [10, 575] 5 3
[190, 210, 230, 250, 270] [570, 570, 570, 570, 570] [10, 575] 5 3
[170, 190, 210, 230, 250] [570, 570, 570, 570, 570] [10, 575] 5 3
[150, 170, 190, 210, 230] [570, 570, 570, 570, 570] [10, 575] 5 3
[130, 150, 170, 190, 210] [570, 570, 570, 570, 570] [10, 575] 5 3
[110, 130, 150, 170, 190] [570, 570, 570, 570, 570] [10, 575] 5 3
[90, 110, 130, 150, 170] [570, 570, 570, 570, 570] [10, 575] 5 3
[70, 90, 110, 130, 150] [570, 570, 570, 570, 570] [10, 575] 5 3
[50, 70, 90, 110, 130] [570, 570, 570, 570, 570] [10, 575] 5 3
[30, 50, 70, 90, 110] [570, 570, 570, 570, 570] [10, 575] 5 3
[10, 30, 50, 70, 90] [570, 570, 570, 570, 570] [10, 575] 5 3
[10, 10, 30, 50, 70, 90] [550, 570, 570, 570, 570, 570] [326, 189] 6 2
[10, 10, 10, 30, 50, 70] [530, 550, 570, 570, 570, 570] [326, 189] 6 2
[10, 10, 10, 10, 30, 50] [510, 530, 550, 570, 570, 570] [326, 189] 6 2
[10, 10, 10, 10, 10, 30] [490, 510, 530, 550, 570, 570] [326, 189] 6 2
[10, 10, 10, 10, 10, 10] [470, 490, 510, 530, 550, 570] [326, 189] 6 2
[10, 10, 10, 10, 10, 10] [450, 470, 490, 510, 530, 550] [326, 189] 6 2
[10, 10, 10, 10, 10, 10] [430, 450, 470, 490, 510, 530] [326, 189] 6 2
[10, 10, 10, 10, 10, 10] [410, 430, 450, 470, 490, 510] [326, 189] 6 2
[10, 10, 10, 10, 10, 10] [390, 410, 430, 450, 470, 490] [326, 189] 6 2
[10, 10, 10, 10, 10, 10] [370, 390, 410, 430, 450, 470] [326, 189] 6 2
[10, 10, 10, 10, 10, 10] [350, 370, 390, 410, 430, 450] [326, 189] 6 2
[10, 10, 10, 10, 10, 10] [330, 350, 370, 390, 410, 430] [326, 189] 6 2
[10, 10, 10, 10, 10, 10] [310, 330, 350, 370, 390, 410] [326, 189] 6 2
[10, 10, 10, 10, 10, 10] [290, 310, 330, 350, 370, 390] [326, 189] 6 2
[10, 10, 10, 10, 10, 10] [270, 290, 310, 330, 350, 370] [326, 189] 6 2
[10, 10, 10, 10, 10, 10] [250, 270, 290, 310, 330, 350] [326, 189] 6 2
[10, 10, 10, 10, 10, 10] [230, 250, 270, 290, 310, 330] [326, 189] 6 2
[10, 10, 10, 10, 10, 10] [210, 230, 250, 270, 290, 310] [326, 189] 6 2
[10, 10, 10, 10, 10, 10] [190, 210, 230, 250, 270, 290] [326, 189] 6 2
[10, 10, 10, 10, 10, 10] [170, 190, 210, 230, 250, 270] [326, 189] 6 2
[30, 10, 10, 10, 10, 10] [170, 170, 190, 210, 230, 250] [326, 189] 6 1
[50, 30, 10, 10, 10, 10] [170, 170, 170, 190, 210, 230] [326, 189] 6 1
[70, 50, 30, 10, 10, 10] [170, 170, 170, 170, 190, 210] [326, 189] 6 1
[90, 70, 50, 30, 10, 10] [170, 170, 170, 170, 170, 190] [326, 189] 6 1
[110, 90, 70, 50, 30, 10] [170, 170, 170, 170, 170, 170] [326, 189] 6 1
[130, 110, 90, 70, 50, 30] [170, 170, 170, 170, 170, 170] [326, 189] 6 1
[150, 130, 110, 90, 70, 50] [170, 170, 170, 170, 170, 170] [326, 189] 6 1
[170, 150, 130, 110, 90, 70] [170, 170, 170, 170, 170, 170] [326, 189] 6 1
[190, 170, 150, 130, 110, 90] [170, 170, 170, 170, 170, 170] [326, 189] 6 1
[210, 190, 170, 150, 130, 110] [170, 170, 170, 170, 170, 170] [326, 189] 6 1
[230, 210, 190, 170, 150, 130] [170, 170, 170, 170, 170, 170] [326, 189] 6 1
[250, 230, 210, 190, 170, 150] [170, 170, 170, 170, 170, 170] [326, 189] 6 1
[270, 250, 230, 210, 190, 170] [170, 170, 170, 170, 170, 170] [326, 189] 6 1
[290, 270, 250, 230, 210, 190] [170, 170, 170, 170, 170, 170] [326, 189] 6 1
[310, 290, 270, 250, 230, 210] [170, 170, 170, 170, 170, 170] [326, 189] 6 1
[330, 310, 290, 270, 250, 230, 210] [170, 170, 170, 170, 170, 170, 170] [571, 200] 7 1
[350, 330, 310, 290, 270, 250, 230] [170, 170, 170, 170, 170, 170, 170] [571, 200] 7 1
[370, 350, 330, 310, 290, 270, 250] [170, 170, 170, 170, 170, 170, 170] [571, 200] 7 1
[390, 370, 350, 330, 310, 290, 270] [170, 170, 170, 170, 170, 170, 170] [571, 200] 7 1
[410, 390, 370, 350, 330, 310, 290] [170, 170, 170, 170, 170, 170, 170] [571, 200] 7 1
[430, 410, 390, 370, 350, 330, 310] [170, 170, 170, 170, 170, 170, 170] [571, 200] 7 1
[450, 430, 410, 390, 370, 350, 330] [170, 170, 170, 170, 170, 170, 170] [571, 200] 7 1
[470, 450, 430, 410, 390, 370, 350] [170, 170, 170, 170, 170, 170, 170] [571, 200] 7 1
[490, 470, 450, 430, 410, 390, 370] [170, 170, 170, 170, 170, 170, 170] [571, 200] 7 1
[510, 490, 470, 450, 430, 410, 390] [170, 170, 170, 170, 170, 170, 170] [571, 200] 7 1
[530, 510, 490, 470, 450, 430, 410] [170, 170, 170, 170, 170, 170, 170] [571, 200] 7 1
[550, 530, 510, 490, 470, 450, 430] [170, 170, 170, 170, 170, 170, 170] [571, 200] 7 1
[570, 550, 530, 510, 490, 470, 450] [170, 170, 170, 170, 170, 170, 170] [571, 200] 7 1
[570, 570, 550, 530, 510, 490, 470] [190, 170, 170, 170, 170, 170, 170] [571, 200] 7 0
[570, 570, 570, 550, 530, 510, 490, 470] [210, 190, 170, 170, 170, 170, 170, 170] [124, 83] 8 0
[550, 570, 570, 570, 550, 530, 510, 490] [210, 210, 190, 170, 170, 170, 170, 170] [124, 83] 8 3
[530, 550, 570, 570, 570, 550, 530, 510] [210, 210, 210, 190, 170, 170, 170, 170] [124, 83] 8 3
[510, 530, 550, 570, 570, 570, 550, 530] [210, 210, 210, 210, 190, 170, 170, 170] [124, 83] 8 3
[490, 510, 530, 550, 570, 570, 570, 550] [210, 210, 210, 210, 210, 190, 170, 170] [124, 83] 8 3
[470, 490, 510, 530, 550, 570, 570, 570] [210, 210, 210, 210, 210, 210, 190, 170] [124, 83] 8 3
[450, 470, 490, 510, 530, 550, 570, 570] [210, 210, 210, 210, 210, 210, 210, 190] [124, 83] 8 3
[430, 450, 470, 490, 510, 530, 550, 570] [210, 210, 210, 210, 210, 210, 210, 210] [124, 83] 8 3
[410, 430, 450, 470, 490, 510, 530, 550] [210, 210, 210, 210, 210, 210, 210, 210] [124, 83] 8 3
[390, 410, 430, 450, 470, 490, 510, 530] [210, 210, 210, 210, 210, 210, 210, 210] [124, 83] 8 3
[370, 390, 410, 430, 450, 470, 490, 510] [210, 210, 210, 210, 210, 210, 210, 210] [124, 83] 8 3
[350, 370, 390, 410, 430, 450, 470, 490] [210, 210, 210, 210, 210, 210, 210, 210] [124, 83] 8 3
[330, 350, 370, 390, 410, 430, 450, 470] [210, 210, 210, 210, 210, 210, 210, 210] [124, 83] 8 3
[310, 330, 350, 370, 390, 410, 430, 450] [210, 210, 210, 210, 210, 210, 210, 210] [124, 83] 8 3
[290, 310, 330, 350, 370, 390, 410, 430] [210, 210, 210, 210, 210, 210, 210, 210] [124, 83] 8 3
[270, 290, 310, 330, 350, 370, 390, 410] [210, 210, 210, 210, 210, 210, 210, 210] [124, 83] 8 3
[250, 270, 290, 310, 330, 350, 370, 390] [210, 210, 210, 210, 210, 210, 210, 210] [124, 83] 8 3
[230, 250, 270, 290, 310, 330, 350, 370] [210, 210, 210, 210, 210, 210, 210, 210] [124, 83] 8 3
[210, 230, 250, 270, 290, 310, 330, 350] [210, 210, 210, 210, 210, 210, 210, 210] [124, 83] 8 3
[190, 210, 230, 250, 270, 290, 310, 330] [210, 210, 210, 210, 210, 210, 210, 210] [124, 83] 8 3
[170, 190, 210, 230, 250, 270, 290, 310] [210, 210, 210, 210, 210, 210, 210, 210] [124, 83] 8 3
[150, 170, 190, 210, 230, 250, 270, 290] [210, 210, 210, 210, 210, 210, 210, 210] [124, 83] 8 3
[130, 150, 170, 190, 210, 230, 250, 270] [210, 210, 210, 210, 210, 210, 210, 210] [124, 83] 8 3
[110, 130, 150, 170, 190, 210, 230, 250] [210, 210, 210, 210, 210, 210, 210, 210] [124, 83] 8 3
[110, 110, 130, 150, 170, 190, 210, 230] [190, 210, 210, 210, 210, 210, 210, 210] [124, 83] 8 2
[110, 110, 110, 130, 150, 170, 190, 210] [170, 190, 210, 210, 210, 210, 210, 210] [124, 83] 8 2
[110, 110, 110, 110, 130, 150, 170, 190] [150, 170, 190, 210, 210, 210, 210, 210] [124, 83] 8 2
[110, 110, 110, 110, 110, 130, 150, 170] [130, 150, 170, 190, 210, 210, 210, 210] [124, 83] 8 2
[110, 110, 110, 110, 110, 110, 130, 150] [110, 130, 150, 170, 190, 210, 210, 210] [124, 83] 8 2
[110, 110, 110, 110, 110, 110, 110, 130] [90, 110, 130, 150, 170, 190, 210, 210] [124, 83] 8 2
[110, 110, 110, 110, 110, 110, 110, 110, 130] [70, 90, 110, 130, 150, 170, 190, 210, 210] [34, 404] 9 2
[90, 110, 110, 110, 110, 110, 110, 110, 110] [70, 70, 90, 110, 130, 150, 170, 190, 210] [34, 404] 9 3
[70, 90, 110, 110, 110, 110, 110, 110, 110] [70, 70, 70, 90, 110, 130, 150, 170, 190] [34, 404] 9 3
[50, 70, 90, 110, 110, 110, 110, 110, 110] [70, 70, 70, 70, 90, 110, 130, 150, 170] [34, 404] 9 3
[30, 50, 70, 90, 110, 110, 110, 110, 110] [70, 70, 70, 70, 70, 90, 110, 130, 150] [34, 404] 9 3
[30, 30, 50, 70, 90, 110, 110, 110, 110] [90, 70, 70, 70, 70, 70, 90, 110, 130] [34, 404] 9 0
[30, 30, 30, 50, 70, 90, 110, 110, 110] [110, 90, 70, 70, 70, 70, 70, 90, 110] [34, 404] 9 0
[30, 30, 30, 30, 50, 70, 90, 110, 110] [130, 110, 90, 70, 70, 70, 70, 70, 90] [34, 404] 9 0
[30, 30, 30, 30, 30, 50, 70, 90, 110] [150, 130, 110, 90, 70, 70, 70, 70, 70] [34, 404] 9 0
[30, 30, 30, 30, 30, 30, 50, 70, 90] [170, 150, 130, 110, 90, 70, 70, 70, 70] [34, 404] 9 0
[30, 30, 30, 30, 30, 30, 30, 50, 70] [190, 170, 150, 130, 110, 90, 70, 70, 70] [34, 404] 9 0
[30, 30, 30, 30, 30, 30, 30, 30, 50] [210, 190, 170, 150, 130, 110, 90, 70, 70] [34, 404] 9 0
[30, 30, 30, 30, 30, 30, 30, 30, 30] [230, 210, 190, 170, 150, 130, 110, 90, 70] [34, 404] 9 0
[30, 30, 30, 30, 30, 30, 30, 30, 30] [250, 230, 210, 190, 170, 150, 130, 110, 90] [34, 404] 9 0
[30, 30, 30, 30, 30, 30, 30, 30, 30] [270, 250, 230, 210, 190, 170, 150, 130, 110] [34, 404] 9 0
[30, 30, 30, 30, 30, 30, 30, 30, 30] [290, 270, 250, 230, 210, 190, 170, 150, 130] [34, 404] 9 0
[30, 30, 30, 30, 30, 30, 30, 30, 30] [310, 290, 270, 250, 230, 210, 190, 170, 150] [34, 404] 9 0
[30, 30, 30, 30, 30, 30, 30, 30, 30] [330, 310, 290, 270, 250, 230, 210, 190, 170] [34, 404] 9 0
[30, 30, 30, 30, 30, 30, 30, 30, 30] [350, 330, 310, 290, 270, 250, 230, 210, 190] [34, 404] 9 0
[30, 30, 30, 30, 30, 30, 30, 30, 30] [370, 350, 330, 310, 290, 270, 250, 230, 210] [34, 404] 9 0
[30, 30, 30, 30, 30, 30, 30, 30, 30] [390, 370, 350, 330, 310, 290, 270, 250, 230] [34, 404] 9 0
[30, 30, 30, 30, 30, 30, 30, 30, 30, 30] [410, 390, 370, 350, 330, 310, 290, 270, 250, 230] [297, 378] 10 0
[50, 30, 30, 30, 30, 30, 30, 30, 30, 30] [410, 410, 390, 370, 350, 330, 310, 290, 270, 250] [297, 378] 10 1
[70, 50, 30, 30, 30, 30, 30, 30, 30, 30] [410, 410, 410, 390, 370, 350, 330, 310, 290, 270] [297, 378] 10 1
[90, 70, 50, 30, 30, 30, 30, 30, 30, 30] [410, 410, 410, 410, 390, 370, 350, 330, 310, 290] [297, 378] 10 1
[110, 90, 70, 50, 30, 30, 30, 30, 30, 30] [410, 410, 410, 410, 410, 390, 370, 350, 330, 310] [297, 378] 10 1
[130, 110, 90, 70, 50, 30, 30, 30, 30, 30] [410, 410, 410, 410, 410, 410, 390, 370, 350, 330] [297, 378] 10 1
[150, 130, 110, 90, 70, 50, 30, 30, 30, 30] [410, 410, 410, 410, 410, 410, 410, 390, 370, 350] [297, 378] 10 1
[170, 150, 130, 110, 90, 70, 50, 30, 30, 30] [410, 410, 410, 410, 410, 410, 410, 410, 390, 370] [297, 378] 10 1
[190, 170, 150, 130, 110, 90, 70, 50, 30, 30] [410, 410, 410, 410, 410, 410, 410, 410, 410, 390] [297, 378] 10 1
[210, 190, 170, 150, 130, 110, 90, 70, 50, 30] [410, 410, 410, 410, 410, 410, 410, 410, 410, 410] [297, 378] 10 1
[230, 210, 190, 170, 150, 130, 110, 90, 70, 50] [410, 410, 410, 410, 410, 410, 410, 410, 410, 410] [297, 378] 10 1
[250, 230, 210, 190, 170, 150, 130, 110, 90, 70] [410, 410, 410, 410, 410, 410, 410, 410, 410, 410] [297, 378] 10 1
[270, 250, 230, 210, 190, 170, 150, 130, 110, 90] [410, 410, 410, 410, 410, 410, 410, 410, 410, 410] [297, 378] 10 1
[290, 270, 250, 230, 210, 190, 170, 150, 130, 110] [410, 410, 410, 410, 410, 410, 410, 410, 410, 410] [297, 378] 10 1
[290, 290, 270, 250, 230, 210, 190, 170, 150, 130] [390, 410, 410, 410, 410, 410, 410, 410, 410, 410] [297, 378] 10 2
[290, 290, 290, 270, 250, 230, 210, 190, 170, 150] [370, 390, 410, 410, 410, 410, 410, 410, 410, 410] [297, 378] 10 2
[290, 290, 290, 290, 270, 250, 230, 210, 190, 170, 150] [350, 370, 390, 410, 410, 410, 410, 410, 410, 410, 410] [385, 574] 11 2
[310, 290, 290, 290, 290, 270, 250, 230, 210, 190, 170] [350, 350, 370, 390, 410, 410, 410, 410, 410, 410, 410] [385, 574] 11 1
[330, 310, 290, 290, 290, 290, 270, 250, 230, 210, 190] [350, 350, 350, 370, 390, 410, 410, 410, 410, 410, 410] [385, 574] 11 1
[350, 330, 310, 290, 290, 290, 290, 270, 250, 230, 210] [350, 350, 350, 350, 370, 390, 410, 410, 410, 410, 410] [385, 574] 11 1
[370, 350, 330, 310, 290, 290, 290, 290, 270, 250, 230] [350, 350, 350, 350, 350, 370, 390, 410, 410, 410, 410] [385, 574] 11 1
[390, 370, 350, 330, 310, 290, 290, 290, 290, 270, 250] [350, 350, 350, 350, 350, 350, 370, 390, 410, 410, 410] [385, 574] 11 1
[390, 390, 370, 350, 330, 310, 290, 290, 290, 290, 270] [370, 350, 350, 350, 350, 350, 350, 370, 390, 410, 410] [385, 574] 11 0
[390, 390, 390, 370, 350, 330, 310, 290, 290, 290, 290] [390, 370, 350, 350, 350, 350, 350, 350, 370, 390, 410] [385, 574] 11 0
[390, 390, 390, 390, 370, 350, 330, 310, 290, 290, 290] [410, 390, 370, 350, 350, 350, 350, 350, 350, 370, 390] [385, 574] 11 0
[390, 390, 390, 390, 390, 370, 350, 330, 310, 290, 290] [430, 410, 390, 370, 350, 350, 350, 350, 350, 350, 370] [385, 574] 11 0
[390, 390, 390, 390, 390, 390, 370, 350, 330, 310, 290] [450, 430, 410, 390, 370, 350, 350, 350, 350, 350, 350] [385, 574] 11 0
[390, 390, 390, 390, 390, 390, 390, 370, 350, 330, 310] [470, 450, 430, 410, 390, 370, 350, 350, 350, 350, 350] [385, 574] 11 0
[390, 390, 390, 390, 390, 390, 390, 390, 370, 350, 330] [490, 470, 450, 430, 410, 390, 370, 350, 350, 350, 350] [385, 574] 11 0
[390, 390, 390, 390, 390, 390, 390, 390, 390, 370, 350] [510, 490, 470, 450, 430, 410, 390, 370, 350, 350, 350] [385, 574] 11 0
[390, 390, 390, 390, 390, 390, 390, 390, 390, 390, 370] [530, 510, 490, 470, 450, 430, 410, 390, 370, 350, 350] [385, 574] 11 0
[390, 390, 390, 390, 390, 390, 390, 390, 390, 390, 390] [550, 530, 510, 490, 470, 450, 430, 410, 390, 370, 350] [385, 574] 11 0
[390, 390, 390, 390, 390, 390, 390, 390, 390, 390, 390] [570, 550, 530, 510, 490, 470, 450, 430, 410, 390, 370] [385, 574] 11 0
[370, 390, 390, 390, 390, 390, 390, 390, 390, 390, 390, 390] [570, 570, 550, 530, 510, 490, 470, 450, 430, 410, 390, 370] [163, 486] 12 3
[350, 370, 390, 390, 390, 390, 390, 390, 390, 390, 390, 390] [570, 570, 570, 550, 530, 510, 490, 470, 450, 430, 410, 390] [163, 486] 12 3
[330, 350, 370, 390, 390, 390, 390, 390, 390, 390, 390, 390] [570, 570, 570, 570, 550, 530, 510, 490, 470, 450, 430, 410] [163, 486] 12 3
[310, 330, 350, 370, 390, 390, 390, 390, 390, 390, 390, 390] [570, 570, 570, 570, 570, 550, 530, 510, 490, 470, 450, 430] [163, 486] 12 3
[290, 310, 330, 350, 370, 390, 390, 390, 390, 390, 390, 390] [570, 570, 570, 570, 570, 570, 550, 530, 510, 490, 470, 450] [163, 486] 12 3
[270, 290, 310, 330, 350, 370, 390, 390, 390, 390, 390, 390] [570, 570, 570, 570, 570, 570, 570, 550, 530, 510, 490, 470] [163, 486] 12 3
[250, 270, 290, 310, 330, 350, 370, 390, 390, 390, 390, 390] [570, 570, 570, 570, 570, 570, 570, 570, 550, 530, 510, 490] [163, 486] 12 3
[230, 250, 270, 290, 310, 330, 350, 370, 390, 390, 390, 390] [570, 570, 570, 570, 570, 570, 570, 570, 570, 550, 530, 510] [163, 486] 12 3
[210, 230, 250, 270, 290, 310, 330, 350, 370, 390, 390, 390] [570, 570, 570, 570, 570, 570, 570, 570, 570, 570, 550, 530] [163, 486] 12 3
[190, 210, 230, 250, 270, 290, 310, 330, 350, 370, 390, 390] [570, 570, 570, 570, 570, 570, 570, 570, 570, 570, 570, 550] [163, 486] 12 3
[170, 190, 210, 230, 250, 270, 290, 310, 330, 350, 370, 390] [570, 570, 570, 570, 570, 570, 570, 570, 570, 570, 570, 570] [163, 486] 12 3
[150, 170, 190, 210, 230, 250, 270, 290, 310, 330, 350, 370] [570, 570, 570, 570, 570, 570, 570, 570, 570, 570, 570, 570] [163, 486] 12 3
[150, 150, 170, 190, 210, 230, 250, 270, 290, 310, 330, 350] [550, 570, 570, 570, 570, 570, 570, 570, 570, 570, 570, 570] [163, 486] 12 2
[150, 150, 150, 170, 190, 210, 230, 250, 270, 290, 310, 330] [530, 550, 570, 570, 570, 570, 570, 570, 570, 570, 570, 570] [163, 486] 12 2
[150, 150, 150, 150, 170, 190, 210, 230, 250, 270, 290, 310] [510, 530, 550, 570, 570, 570, 570, 570, 570, 570, 570, 570] [163, 486] 12 2
[150, 150, 150, 150, 150, 170, 190, 210, 230, 250, 270, 290] [490, 510, 530, 550, 570, 570, 570, 570, 570, 570, 570, 570] [163, 486] 12 2
[150, 150, 150, 150, 150, 150, 170, 190, 210, 230, 250, 270, 290] [470, 490, 510, 530, 550, 570, 570, 570, 570, 570, 570, 570, 570] [66, 387] 13 2
[150, 150, 150, 150, 150, 150, 150, 170, 190, 210, 230, 250, 270] [450, 470, 490, 510, 530, 550, 570, 570, 570, 570, 570, 570, 570] [66, 387] 13 2
[150, 150, 150, 150, 150, 150, 150, 150, 170, 190, 210, 230, 250] [430, 450, 470, 490, 510, 530, 550, 570, 570, 570, 570, 570, 570] [66, 387] 13 2
[150, 150, 150, 150, 150, 150, 150, 150, 150, 170, 190, 210, 230] [410, 430, 450, 470, 490, 510, 530, 550, 570, 570, 570, 570, 570] [66, 387] 13 2
[150, 150, 150, 150, 150, 150, 150, 150, 150, 150, 170, 190, 210] [390, 410, 430, 450, 470, 490, 510, 530, 550, 570, 570, 570, 570] [66, 387] 13 2
[130, 150, 150, 150, 150, 150, 150, 150, 150, 150, 150, 170, 190] [390, 390, 410, 430, 450, 470, 490, 510, 530, 550, 570, 570, 570] [66, 387] 13 3
[110, 130, 150, 150, 150, 150, 150, 150, 150, 150, 150, 150, 170] [390, 390, 390, 410, 430, 450, 470, 490, 510, 530, 550, 570, 570] [66, 387] 13 3
[90, 110, 130, 150, 150, 150, 150, 150, 150, 150, 150, 150, 150] [390, 390, 390, 390, 410, 430, 450, 470, 490, 510, 530, 550, 570] [66, 387] 13 3
[70, 90, 110, 130, 150, 150, 150, 150, 150, 150, 150, 150, 150] [390, 390, 390, 390, 390, 410, 430, 450, 470, 490, 510, 530, 550] [66, 387] 13 3
[50, 70, 90, 110, 130, 150, 150, 150, 150, 150, 150, 150, 150, 150] [390, 390, 390, 390, 390, 390, 410, 430, 450, 470, 490, 510, 530, 550] [563, 386] 14 3
[50, 50, 70, 90, 110, 130, 150, 150, 150, 150, 150, 150, 150, 150] [370, 390, 390, 390, 390, 390, 390, 410, 430, 450, 470, 490, 510, 530] [563, 386] 14 2
[70, 50, 50, 70, 90, 110, 130, 150, 150, 150, 150, 150, 150, 150] [370, 370, 390, 390, 390, 390, 390, 390, 410, 430, 450, 470, 490, 510] [563, 386] 14 1
[90, 70, 50, 50, 70, 90, 110, 130, 150, 150, 150, 150, 150, 150] [370, 370, 370, 390, 390, 390, 390, 390, 390, 410, 430, 450, 470, 490] [563, 386] 14 1
[110, 90, 70, 50, 50, 70, 90, 110, 130, 150, 150, 150, 150, 150] [370, 370, 370, 370, 390, 390, 390, 390, 390, 390, 410, 430, 450, 470] [563, 386] 14 1
[130, 110, 90, 70, 50, 50, 70, 90, 110, 130, 150, 150, 150, 150] [370, 370, 370, 370, 370, 390, 390, 390, 390, 390, 390, 410, 430, 450] [563, 386] 14 1
[150, 130, 110, 90, 70, 50, 50, 70, 90, 110, 130, 150, 150, 150] [370, 370, 370, 370, 370, 370, 390, 390, 390, 390, 390, 390, 410, 430] [563, 386] 14 1
[170, 150, 130, 110, 90, 70, 50, 50, 70, 90, 110, 130, 150, 150] [370, 370, 370, 370, 370, 370, 370, 390, 390, 390, 390, 390, 390, 410] [563, 386] 14 1
[190, 170, 150, 130, 110, 90, 70, 50, 50, 70, 90, 110, 130, 150] [370, 370, 370, 370, 370, 370, 370, 370, 390, 390, 390, 390, 390, 390] [563, 386] 14 1
[210, 190, 170, 150, 130, 110, 90, 70, 50, 50, 70, 90, 110, 130] [370, 370, 370, 370, 370, 370, 370, 370, 370, 390, 390, 390, 390, 390] [563, 386] 14 1
[230, 210, 190, 170, 150, 130, 110, 90, 70, 50, 50, 70, 90, 110] [370, 370, 370, 370, 370, 370, 370, 370, 370, 370, 390, 390, 390, 390] [563, 386] 14 1
[250, 230, 210, 190, 170, 150, 130, 110, 90, 70, 50, 50, 70, 90] [370, 370, 370, 370, 370, 370, 370, 370, 370, 370, 370, 390, 390, 390] [563, 386] 14 1
[270, 250, 230, 210, 190, 170, 150, 130, 110, 90, 70, 50, 50, 70] [370, 370, 370, 370, 370, 370, 370, 370, 370, 370, 370, 370, 390, 390] [563, 386] 14 1
[290, 270, 250, 230, 210, 190, 170, 150, 130, 110, 90, 70, 50, 50] [370, 370, 370, 370, 370, 370, 370, 370, 370, 370, 370, 370, 370, 390] [563, 386] 14 1
[310, 290, 270, 250, 230, 210, 190, 170, 150, 130, 110, 90, 70, 50] [370, 370, 370, 370, 370, 370, 370, 370, 370, 370, 370, 370, 370, 370] [563, 386] 14 1
[330, 310, 290, 270, 250, 230, 210, 190, 170, 150, 130, 110, 90, 70] [370, 370, 370, 370, 370, 370, 370, 370, 370, 370, 370, 370, 370, 370] [563, 386] 14 1
[350, 330, 310, 290, 270, 250, 230, 210, 190, 170, 150, 130, 110, 90] [370, 370, 370, 370, 370, 370, 370, 370, 370, 370, 370, 370, 370, 370] [563, 386] 14 1
[370, 350, 330, 310, 290, 270, 250, 230, 210, 190, 170, 150, 130, 110] [370, 370, 370, 370, 370, 370, 370, 370, 370, 370, 370, 370, 370, 370] [563, 386] 14 1
[390, 370, 350, 330, 310, 290, 270, 250, 230, 210, 190, 170, 150, 130] [370, 370, 370, 370, 370, 370, 370, 370, 370, 370, 370, 370, 370, 370] [563, 386] 14 1
[410, 390, 370, 350, 330, 310, 290, 270, 250, 230, 210, 190, 170, 150] [370, 370, 370, 370, 370, 370, 370, 370, 370, 370, 370, 370, 370, 370] [563, 386] 14 1
[430, 410, 390, 370, 350, 330, 310, 290, 270, 250, 230, 210, 190, 170] [370, 370, 370, 370, 370, 370, 370, 370, 370, 370, 370, 370, 370, 370] [563, 386] 14 1
[450, 430, 410, 390, 370, 350, 330, 310, 290, 270, 250, 230, 210, 190] [370, 370, 370, 370, 370, 370, 370, 370, 370, 370, 370, 370, 370, 370] [563, 386] 14 1
[470, 450, 430, 410, 390, 370, 350, 330, 310, 290, 270, 250, 230, 210] [370, 370, 370, 370, 370, 370, 370, 370, 370, 370, 370, 370, 370, 370] [563, 386] 14 1
[490, 470, 450, 430, 410, 390, 370, 350, 330, 310, 290, 270, 250, 230] [370, 370, 370, 370, 370, 370, 370, 370, 370, 370, 370, 370, 370, 370] [563, 386] 14 1
[510, 490, 470, 450, 430, 410, 390, 370, 350, 330, 310, 290, 270, 250] [370, 370, 370, 370, 370, 370, 370, 370, 370, 370, 370, 370, 370, 370] [563, 386] 14 1
[530, 510, 490, 470, 450, 430, 410, 390, 370, 350, 330, 310, 290, 270] [370, 370, 370, 370, 370, 370, 370, 370, 370, 370, 370, 370, 370, 370] [563, 386] 14 1
[550, 530, 510, 490, 470, 450, 430, 410, 390, 370, 350, 330, 310, 290] [370, 370, 370, 370, 370, 370, 370, 370, 370, 370, 370, 370, 370, 370] [563, 386] 14 1
[550, 550, 530, 510, 490, 470, 450, 430, 410, 390, 370, 350, 330, 310, 290] [390, 370, 370, 370, 370, 370, 370, 370, 370, 370, 370, 370, 370, 370, 370] [310, 503] 15 0
[550, 550, 550, 530, 510, 490, 470, 450, 430, 410, 390, 370, 350, 330, 310] [410, 390, 370, 370, 370, 370, 370, 370, 370, 370, 370, 370, 370, 370, 370] [310, 503] 15 0
[550, 550, 550, 550, 530, 510, 490, 470, 450, 430, 410, 390, 370, 350, 330] [430, 410, 390, 370, 370, 370, 370, 370, 370, 370, 370, 370, 370, 370, 370] [310, 503] 15 0
[550, 550, 550, 550, 550, 530, 510, 490, 470, 450, 430, 410, 390, 370, 350] [450, 430, 410, 390, 370, 370, 370, 370, 370, 370, 370, 370, 370, 370, 370] [310, 503] 15 0
[550, 550, 550, 550, 550, 550, 530, 510, 490, 470, 450, 430, 410, 390, 370] [470, 450, 430, 410, 390, 370, 370, 370, 370, 370, 370, 370, 370, 370, 370] [310, 503] 15 0
[550, 550, 550, 550, 550, 550, 550, 530, 510, 490, 470, 450, 430, 410, 390] [490, 470, 450, 430, 410, 390, 370, 370, 370, 370, 370, 370, 370, 370, 370] [310, 503] 15 0
[550, 550, 550, 550, 550, 550, 550, 550, 530, 510, 490, 470, 450, 430, 410] [510, 490, 470, 450, 430, 410, 390, 370, 370, 370, 370, 370, 370, 370, 370] [310, 503] 15 0
[530, 550, 550, 550, 550, 550, 550, 550, 550, 530, 510, 490, 470, 450, 430] [510, 510, 490, 470, 450, 430, 410, 390, 370, 370, 370, 370, 370, 370, 370] [310, 503] 15 3
[510, 530, 550, 550, 550, 550, 550, 550, 550, 550, 530, 510, 490, 470, 450] [510, 510, 510, 490, 470, 450, 430, 410, 390, 370, 370, 370, 370, 370, 370] [310, 503] 15 3
[490, 510, 530, 550, 550, 550, 550, 550, 550, 550, 550, 530, 510, 490, 470] [510, 510, 510, 510, 490, 470, 450, 430, 410, 390, 370, 370, 370, 370, 370] [310, 503] 15 3
[470, 490, 510, 530, 550, 550, 550, 550, 550, 550, 550, 550, 530, 510, 490] [510, 510, 510, 510, 510, 490, 470, 450, 430, 410, 390, 370, 370, 370, 370] [310, 503] 15 3
[450, 470, 490, 510, 530, 550, 550, 550, 550, 550, 550, 550, 550, 530, 510] [510, 510, 510, 510, 510, 510, 490, 470, 450, 430, 410, 390, 370, 370, 370] [310, 503] 15 3
[430, 450, 470, 490, 510, 530, 550, 550, 550, 550, 550, 550, 550, 550, 530] [510, 510, 510, 510, 510, 510, 510, 490, 470, 450, 430, 410, 390, 370, 370] [310, 503] 15 3
[410, 430, 450, 470, 490, 510, 530, 550, 550, 550, 550, 550, 550, 550, 550] [510, 510, 510, 510, 510, 510, 510, 510, 490, 470, 450, 430, 410, 390, 370] [310, 503] 15 3
[390, 410, 430, 450, 470, 490, 510, 530, 550, 550, 550, 550, 550, 550, 550] [510, 510, 510, 510, 510, 510, 510, 510, 510, 490, 470, 450, 430, 410, 390] [310, 503] 15 3
[370, 390, 410, 430, 450, 470, 490, 510, 530, 550, 550, 550, 550, 550, 550] [510, 510, 510, 510, 510, 510, 510, 510, 510, 510, 490, 470, 450, 430, 410] [310, 503] 15 3
[350, 370, 390, 410, 430, 450, 470, 490, 510, 530, 550, 550, 550, 550, 550] [510, 510, 510, 510, 510, 510, 510, 510, 510, 510, 510, 490, 470, 450, 430] [310, 503] 15 3
[330, 350, 370, 390, 410, 430, 450, 470, 490, 510, 530, 550, 550, 550, 550] [510, 510, 510, 510, 510, 510, 510, 510, 510, 510, 510, 510, 490, 470, 450] [310, 503] 15 3
[310, 330, 350, 370, 390, 410, 430, 450, 470, 490, 510, 530, 550, 550, 550] [510, 510, 510, 510, 510, 510, 510, 510, 510, 510, 510, 510, 510, 490, 470] [310, 503] 15 3
[290, 310, 330, 350, 370, 390, 410, 430, 450, 470, 490, 510, 530, 550, 550, 550] [510, 510, 510, 510, 510, 510, 510, 510, 510, 510, 510, 510, 510, 510, 490, 470] [73, 506] 16 3
[270, 290, 310, 330, 350, 370, 390, 410, 430, 450, 470, 490, 510, 530, 550, 550] [510, 510, 510, 510, 510, 510, 510, 510, 510, 510, 510, 510, 510, 510, 510, 490] [73, 506] 16 3
[250, 270, 290, 310, 330, 350, 370, 390, 410, 430, 450, 470, 490, 510, 530, 550] [510, 510, 510, 510, 510, 510, 510, 510, 510, 510, 510, 510, 510, 510, 510, 510] [73, 506] 16 3
[230, 250, 270, 290, 310, 330, 350, 370, 390, 410, 430, 450, 470, 490, 510, 530] [510, 510, 510, 510, 510, 510, 510, 510, 510, 510, 510, 510, 510, 510, 510, 510] [73, 506] 16 3
[210, 230, 250, 270, 290, 310, 330, 350, 370, 390, 410, 430, 450, 470, 490, 510] [510, 510, 510, 510, 510, 510, 510, 510, 510, 510, 510, 510, 510, 510, 510, 510] [73, 506] 16 3
[190, 210, 230, 250, 270, 290, 310, 330, 350, 370, 390, 410, 430, 450, 470, 490] [510, 510, 510, 510, 510, 510, 510, 510, 510, 510, 510, 510, 510, 510, 510, 510] [73, 506] 16 3
[170, 190, 210, 230, 250, 270, 290, 310, 330, 350, 370, 390, 410, 430, 450, 470] [510, 510, 510, 510, 510, 510, 510, 510, 510, 510, 510, 510, 510, 510, 510, 510] [73, 506] 16 3
[150, 170, 190, 210, 230, 250, 270, 290, 310, 330, 350, 370, 390, 410, 430, 450] [510, 510, 510, 510, 510, 510, 510, 510, 510, 510, 510, 510, 510, 510, 510, 510] [73, 506] 16 3
[130, 150, 170, 190, 210, 230, 250, 270, 290, 310, 330, 350, 370, 390, 410, 430] [510, 510, 510, 510, 510, 510, 510, 510, 510, 510, 510, 510, 510, 510, 510, 510] [73, 506] 16 3
[110, 130, 150, 170, 190, 210, 230, 250, 270, 290, 310, 330, 350, 370, 390, 410] [510, 510, 510, 510, 510, 510, 510, 510, 510, 510, 510, 510, 510, 510, 510, 510] [73, 506] 16 3
[90, 110, 130, 150, 170, 190, 210, 230, 250, 270, 290, 310, 330, 350, 370, 390] [510, 510, 510, 510, 510, 510, 510, 510, 510, 510, 510, 510, 510, 510, 510, 510] [73, 506] 16 3
[70, 90, 110, 130, 150, 170, 190, 210, 230, 250, 270, 290, 310, 330, 350, 370] [510, 510, 510, 510, 510, 510, 510, 510, 510, 510, 510, 510, 510, 510, 510, 510] [73, 506] 16 3
[70, 70, 90, 110, 130, 150, 170, 190, 210, 230, 250, 270, 290, 310, 330, 350, 370] [490, 510, 510, 510, 510, 510, 510, 510, 510, 510, 510, 510, 510, 510, 510, 510, 510] [412, 71] 17 2
[70, 70, 70, 90, 110, 130, 150, 170, 190, 210, 230, 250, 270, 290, 310, 330, 350] [470, 490, 510, 510, 510, 510, 510, 510, 510, 510, 510, 510, 510, 510, 510, 510, 510] [412, 71] 17 2
[70, 70, 70, 70, 90, 110, 130, 150, 170, 190, 210, 230, 250, 270, 290, 310, 330] [450, 470, 490, 510, 510, 510, 510, 510, 510, 510, 510, 510, 510, 510, 510, 510, 510] [412, 71] 17 2
[70, 70, 70, 70, 70, 90, 110, 130, 150, 170, 190, 210, 230, 250, 270, 290, 310] [430, 450, 470, 490, 510, 510, 510, 510, 510, 510, 510, 510, 510, 510, 510, 510, 510] [412, 71] 17 2
[70, 70, 70, 70, 70, 70, 90, 110, 130, 150, 170, 190, 210, 230, 250, 270, 290] [410, 430, 450, 470, 490, 510, 510, 510, 510, 510, 510, 510, 510, 510, 510, 510, 510] [412, 71] 17 2
[70, 70, 70, 70, 70, 70, 70, 90, 110, 130, 150, 170, 190, 210, 230, 250, 270] [390, 410, 430, 450, 470, 490, 510, 510, 510, 510, 510, 510, 510, 510, 510, 510, 510] [412, 71] 17 2
[70, 70, 70, 70, 70, 70, 70, 70, 90, 110, 130, 150, 170, 190, 210, 230, 250] [370, 390, 410, 430, 450, 470, 490, 510, 510, 510, 510, 510, 510, 510, 510, 510, 510] [412, 71] 17 2
[70, 70, 70, 70, 70, 70, 70, 70, 70, 90, 110, 130, 150, 170, 190, 210, 230] [350, 370, 390, 410, 430, 450, 470, 490, 510, 510, 510, 510, 510, 510, 510, 510, 510] [412, 71] 17 2
[70, 70, 70, 70, 70, 70, 70, 70, 70, 70, 90, 110, 130, 150, 170, 190, 210] [330, 350, 370, 390, 410, 430, 450, 470, 490, 510, 510, 510, 510, 510, 510, 510, 510] [412, 71] 17 2
[70, 70, 70, 70, 70, 70, 70, 70, 70, 70, 70, 90, 110, 130, 150, 170, 190] [310, 330, 350, 370, 390, 410, 430, 450, 470, 490, 510, 510, 510, 510, 510, 510, 510] [412, 71] 17 2
[70, 70, 70, 70, 70, 70, 70, 70, 70, 70, 70, 70, 90, 110, 130, 150, 170] [290, 310, 330, 350, 370, 390, 410, 430, 450, 470, 490, 510, 510, 510, 510, 510, 510] [412, 71] 17 2
[70, 70, 70, 70, 70, 70, 70, 70, 70, 70, 70, 70, 70, 90, 110, 130, 150] [270, 290, 310, 330, 350, 370, 390, 410, 430, 450, 470, 490, 510, 510, 510, 510, 510] [412, 71] 17 2
[70, 70, 70, 70, 70, 70, 70, 70, 70, 70, 70, 70, 70, 70, 90, 110, 130] [250, 270, 290, 310, 330, 350, 370, 390, 410, 430, 450, 470, 490, 510, 510, 510, 510] [412, 71] 17 2
[70, 70, 70, 70, 70, 70, 70, 70, 70, 70, 70, 70, 70, 70, 70, 90, 110] [230, 250, 270, 290, 310, 330, 350, 370, 390, 410, 430, 450, 470, 490, 510, 510, 510] [412, 71] 17 2
[70, 70, 70, 70, 70, 70, 70, 70, 70, 70, 70, 70, 70, 70, 70, 70, 90] [210, 230, 250, 270, 290, 310, 330, 350, 370, 390, 410, 430, 450, 470, 490, 510, 510] [412, 71] 17 2
[70, 70, 70, 70, 70, 70, 70, 70, 70, 70, 70, 70, 70, 70, 70, 70, 70] [190, 210, 230, 250, 270, 290, 310, 330, 350, 370, 390, 410, 430, 450, 470, 490, 510] [412, 71] 17 2
[70, 70, 70, 70, 70, 70, 70, 70, 70, 70, 70, 70, 70, 70, 70, 70, 70] [170, 190, 210, 230, 250, 270, 290, 310, 330, 350, 370, 390, 410, 430, 450, 470, 490] [412, 71] 17 2
[70, 70, 70, 70, 70, 70, 70, 70, 70, 70, 70, 70, 70, 70, 70, 70, 70] [150, 170, 190, 210, 230, 250, 270, 290, 310, 330, 350, 370, 390, 410, 430, 450, 470] [412, 71] 17 2
[70, 70, 70, 70, 70, 70, 70, 70, 70, 70, 70, 70, 70, 70, 70, 70, 70] [130, 150, 170, 190, 210, 230, 250, 270, 290, 310, 330, 350, 370, 390, 410, 430, 450] [412, 71] 17 2
[70, 70, 70, 70, 70, 70, 70, 70, 70, 70, 70, 70, 70, 70, 70, 70, 70] [110, 130, 150, 170, 190, 210, 230, 250, 270, 290, 310, 330, 350, 370, 390, 410, 430] [412, 71] 17 2
[70, 70, 70, 70, 70, 70, 70, 70, 70, 70, 70, 70, 70, 70, 70, 70, 70] [90, 110, 130, 150, 170, 190, 210, 230, 250, 270, 290, 310, 330, 350, 370, 390, 410] [412, 71] 17 2
[70, 70, 70, 70, 70, 70, 70, 70, 70, 70, 70, 70, 70, 70, 70, 70, 70] [70, 90, 110, 130, 150, 170, 190, 210, 230, 250, 270, 290, 310, 330, 350, 370, 390] [412, 71] 17 2
[70, 70, 70, 70, 70, 70, 70, 70, 70, 70, 70, 70, 70, 70, 70, 70, 70] [50, 70, 90, 110, 130, 150, 170, 190, 210, 230, 250, 270, 290, 310, 330, 350, 370] [412, 71] 17 2
[90, 70, 70, 70, 70, 70, 70, 70, 70, 70, 70, 70, 70, 70, 70, 70, 70] [50, 50, 70, 90, 110, 130, 150, 170, 190, 210, 230, 250, 270, 290, 310, 330, 350] [412, 71] 17 1
[110, 90, 70, 70, 70, 70, 70, 70, 70, 70, 70, 70, 70, 70, 70, 70, 70] [50, 50, 50, 70, 90, 110, 130, 150, 170, 190, 210, 230, 250, 270, 290, 310, 330] [412, 71] 17 1
[130, 110, 90, 70, 70, 70, 70, 70, 70, 70, 70, 70, 70, 70, 70, 70, 70] [50, 50, 50, 50, 70, 90, 110, 130, 150, 170, 190, 210, 230, 250, 270, 290, 310] [412, 71] 17 1
[150, 130, 110, 90, 70, 70, 70, 70, 70, 70, 70, 70, 70, 70, 70, 70, 70] [50, 50, 50, 50, 50, 70, 90, 110, 130, 150, 170, 190, 210, 230, 250, 270, 290] [412, 71] 17 1
[170, 150, 130, 110, 90, 70, 70, 70, 70, 70, 70, 70, 70, 70, 70, 70, 70] [50, 50, 50, 50, 50, 50, 70, 90, 110, 130, 150, 170, 190, 210, 230, 250, 270] [412, 71] 17 1
[190, 170, 150, 130, 110, 90, 70, 70, 70, 70, 70, 70, 70, 70, 70, 70, 70] [50, 50, 50, 50, 50, 50, 50, 70, 90, 110, 130, 150, 170, 190, 210, 230, 250] [412, 71] 17 1
[210, 190, 170, 150, 130, 110, 90, 70, 70, 70, 70, 70, 70, 70, 70, 70, 70] [50, 50, 50, 50, 50, 50, 50, 50, 70, 90, 110, 130, 150, 170, 190, 210, 230] [412, 71] 17 1
[230, 210, 190, 170, 150, 130, 110, 90, 70, 70, 70, 70, 70, 70, 70, 70, 70] [50, 50, 50, 50, 50, 50, 50, 50, 50, 70, 90, 110, 130, 150, 170, 190, 210] [412, 71] 17 1
[250, 230, 210, 190, 170, 150, 130, 110, 90, 70, 70, 70, 70, 70, 70, 70, 70] [50, 50, 50, 50, 50, 50, 50, 50, 50, 50, 70, 90, 110, 130, 150, 170, 190] [412, 71] 17 1
[270, 250, 230, 210, 190, 170, 150, 130, 110, 90, 70, 70, 70, 70, 70, 70, 70] [50, 50, 50, 50, 50, 50, 50, 50, 50, 50, 50, 70, 90, 110, 130, 150, 170] [412, 71] 17 1
[290, 270, 250, 230, 210, 190, 170, 150, 130, 110, 90, 70, 70, 70, 70, 70, 70] [50, 50, 50, 50, 50, 50, 50, 50, 50, 50, 50, 50, 70, 90, 110, 130, 150] [412, 71] 17 1
[310, 290, 270, 250, 230, 210, 190, 170, 150, 130, 110, 90, 70, 70, 70, 70, 70] [50, 50, 50, 50, 50, 50, 50, 50, 50, 50, 50, 50, 50, 70, 90, 110, 130] [412, 71] 17 1
[330, 310, 290, 270, 250, 230, 210, 190, 170, 150, 130, 110, 90, 70, 70, 70, 70] [50, 50, 50, 50, 50, 50, 50, 50, 50, 50, 50, 50, 50, 50, 70, 90, 110] [412, 71] 17 1
[350, 330, 310, 290, 270, 250, 230, 210, 190, 170, 150, 130, 110, 90, 70, 70, 70] [50, 50, 50, 50, 50, 50, 50, 50, 50, 50, 50, 50, 50, 50, 50, 70, 90] [412, 71] 17 1
[370, 350, 330, 310, 290, 270, 250, 230, 210, 190, 170, 150, 130, 110, 90, 70, 70] [50, 50, 50, 50, 50, 50, 50, 50, 50, 50, 50, 50, 50, 50, 50, 50, 70] [412, 71] 17 1
[390, 370, 350, 330, 310, 290, 270, 250, 230, 210, 190, 170, 150, 130, 110, 90, 70] [50, 50, 50, 50, 50, 50, 50, 50, 50, 50, 50, 50, 50, 50, 50, 50, 50] [412, 71] 17 1
[410, 390, 370, 350, 330, 310, 290, 270, 250, 230, 210, 190, 170, 150, 130, 110, 90] [50, 50, 50, 50, 50, 50, 50, 50, 50, 50, 50, 50, 50, 50, 50, 50, 50] [412, 71] 17 1
[410, 410, 390, 370, 350, 330, 310, 290, 270, 250, 230, 210, 190, 170, 150, 130, 110] [70, 50, 50, 50, 50, 50, 50, 50, 50, 50, 50, 50, 50, 50, 50, 50, 50] [412, 71] 17 0
[410, 410, 410, 390, 370, 350, 330, 310, 290, 270, 250, 230, 210, 190, 170, 150, 130, 110] [90, 70, 50, 50, 50, 50, 50, 50, 50, 50, 50, 50, 50, 50, 50, 50, 50, 50] [468, 265] 18 0
[410, 410, 410, 410, 390, 370, 350, 330, 310, 290, 270, 250, 230, 210, 190, 170, 150, 130] [110, 90, 70, 50, 50, 50, 50, 50, 50, 50, 50, 50, 50, 50, 50, 50, 50, 50] [468, 265] 18 0
[410, 410, 410, 410, 410, 390, 370, 350, 330, 310, 290, 270, 250, 230, 210, 190, 170, 150] [130, 110, 90, 70, 50, 50, 50, 50, 50, 50, 50, 50, 50, 50, 50, 50, 50, 50] [468, 265] 18 0
[430, 410, 410, 410, 410, 410, 390, 370, 350, 330, 310, 290, 270, 250, 230, 210, 190, 170] [130, 130, 110, 90, 70, 50, 50, 50, 50, 50, 50, 50, 50, 50, 50, 50, 50, 50] [468, 265] 18 1
[450, 430, 410, 410, 410, 410, 410, 390, 370, 350, 330, 310, 290, 270, 250, 230, 210, 190] [130, 130, 130, 110, 90, 70, 50, 50, 50, 50, 50, 50, 50, 50, 50, 50, 50, 50] [468, 265] 18 1
[470, 450, 430, 410, 410, 410, 410, 410, 390, 370, 350, 330, 310, 290, 270, 250, 230, 210] [130, 130, 130, 130, 110, 90, 70, 50, 50, 50, 50, 50, 50, 50, 50, 50, 50, 50] [468, 265] 18 1
[470, 470, 450, 430, 410, 410, 410, 410, 410, 390, 370, 350, 330, 310, 290, 270, 250, 230] [150, 130, 130, 130, 130, 110, 90, 70, 50, 50, 50, 50, 50, 50, 50, 50, 50, 50] [468, 265] 18 0
[470, 470, 470, 450, 430, 410, 410, 410, 410, 410, 390, 370, 350, 330, 310, 290, 270, 250] [170, 150, 130, 130, 130, 130, 110, 90, 70, 50, 50, 50, 50, 50, 50, 50, 50, 50] [468, 265] 18 0
[470, 470, 470, 470, 450, 430, 410, 410, 410, 410, 410, 390, 370, 350, 330, 310, 290, 270] [190, 170, 150, 130, 130, 130, 130, 110, 90, 70, 50, 50, 50, 50, 50, 50, 50, 50] [468, 265] 18 0
[470, 470, 470, 470, 470, 450, 430, 410, 410, 410, 410, 410, 390, 370, 350, 330, 310, 290] [210, 190, 170, 150, 130, 130, 130, 130, 110, 90, 70, 50, 50, 50, 50, 50, 50, 50] [468, 265] 18 0
[470, 470, 470, 470, 470, 470, 450, 430, 410, 410, 410, 410, 410, 390, 370, 350, 330, 310] [230, 210, 190, 170, 150, 130, 130, 130, 130, 110, 90, 70, 50, 50, 50, 50, 50, 50] [468, 265] 18 0
[470, 470, 470, 470, 470, 470, 470, 450, 430, 410, 410, 410, 410, 410, 390, 370, 350, 330] [250, 230, 210, 190, 170, 150, 130, 130, 130, 130, 110, 90, 70, 50, 50, 50, 50, 50] [468, 265] 18 0
[470, 470, 470, 470, 470, 470, 470, 470, 450, 430, 410, 410, 410, 410, 410, 390, 370, 350, 330] [270, 250, 230, 210, 190, 170, 150, 130, 130, 130, 130, 110, 90, 70, 50, 50, 50, 50, 50] [322, 262] 19 0
[450, 470, 470, 470, 470, 470, 470, 470, 470, 450, 430, 410, 410, 410, 410, 410, 390, 370, 350] [270, 270, 250, 230, 210, 190, 170, 150, 130, 130, 130, 130, 110, 90, 70, 50, 50, 50, 50] [322, 262] 19 3
[430, 450, 470, 470, 470, 470, 470, 470, 470, 470, 450, 430, 410, 410, 410, 410, 410, 390, 370] [270, 270, 270, 250, 230, 210, 190, 170, 150, 130, 130, 130, 130, 110, 90, 70, 50, 50, 50] [322, 262] 19 3
[410, 430, 450, 470, 470, 470, 470, 470, 470, 470, 470, 450, 430, 410, 410, 410, 410, 410, 390] [270, 270, 270, 270, 250, 230, 210, 190, 170, 150, 130, 130, 130, 130, 110, 90, 70, 50, 50] [322, 262] 19 3
[390, 410, 430, 450, 470, 470, 470, 470, 470, 470, 470, 470, 450, 430, 410, 410, 410, 410, 410] [270, 270, 270, 270, 270, 250, 230, 210, 190, 170, 150, 130, 130, 130, 130, 110, 90, 70, 50] [322, 262] 19 3
[370, 390, 410, 430, 450, 470, 470, 470, 470, 470, 470, 470, 470, 450, 430, 410, 410, 410, 410] [270, 270, 270, 270, 270, 270, 250, 230, 210, 190, 170, 150, 130, 130, 130, 130, 110, 90, 70] [322, 262] 19 3
[350, 370, 390, 410, 430, 450, 470, 470, 470, 470, 470, 470, 470, 470, 450, 430, 410, 410, 410] [270, 270, 270, 270, 270, 270, 270, 250, 230, 210, 190, 170, 150, 130, 130, 130, 130, 110, 90] [322, 262] 19 3
[330, 350, 370, 390, 410, 430, 450, 470, 470, 470, 470, 470, 470, 470, 470, 450, 430, 410, 410] [270, 270, 270, 270, 270, 270, 270, 270, 250, 230, 210, 190, 170, 150, 130, 130, 130, 130, 110] [322, 262] 19 3
