[290, 290, 290, 290, 290] [290, 270, 250, 230, 210] [23, 518] 5 0
[290, 290, 290, 290, 290] [310, 290, 270, 250, 230] [23, 518] 5 0
[290, 290, 290, 290, 290] [330, 310, 290, 270, 250] [23, 518] 5 0
[290, 290, 290, 290, 290] [350, 330, 310, 290, 270] [23, 518] 5 0
[290, 290, 290, 290, 290] [370, 350, 330, 310, 290] [23, 518] 5 0
[290, 290, 290, 290, 290] [390, 370, 350, 330, 310] [23, 518] 5 0
[290, 290, 290, 290, 290] [410, 390, 370, 350, 330] [23, 518] 5 0
[290, 290, 290, 290, 290] [430, 410, 390, 370, 350] [23, 518] 5 0
[290, 290, 290, 290, 290] [450, 430, 410, 390, 370] [23, 518] 5 0
[290, 290, 290, 290, 290] [470, 450, 430, 410, 390] [23, 518] 5 0
[290, 290, 290, 290, 290] [490, 470, 450, 430, 410] [23, 518] 5 0
[290, 290, 290, 290, 290] [510, 490, 470, 450, 430] [23, 518] 5 0
[270, 290, 290, 290, 290] [510, 510, 490, 470, 450] [23, 518] 5 3
[250, 270, 290, 290, 290] [510, 510, 510, 490, 470] [23, 518] 5 3
[230, 250, 270, 290, 290] [510, 510, 510, 510, 490] [23, 518] 5 3
[210, 230, 250, 270, 290] [510, 510, 510, 510, 510] [23, 518] 5 3
[190, 210, 230, 250, 270] [510, 510, 510, 510, 510] [23, 518] 5 3
[170, 190, 210, 230, 250] [510, 510, 510, 510, 510] [23, 518] 5 3
[150, 170, 190, 210, 230] [510, 510, 510, 510, 510] [23, 518] 5 3
[130, 150, 170, 190, 210] [510, 510, 510, 510, 510] [23, 518] 5 3
[110, 130, 150, 170, 190] [510, 510, 510, 510, 510] [23, 518] 5 3
[90, 110, 130, 150, 170] [510, 510, 510, 510, 510] [23, 518] 5 3
[70, 90, 110, 130, 150] [510, 510, 510, 510, 510] [23, 518] 5 3
[50, 70, 90, 110, 130] [510, 510, 510, 510, 510] [23, 518] 5 3
[30, 50, 70, 90, 110] [510, 510, 510, 510, 510] [23, 518] 5 3
[10, 30, 50, 70, 90, 110] [510, 510, 510, 510, 510, 510] [535, 511] 6 3
[10, 10, 30, 50, 70, 90] [490, 510, 510, 510, 510, 510] [535, 511] 6 2
[30, 10, 10, 30, 50, 70] [490, 490, 510, 510, 510, 510] [535, 511] 6 1
[50, 30, 10, 10, 30, 50] [490, 490, 490, 510, 510, 510] [535, 511] 6 1
[70, 50, 30, 10, 10, 30] [490, 490, 490, 490, 510, 510] [535, 511] 6 1
[90, 70, 50, 30, 10, 10] [490, 490, 490, 490, 490, 510] [535, 511] 6 1
[110, 90, 70, 50, 30, 10] [490, 490, 490, 490, 490, 490] [535, 511] 6 1
[130, 110, 90, 70, 50, 30] [490, 490, 490, 490, 490, 490] [535, 511] 6 1
[150, 130, 110, 90, 70, 50] [490, 490, 490, 490, 490, 490] [535, 511] 6 1
[170, 150, 130, 110, 90, 70] [490, 490, 490, 490, 490, 490] [535, 511] 6 1
[190, 170, 150, 130, 110, 90] [490, 490, 490, 490, 490, 490] [535, 511] 6 1
[210, 190, 170, 150, 130, 110] [490, 490, 490, 490, 490, 490] [535, 511] 6 1
[230, 210, 190, 170, 150, 130] [490, 490, 490, 490, 490, 490] [535, 511] 6 1
[250, 230, 210, 190, 170, 150] [490, 490, 490, 490, 490, 490] [535, 511] 6 1
[270, 250, 230, 210, 190, 170] [490, 490, 490, 490, 490, 490] [535, 511] 6 1
[290, 270, 250, 230, 210, 190] [490, 490, 490, 490, 490, 490] [535, 511] 6 1
[310, 290, 270, 250, 230, 210] [490, 490, 490, 490, 490, 490] [535, 511] 6 1
[330, 310, 290, 270, 250, 230] [490, 490, 490, 490, 490, 490] [535, 511] 6 1
[350, 330, 310, 290, 270, 250] [490, 490, 490, 490, 490, 490] [535, 511] 6 1
[370, 350, 330, 310, 290, 270] [490, 490, 490, 490, 490, 490] [535, 511] 6 1
[390, 370, 350, 330, 310, 290] [490, 490, 490, 490, 490, 490] [535, 511] 6 1
[410, 390, 370, 350, 330, 310] [490, 490, 490, 490, 490, 490] [535, 511] 6 1
[430, 410, 390, 370, 350, 330] [490, 490, 490, 490, 490, 490] [535, 511] 6 1
[450, 430, 410, 390, 370, 350] [490, 490, 490, 490, 490, 490] [535, 511] 6 1
[470, 450, 430, 410, 390, 370] [490, 490, 490, 490, 490, 490] [535, 511] 6 1
[490, 470, 450, 430, 410, 390] [490, 490, 490, 490, 490, 490] [535, 511] 6 1
[510, 490, 470, 450, 430, 410] [490, 490, 490, 490, 490, 490] [535, 511] 6 1
[530, 510, 490, 470, 450, 430] [490, 490, 490, 490, 490, 490] [535, 511] 6 1
[530, 530, 510, 490, 470, 450] [510, 490, 490, 490, 490, 490] [535, 511] 6 0
[530, 530, 530, 510, 490, 470, 450] [530, 510, 490, 490, 490, 490, 490] [234, 37] 7 0
[510, 530, 530, 530, 510, 490, 470] [530, 530, 510, 490, 490, 490, 490] [234, 37] 7 3
[490, 510, 530, 530, 530, 510, 490] [530, 530, 530, 510, 490, 490, 490] [234, 37] 7 3
[470, 490, 510, 530, 530, 530, 510] [530, 530, 530, 530, 510, 490, 490] [234, 37] 7 3
[450, 470, 490, 510, 530, 530, 530] [530, 530, 530, 530, 530, 510, 490] [234, 37] 7 3
[430, 450, 470, 490, 510, 530, 530] [530, 530, 530, 530, 530, 530, 510] [234, 37] 7 3
[410, 430, 450, 470, 490, 510, 530] [530, 530, 530, 530, 530, 530, 530] [234, 37] 7 3
[390, 410, 430, 450, 470, 490, 510] [530, 530, 530, 530, 530, 530, 530] [234, 37] 7 3
[370, 390, 410, 430, 450, 470, 490] [530, 530, 530, 530, 530, 530, 530] [234, 37] 7 3
[350, 370, 390, 410, 430, 450, 470] [530, 530, 530, 530, 530, 530, 530] [234, 37] 7 3
[330, 350, 370, 390, 410, 430, 450] [530, 530, 530, 530, 530, 530, 530] [234, 37] 7 3
[310, 330, 350, 370, 390, 410, 430] [530, 530, 530, 530, 530, 530, 530] [234, 37] 7 3
[290, 310, 330, 350, 370, 390, 410] [530, 530, 530, 530, 530, 530, 530] [234, 37] 7 3
[270, 290, 310, 330, 350, 370, 390] [530, 530, 530, 530, 530, 530, 530] [234, 37] 7 3
[250, 270, 290, 310, 330, 350, 370] [530, 530, 530, 530, 530, 530, 530] [234, 37] 7 3
[230, 250, 270, 290, 310, 330, 350] [530, 530, 530, 530, 530, 530, 530] [234, 37] 7 3
[230, 230, 250, 270, 290, 310, 330] [510, 530, 530, 530, 530, 530, 530] [234, 37] 7 2
[230, 230, 230, 250, 270, 290, 310] [490, 510, 530, 530, 530, 530, 530] [234, 37] 7 2
[230, 230, 230, 230, 250, 270, 290] [470, 490, 510, 530, 530, 530, 530] [234, 37] 7 2
[230, 230, 230, 230, 230, 250, 270] [450, 470, 490, 510, 530, 530, 530] [234, 37] 7 2
[230, 230, 230, 230, 230, 230, 250] [430, 450, 470, 490, 510, 530, 530] [234, 37] 7 2
[230, 230, 230, 230, 230, 230, 230] [410, 430, 450, 470, 490, 510, 530] [234, 37] 7 2
[230, 230, 230, 230, 230, 230, 230] [390, 410, 430, 450, 470, 490, 510] [234, 37] 7 2
[230, 230, 230, 230, 230, 230, 230] [370, 390, 410, 430, 450, 470, 490] [234, 37] 7 2
[230, 230, 230, 230, 230, 230, 230] [350, 370, 390, 410, 430, 450, 470] [234, 37] 7 2
[230, 230, 230, 230, 230, 230, 230] [330, 350, 370, 390, 410, 430, 450] [234, 37] 7 2
[230, 230, 230, 230, 230, 230, 230] [310, 330, 350, 370, 390, 410, 430] [234, 37] 7 2
[230, 230, 230, 230, 230, 230, 230] [290, 310, 330, 350, 370, 390, 410] [234, 37] 7 2
[230, 230, 230, 230, 230, 230, 230] [270, 290, 310, 330, 350, 370, 390] [234, 37] 7 2
[230, 230, 230, 230, 230, 230, 230] [250, 270, 290, 310, 330, 350, 370] [234, 37] 7 2
[230, 230, 230, 230, 230, 230, 230] [230, 250, 270, 290, 310, 330, 350] [234, 37] 7 2
[230, 230, 230, 230, 230, 230, 230] [210, 230, 250, 270, 290, 310, 330] [234, 37] 7 2
[230, 230, 230, 230, 230, 230, 230] [190, 210, 230, 250, 270, 290, 310] [234, 37] 7 2
[230, 230, 230, 230, 230, 230, 230] [170, 190, 210, 230, 250, 270, 290] [234, 37] 7 2
[230, 230, 230, 230, 230, 230, 230] [150, 170, 190, 210, 230, 250, 270] [234, 37] 7 2
[230, 230, 230, 230, 230, 230, 230] [130, 150, 170, 190, 210, 230, 250] [234, 37] 7 2
[230, 230, 230, 230, 230, 230, 230] [110, 130, 150, 170, 190, 210, 230] [234, 37] 7 2
[230, 230, 230, 230, 230, 230, 230] [90, 110, 130, 150, 170, 190, 210] [234, 37] 7 2
[230, 230, 230, 230, 230, 230, 230] [70, 90, 110, 130, 150, 170, 190] [234, 37] 7 2
[230, 230, 230, 230, 230, 230, 230] [50, 70, 90, 110, 130, 150, 170] [234, 37] 7 2
[230, 230, 230, 230, 230, 230, 230] [30, 50, 70, 90, 110, 130, 150] [234, 37] 7 2
[250, 230, 230, 230, 230, 230, 230, 230] [30, 30, 50, 70, 90, 110, 130, 150] [310, 407] 8 1
[270, 250, 230, 230, 230, 230, 230, 230] [30, 30, 30, 50, 70, 90, 110, 130] [310, 407] 8 1
[290, 270, 250, 230, 230, 230, 230, 230] [30, 30, 30, 30, 50, 70, 90, 110] [310, 407] 8 1
[310, 290, 270, 250, 230, 230, 230, 230] [30, 30, 30, 30, 30, 50, 70, 90] [310, 407] 8 1
[310, 310, 290, 270, 250, 230, 230, 230] [50, 30, 30, 30, 30, 30, 50, 70] [310, 407] 8 0
[310, 310, 310, 290, 270, 250, 230, 230] [70, 50, 30, 30, 30, 30, 30, 50] [310, 407] 8 0
[310, 310, 310, 310, 290, 270, 250, 230] [90, 70, 50, 30, 30, 30, 30, 30] [310, 407] 8 0
[310, 310, 310, 310, 310, 290, 270, 250] [110, 90, 70, 50, 30, 30, 30, 30] [310, 407] 8 0
[310, 310, 310, 310, 310, 310, 290, 270] [130, 110, 90, 70, 50, 30, 30, 30] [310, 407] 8 0
[310, 310, 310, 310, 310, 310, 310, 290] [150, 130, 110, 90, 70, 50, 30, 30] [310, 407] 8 0
[310, 310, 310, 310, 310, 310, 310, 310] [170, 150, 130, 110, 90, 70, 50, 30] [310, 407] 8 0
[310, 310, 310, 310, 310, 310, 310, 310] [190, 170, 150, 130, 110, 90, 70, 50] [310, 407] 8 0
[310, 310, 310, 310, 310, 310, 310, 310] [210, 190, 170, 150, 130, 110, 90, 70] [310, 407] 8 0
[310, 310, 310, 310, 310, 310, 310, 310] [230, 210, 190, 170, 150, 130, 110, 90] [310, 407] 8 0
[310, 310, 310, 310, 310, 310, 310, 310] [250, 230, 210, 190, 170, 150, 130, 110] [310, 407] 8 0
[310, 310, 310, 310, 310, 310, 310, 310] [270, 250, 230, 210, 190, 170, 150, 130] [310, 407] 8 0
[310, 310, 310, 310, 310, 310, 310, 310] [290, 270, 250, 230, 210, 190, 170, 150] [310, 407] 8 0
[310, 310, 310, 310, 310, 310, 310, 310] [310, 290, 270, 250, 230, 210, 190, 170] [310, 407] 8 0
[310, 310, 310, 310, 310, 310, 310, 310] [330, 310, 290, 270, 250, 230, 210, 190] [310, 407] 8 0
[310, 310, 310, 310, 310, 310, 310, 310] [350, 330, 310, 290, 270, 250, 230, 210] [310, 407] 8 0
[310, 310, 310, 310, 310, 310, 310, 310] [370, 350, 330, 310, 290, 270, 250, 230] [310, 407] 8 0
[310, 310, 310, 310, 310, 310, 310, 310] [390, 370, 350, 330, 310, 290, 270, 250] [310, 407] 8 0
[310, 310, 310, 310, 310, 310, 310, 310, 310] [410, 390, 370, 350, 330, 310, 290, 270, 250] [152, 278] 9 0
[290, 310, 310, 310, 310, 310, 310, 310, 310] [410, 410, 390, 370, 350, 330, 310, 290, 270] [152, 278] 9 3
[270, 290, 310, 310, 310, 310, 310, 310, 310] [410, 410, 410, 390, 370, 350, 330, 310, 290] [152, 278] 9 3
[250, 270, 290, 310, 310, 310, 310, 310, 310] [410, 410, 410, 410, 390, 370, 350, 330, 310] [152, 278] 9 3
[230, 250, 270, 290, 310, 310, 310, 310, 310] [410, 410, 410, 410, 410, 390, 370, 350, 330] [152, 278] 9 3
[210, 230, 250, 270, 290, 310, 310, 310, 310] [410, 410, 410, 410, 410, 410, 390, 370, 350] [152, 278] 9 3
[190, 210, 230, 250, 270, 290, 310, 310, 310] [410, 410, 410, 410, 410, 410, 410, 390, 370] [152, 278] 9 3
[170, 190, 210, 230, 250, 270, 290, 310, 310] [410, 410, 410, 410, 410, 410, 410, 410, 390] [152, 278] 9 3
[150, 170, 190, 210, 230, 250, 270, 290, 310] [410, 410, 410, 410, 410, 410, 410, 410, 410] [152, 278] 9 3
[150, 150, 170, 190, 210, 230, 250, 270, 290] [390, 410, 410, 410, 410, 410, 410, 410, 410] [152, 278] 9 2
[150, 150, 150, 170, 190, 210, 230, 250, 270] [370, 390, 410, 410, 410, 410, 410, 410, 410] [152, 278] 9 2
[150, 150, 150, 150, 170, 190, 210, 230, 250] [350, 370, 390, 410, 410, 410, 410, 410, 410] [152, 278] 9 2
[150, 150, 150, 150, 150, 170, 190, 210, 230] [330, 350, 370, 390, 410, 410, 410, 410, 410] [152, 278] 9 2
[150, 150, 150, 150, 150, 150, 170, 190, 210] [310, 330, 350, 370, 390, 410, 410, 410, 410] [152, 278] 9 2
[150, 150, 150, 150, 150, 150, 150, 170, 190] [290, 310, 330, 350, 370, 390, 410, 410, 410] [152, 278] 9 2
[150, 150, 150, 150, 150, 150, 150, 150, 170] [270, 290, 310, 330, 350, 370, 390, 410, 410] [152, 278] 9 2
[150, 150, 150, 150, 150, 150, 150, 150, 150, 170] [250, 270, 290, 310, 330, 350, 370, 390, 410, 410] [280, 312] 10 2
[170, 150, 150, 150, 150, 150, 150, 150, 150, 150] [250, 250, 270, 290, 310, 330, 350, 370, 390, 410] [280, 312] 10 1
[190, 170, 150, 150, 150, 150, 150, 150, 150, 150] [250, 250, 250, 270, 290, 310, 330, 350, 370, 390] [280, 312] 10 1
[210, 190, 170, 150, 150, 150, 150, 150, 150, 150] [250, 250, 250, 250, 270, 290, 310, 330, 350, 370] [280, 312] 10 1
[230, 210, 190, 170, 150, 150, 150, 150, 150, 150] [250, 250, 250, 250, 250, 270, 290, 310, 330, 350] [280, 312] 10 1
[250, 230, 210, 190, 170, 150, 150, 150, 150, 150] [250, 250, 250, 250, 250, 250, 270, 290, 310, 330] [280, 312] 10 1
[270, 250, 230, 210, 190, 170, 150, 150, 150, 150] [250, 250, 250, 250, 250, 250, 250, 270, 290, 310] [280, 312] 10 1
[270, 270, 250, 230, 210, 190, 170, 150, 150, 150] [270, 250, 250, 250, 250, 250, 250, 250, 270, 290] [280, 312] 10 0
[270, 270, 270, 250, 230, 210, 190, 170, 150, 150] [290, 270, 250, 250, 250, 250, 250, 250, 250, 270] [280, 312] 10 0
[270, 270, 270, 270, 250, 230, 210, 190, 170, 150] [310, 290, 270, 250, 250, 250, 250, 250, 250, 250] [280, 312] 10 0
[270, 270, 270, 270, 270, 250, 230, 210, 190, 170, 150] [330, 310, 290, 270, 250, 250, 250, 250, 250, 250, 250] [113, 550] 11 0
[270, 270, 270, 270, 270, 270, 250, 230, 210, 190, 170] [350, 330, 310, 290, 270, 250, 250, 250, 250, 250, 250] [113, 550] 11 0
[270, 270, 270, 270, 270, 270, 270, 250, 230, 210, 190] [370, 350, 330, 310, 290, 270, 250, 250, 250, 250, 250] [113, 550] 11 0
[270, 270, 270, 270, 270, 270, 270, 270, 250, 230, 210] [390, 370, 350, 330, 310, 290, 270, 250, 250, 250, 250] [113, 550] 11 0
[270, 270, 270, 270, 270, 270, 270, 270, 270, 250, 230] [410, 390, 370, 350, 330, 310, 290, 270, 250, 250, 250] [113, 550] 11 0
[270, 270, 270, 270, 270, 270, 270, 270, 270, 270, 250] [430, 410, 390, 370, 350, 330, 310, 290, 270, 250, 250] [113, 550] 11 0
[270, 270, 270, 270, 270, 270, 270, 270, 270, 270, 270] [450, 430, 410, 390, 370, 350, 330, 310, 290, 270, 250] [113, 550] 11 0
[270, 270, 270, 270, 270, 270, 270, 270, 270, 270, 270] [470, 450, 430, 410, 390, 370, 350, 330, 310, 290, 270] [113, 550] 11 0
[270, 270, 270, 270, 270, 270, 270, 270, 270, 270, 270] [490, 470, 450, 430, 410, 390, 370, 350, 330, 310, 290] [113, 550] 11 0
[270, 270, 270, 270, 270, 270, 270, 270, 270, 270, 270] [510, 490, 470, 450, 430, 410, 390, 370, 350, 330, 310] [113, 550] 11 0
[270, 270, 270, 270, 270, 270, 270, 270, 270, 270, 270] [530, 510, 490, 470, 450, 430, 410, 390, 370, 350, 330] [113, 550] 11 0
[270, 270, 270, 270, 270, 270, 270, 270, 270, 270, 270] [550, 530, 510, 490, 470, 450, 430, 410, 390, 370, 350] [113, 550] 11 0
[250, 270, 270, 270, 270, 270, 270, 270, 270, 270, 270] [550, 550, 530, 510, 490, 470, 450, 430, 410, 390, 370] [113, 550] 11 3
[230, 250, 270, 270, 270, 270, 270, 270, 270, 270, 270] [550, 550, 550, 530, 510, 490, 470, 450, 430, 410, 390] [113, 550] 11 3
[210, 230, 250, 270, 270, 270, 270, 270, 270, 270, 270] [550, 550, 550, 550, 530, 510, 490, 470, 450, 430, 410] [113, 550] 11 3
[190, 210, 230, 250, 270, 270, 270, 270, 270, 270, 270] [550, 550, 550, 550, 550, 530, 510, 490, 470, 450, 430] [113, 550] 11 3
[170, 190, 210, 230, 250, 270, 270, 270, 270, 270, 270] [550, 550, 550, 550, 550, 550, 530, 510, 490, 470, 450] [113, 550] 11 3
[150, 170, 190, 210, 230, 250, 270, 270, 270, 270, 270] [550, 550, 550, 550, 550, 550, 550, 530, 510, 490, 470] [113, 550] 11 3
[130, 150, 170, 190, 210, 230, 250, 270, 270, 270, 270] [550, 550, 550, 550, 550, 550, 550, 550, 530, 510, 490] [113, 550] 11 3
[110, 130, 150, 170, 190, 210, 230, 250, 270, 270, 270] [550, 550, 550, 550, 550, 550, 550, 550, 550, 530, 510] [113, 550] 11 3
[110, 110, 130, 150, 170, 190, 210, 230, 250, 270, 270, 270] [530, 550, 550, 550, 550, 550, 550, 550, 550, 550, 530, 510] [422, 34] 12 2
[110, 110, 110, 130, 150, 170, 190, 210, 230, 250, 270, 270] [510, 530, 550, 550, 550, 550, 550, 550, 550, 550, 550, 530] [422, 34] 12 2
[110, 110, 110, 110, 130, 150, 170, 190, 210, 230, 250, 270] [490, 510, 530, 550, 550, 550, 550, 550, 550, 550, 550, 550] [422, 34] 12 2
[110, 110, 110, 110, 110, 130, 150, 170, 190, 210, 230, 250] [470, 490, 510, 530, 550, 550, 550, 550, 550, 550, 550, 550] [422, 34] 12 2
[110, 110, 110, 110, 110, 110, 130, 150, 170, 190, 210, 230] [450, 470, 490, 510, 530, 550, 550, 550, 550, 550, 550, 550] [422, 34] 12 2
[110, 110, 110, 110, 110, 110, 110, 130, 150, 170, 190, 210] [430, 450, 470, 490, 510, 530, 550, 550, 550, 550, 550, 550] [422, 34] 12 2
[110, 110, 110, 110, 110, 110, 110, 110, 130, 150, 170, 190] [410, 430, 450, 470, 490, 510, 530, 550, 550, 550, 550, 550] [422, 34] 12 2
[110, 110, 110, 110, 110, 110, 110, 110, 110, 130, 150, 170] [390, 410, 430, 450, 470, 490, 510, 530, 550, 550, 550, 550] [422, 34] 12 2
[110, 110, 110, 110, 110, 110, 110, 110, 110, 110, 130, 150] [370, 390, 410, 430, 450, 470, 490, 510, 530, 550, 550, 550] [422, 34] 12 2
[110, 110, 110, 110, 110, 110, 110, 110, 110, 110, 110, 130] [350, 370, 390, 410, 430, 450, 470, 490, 510, 530, 550, 550] [422, 34] 12 2
[110, 110, 110, 110, 110, 110, 110, 110, 110, 110, 110, 110] [330, 350, 370, 390, 410, 430, 450, 470, 490, 510, 530, 550] [422, 34] 12 2
[110, 110, 110, 110, 110, 110, 110, 110, 110, 110, 110, 110] [310, 330, 350, 370, 390, 410, 430, 450, 470, 490, 510, 530] [422, 34] 12 2
[110, 110, 110, 110, 110, 110, 110, 110, 110, 110, 110, 110] [290, 310, 330, 350, 370, 390, 410, 430, 450, 470, 490, 510] [422, 34] 12 2
[110, 110, 110, 110, 110, 110, 110, 110, 110, 110, 110, 110] [270, 290, 310, 330, 350, 370, 390, 410, 430, 450, 470, 490] [422, 34] 12 2
[110, 110, 110, 110, 110, 110, 110, 110, 110, 110, 110, 110] [250, 270, 290, 310, 330, 350, 370, 390, 410, 430, 450, 470] [422, 34] 12 2
[110, 110, 110, 110, 110, 110, 110, 110, 110, 110, 110, 110] [230, 250, 270, 290, 310, 330, 350, 370, 390, 410, 430, 450] [422, 34] 12 2
[110, 110, 110, 110, 110, 110, 110, 110, 110, 110, 110, 110] [210, 230, 250, 270, 290, 310, 330, 350, 370, 390, 410, 430] [422, 34] 12 2
[110, 110, 110, 110, 110, 110, 110, 110, 110, 110, 110, 110] [190, 210, 230, 250, 270, 290, 310, 330, 350, 370, 390, 410] [422, 34] 12 2
[110, 110, 110, 110, 110, 110, 110, 110, 110, 110, 110, 110] [170, 190, 210, 230, 250, 270, 290, 310, 330, 350, 370, 390] [422, 34] 12 2
[110, 110, 110, 110, 110, 110, 110, 110, 110, 110, 110, 110] [150, 170, 190, 210, 230, 250, 270, 290, 310, 330, 350, 370] [422, 34] 12 2
[110, 110, 110, 110, 110, 110, 110, 110, 110, 110, 110, 110] [130, 150, 170, 190, 210, 230, 250, 270, 290, 310, 330, 350] [422, 34] 12 2
[110, 110, 110, 110, 110, 110, 110, 110, 110, 110, 110, 110] [110, 130, 150, 170, 190, 210, 230, 250, 270, 290, 310, 330] [422, 34] 12 2
[110, 110, 110, 110, 110, 110, 110, 110, 110, 110, 110, 110] [90, 110, 130, 150, 170, 190, 210, 230, 250, 270, 290, 310] [422, 34] 12 2
[110, 110, 110, 110, 110, 110, 110, 110, 110, 110, 110, 110] [70, 90, 110, 130, 150, 170, 190, 210, 230, 250, 270, 290] [422, 34] 12 2
[110, 110, 110, 110, 110, 110, 110, 110, 110, 110, 110, 110] [50, 70, 90, 110, 130, 150, 170, 190, 210, 230, 250, 270] [422, 34] 12 2
[110, 110, 110, 110, 110, 110, 110, 110, 110, 110, 110, 110] [30, 50, 70, 90, 110, 130, 150, 170, 190, 210, 230, 250] [422, 34] 12 2
[130, 110, 110, 110, 110, 110, 110, 110, 110, 110, 110, 110] [30, 30, 50, 70, 90, 110, 130, 150, 170, 190, 210, 230] [422, 34] 12 1
[150, 130, 110, 110, 110, 110, 110, 110, 110, 110, 110, 110] [30, 30, 30, 50, 70, 90, 110, 130, 150, 170, 190, 210] [422, 34] 12 1
[170, 150, 130, 110, 110, 110, 110, 110, 110, 110, 110, 110] [30, 30, 30, 30, 50, 70, 90, 110, 130, 150, 170, 190] [422, 34] 12 1
[190, 170, 150, 130, 110, 110, 110, 110, 110, 110, 110, 110] [30, 30, 30, 30, 30, 50, 70, 90, 110, 130, 150, 170] [422, 34] 12 1
[210, 190, 170, 150, 130, 110, 110, 110, 110, 110, 110, 110] [30, 30, 30, 30, 30, 30, 50, 70, 90, 110, 130, 150] [422, 34] 12 1
[230, 210, 190, 170, 150, 130, 110, 110, 110, 110, 110, 110] [30, 30, 30, 30, 30, 30, 30, 50, 70, 90, 110, 130] [422, 34] 12 1
[250, 230, 210, 190, 170, 150, 130, 110, 110, 110, 110, 110] [30, 30, 30, 30, 30, 30, 30, 30, 50, 70, 90, 110] [422, 34] 12 1
[270, 250, 230, 210, 190, 170, 150, 130, 110, 110, 110, 110] [30, 30, 30, 30, 30, 30, 30, 30, 30, 50, 70, 90] [422, 34] 12 1
[290, 270, 250, 230, 210, 190, 170, 150, 130, 110, 110, 110] [30, 30, 30, 30, 30, 30, 30, 30, 30, 30, 50, 70] [422, 34] 12 1
[310, 290, 270, 250, 230, 210, 190, 170, 150, 130, 110, 110] [30, 30, 30, 30, 30, 30, 30, 30, 30, 30, 30, 50] [422, 34] 12 1
[330, 310, 290, 270, 250, 230, 210, 190, 170, 150, 130, 110] [30, 30, 30, 30, 30, 30, 30, 30, 30, 30, 30, 30] [422, 34] 12 1
[350, 330, 310, 290, 270, 250, 230, 210, 190, 170, 150, 130] [30, 30, 30, 30, 30, 30, 30, 30, 30, 30, 30, 30] [422, 34] 12 1
[370, 350, 330, 310, 290, 270, 250, 230, 210, 190, 170, 150] [30, 30, 30, 30, 30, 30, 30, 30, 30, 30, 30, 30] [422, 34] 12 1
[390, 370, 350, 330, 310, 290, 270, 250, 230, 210, 190, 170] [30, 30, 30, 30, 30, 30, 30, 30, 30, 30, 30, 30] [422, 34] 12 1
[410, 390, 370, 350, 330, 310, 290, 270, 250, 230, 210, 190] [30, 30, 30, 30, 30, 30, 30, 30, 30, 30, 30, 30] [422, 34] 12 1
[430, 410, 390, 370, 350, 330, 310, 290, 270, 250, 230, 210, 190] [30, 30, 30, 30, 30, 30, 30, 30, 30, 30, 30, 30, 30] [354, 535] 13 1
[430, 430, 410, 390, 370, 350, 330, 310, 290, 270, 250, 230, 210] [50, 30, 30, 30, 30, 30, 30, 30, 30, 30, 30, 30, 30] [354, 535] 13 0
[430, 430, 430, 410, 390, 370, 350, 330, 310, 290, 270, 250, 230] [70, 50, 30, 30, 30, 30, 30, 30, 30, 30, 30, 30, 30] [354, 535] 13 0
[430, 430, 430, 430, 410, 390, 370, 350, 330, 310, 290, 270, 250] [90, 70, 50, 30, 30, 30, 30, 30, 30, 30, 30, 30, 30] [354, 535] 13 0
[430, 430, 430, 430, 430, 410, 390, 370, 350, 330, 310, 290, 270] [110, 90, 70, 50, 30, 30, 30, 30, 30, 30, 30, 30, 30] [354, 535] 13 0
[430, 430, 430, 430, 430, 430, 410, 390, 370, 350, 330, 310, 290] [130, 110, 90, 70, 50, 30, 30, 30, 30, 30, 30, 30, 30] [354, 535] 13 0
[430, 430, 430, 430, 430, 430, 430, 410, 390, 370, 350, 330, 310] [150, 130, 110, 90, 70, 50, 30, 30, 30, 30, 30, 30, 30] [354, 535] 13 0
[430, 430, 430, 430, 430, 430, 430, 430, 410, 390, 370, 350, 330] [170, 150, 130, 110, 90, 70, 50, 30, 30, 30, 30, 30, 30] [354, 535] 13 0
[430, 430, 430, 430, 430, 430, 430, 430, 430, 410, 390, 370, 350] [190, 170, 150, 130, 110, 90, 70, 50, 30, 30, 30, 30, 30] [354, 535] 13 0
[430, 430, 430, 430, 430, 430, 430, 430, 430, 430, 410, 390, 370] [210, 190, 170, 150, 130, 110, 90, 70, 50, 30, 30, 30, 30] [354, 535] 13 0
[430, 430, 430, 430, 430, 430, 430, 430, 430, 430, 430, 410, 390] [230, 210, 190, 170, 150, 130, 110, 90, 70, 50, 30, 30, 30] [354, 535] 13 0
[430, 430, 430, 430, 430, 430, 430, 430, 430, 430, 430, 430, 410] [250, 230, 210, 190, 170, 150, 130, 110, 90, 70, 50, 30, 30] [354, 535] 13 0
[430, 430, 430, 430, 430, 430, 430, 430, 430, 430, 430, 430, 430] [270, 250, 230, 210, 190, 170, 150, 130, 110, 90, 70, 50, 30] [354, 535] 13 0
[430, 430, 430, 430, 430, 430, 430, 430, 430, 430, 430, 430, 430] [290, 270, 250, 230, 210, 190, 170, 150, 130, 110, 90, 70, 50] [354, 535] 13 0
[430, 430, 430, 430, 430, 430, 430, 430, 430, 430, 430, 430, 430] [310, 290, 270, 250, 230, 210, 190, 170, 150, 130, 110, 90, 70] [354, 535] 13 0
[430, 430, 430, 430, 430, 430, 430, 430, 430, 430, 430, 430, 430] [330, 310, 290, 270, 250, 230, 210, 190, 170, 150, 130, 110, 90] [354, 535] 13 0
[430, 430, 430, 430, 430, 430, 430, 430, 430, 430, 430, 430, 430] [350, 330, 310, 290, 270, 250, 230, 210, 190, 170, 150, 130, 110] [354, 535] 13 0
[430, 430, 430, 430, 430, 430, 430, 430, 430, 430, 430, 430, 430] [370, 350, 330, 310, 290, 270, 250, 230, 210, 190, 170, 150, 130] [354, 535] 13 0
[430, 430, 430, 430, 430, 430, 430, 430, 430, 430, 430, 430, 430] [390, 370, 350, 330, 310, 290, 270, 250, 230, 210, 190, 170, 150] [354, 535] 13 0
[430, 430, 430, 430, 430, 430, 430, 430, 430, 430, 430, 430, 430] [410, 390, 370, 350, 330, 310, 290, 270, 250, 230, 210, 190, 170] [354, 535] 13 0
[430, 430, 430, 430, 430, 430, 430, 430, 430, 430, 430, 430, 430] [430, 410, 390, 370, 350, 330, 310, 290, 270, 250, 230, 210, 190] [354, 535] 13 0
[430, 430, 430, 430, 430, 430, 430, 430, 430, 430, 430, 430, 430] [450, 430, 410, 390, 370, 350, 330, 310, 290, 270, 250, 230, 210] [354, 535] 13 0
[430, 430, 430, 430, 430, 430, 430, 430, 430, 430, 430, 430, 430] [470, 450, 430, 410, 390, 370, 350, 330, 310, 290, 270, 250, 230] [354, 535] 13 0
[430, 430, 430, 430, 430, 430, 430, 430, 430, 430, 430, 430, 430] [490, 470, 450, 430, 410, 390, 370, 350, 330, 310, 290, 270, 250] [354, 535] 13 0
[430, 430, 430, 430, 430, 430, 430, 430, 430, 430, 430, 430, 430] [510, 490, 470, 450, 430, 410, 390, 370, 350, 330, 310, 290, 270] [354, 535] 13 0
[430, 430, 430, 430, 430, 430, 430, 430, 430, 430, 430, 430, 430] [530, 510, 490, 470, 450, 430, 410, 390, 370, 350, 330, 310, 290] [354, 535] 13 0
[410, 430, 430, 430, 430, 430, 430, 430, 430, 430, 430, 430, 430] [530, 530, 510, 490, 470, 450, 430, 410, 390, 370, 350, 330, 310] [354, 535] 13 3
[390, 410, 430, 430, 430, 430, 430, 430, 430, 430, 430, 430, 430] [530, 530, 530, 510, 490, 470, 450, 430, 410, 390, 370, 350, 330] [354, 535] 13 3
[370, 390, 410, 430, 430, 430, 430, 430, 430, 430, 430, 430, 430] [530, 530, 530, 530, 510, 490, 470, 450, 430, 410, 390, 370, 350] [354, 535] 13 3
[350, 370, 390, 410, 430, 430, 430, 430, 430, 430, 430, 430, 430] [530, 530, 530, 530, 530, 510, 490, 470, 450, 430, 410, 390, 370] [354, 535] 13 3
[330, 350, 370, 390, 410, 430, 430, 430, 430, 430, 430, 430, 430, 430] [530, 530, 530, 530, 530, 530, 510, 490, 470, 450, 430, 410, 390, 370] [465, 572] 14 3
[330, 330, 350, 370, 390, 410, 430, 430, 430, 430, 430, 430, 430, 430] [550, 530, 530, 530, 530, 530, 530, 510, 490, 470, 450, 430, 410, 390] [465, 572] 14 0
[330, 330, 330, 350, 370, 390, 410, 430, 430, 430, 430, 430, 430, 430] [570, 550, 530, 530, 530, 530, 530, 530, 510, 490, 470, 450, 430, 410] [465, 572] 14 0
[350, 330, 330, 330, 350, 370, 390, 410, 430, 430, 430, 430, 430, 430] [570, 570, 550, 530, 530, 530, 530, 530, 530, 510, 490, 470, 450, 430] [465, 572] 14 1
[370, 350, 330, 330, 330, 350, 370, 390, 410, 430, 430, 430, 430, 430] [570, 570, 570, 550, 530, 530, 530, 530, 530, 530, 510, 490, 470, 450] [465, 572] 14 1
[390, 370, 350, 330, 330, 330, 350, 370, 390, 410, 430, 430, 430, 430] [570, 570, 570, 570, 550, 530, 530, 530, 530, 530, 530, 510, 490, 470] [465, 572] 14 1
[410, 390, 370, 350, 330, 330, 330, 350, 370, 390, 410, 430, 430, 430] [570, 570, 570, 570, 570, 550, 530, 530, 530, 530, 530, 530, 510, 490] [465, 572] 14 1
[430, 410, 390, 370, 350, 330, 330, 330, 350, 370, 390, 410, 430, 430] [570, 570, 570, 570, 570, 570, 550, 530, 530, 530, 530, 530, 530, 510] [465, 572] 14 1
[450, 430, 410, 390, 370, 350, 330, 330, 330, 350, 370, 390, 410, 430] [570, 570, 570, 570, 570, 570, 570, 550, 530, 530, 530, 530, 530, 530] [465, 572] 14 1
