[290, 290, 290, 290, 290] [290, 270, 250, 230, 210] [471, 65] 5 0
[310, 290, 290, 290, 290] [290, 290, 270, 250, 230] [471, 65] 5 1
[330, 310, 290, 290, 290] [290, 290, 290, 270, 250] [471, 65] 5 1
[350, 330, 310, 290, 290] [290, 290, 290, 290, 270] [471, 65] 5 1
[370, 350, 330, 310, 290] [290, 290, 290, 290, 290] [471, 65] 5 1
[390, 370, 350, 330, 310] [290, 290, 290, 290, 290] [471, 65] 5 1
[410, 390, 370, 350, 330] [290, 290, 290, 290, 290] [471, 65] 5 1
[430, 410, 390, 370, 350] [290, 290, 290, 290, 290] [471, 65] 5 1
[450, 430, 410, 390, 370] [290, 290, 290, 290, 290] [471, 65] 5 1
[470, 450, 430, 410, 390] [290, 290, 290, 290, 290] [471, 65] 5 1
[470, 470, 450, 430, 410] [270, 290, 290, 290, 290] [471, 65] 5 2
[470, 470, 470, 450, 430] [250, 270, 290, 290, 290] [471, 65] 5 2
[470, 470, 470, 470, 450] [230, 250, 270, 290, 290] [471, 65] 5 2
[470, 470, 470, 470, 470] [210, 230, 250, 270, 290] [471, 65] 5 2
[470, 470, 470, 470, 470] [190, 210, 230, 250, 270] [471, 65] 5 2
[470, 470, 470, 470, 470] [170, 190, 210, 230, 250] [471, 65] 5 2
[470, 470, 470, 470, 470] [150, 170, 190, 210, 230] [471, 65] 5 2
[470, 470, 470, 470, 470] [130, 150, 170, 190, 210] [471, 65] 5 2
[470, 470, 470, 470, 470] [110, 130, 150, 170, 190] [471, 65] 5 2
[470, 470, 470, 470, 470] [90, 110, 130, 150, 170] [471, 65] 5 2
[470, 470, 470, 470, 470] [70, 90, 110, 130, 150] [471, 65] 5 2
[470, 470, 470, 470, 470, 470] [50, 70, 90, 110, 130, 150] [359, 337] 6 2
[450, 470, 470, 470, 470, 470] [50, 50, 70, 90, 110, 130] [359, 337] 6 3
[430, 450, 470, 470, 470, 470] [50, 50, 50, 70, 90, 110] [359, 337] 6 3
[410, 430, 450, 470, 470, 470] [50, 50, 50, 50, 70, 90] [359, 337] 6 3
[390, 410, 430, 450, 470, 470] [50, 50, 50, 50, 50, 70] [359, 337] 6 3
[370, 390, 410, 430, 450, 470] [50, 50, 50, 50, 50, 50] [359, 337] 6 3
[350, 370, 390, 410, 430, 450] [50, 50, 50, 50, 50, 50] [359, 337] 6 3
[350, 350, 370, 390, 410, 430] [70, 50, 50, 50, 50, 50] [359, 337] 6 0
[350, 350, 350, 370, 390, 410] [90, 70, 50, 50, 50, 50] [359, 337] 6 0
[350, 350, 350, 350, 370, 390] [110, 90, 70, 50, 50, 50] [359, 337] 6 0
[350, 350, 350, 350, 350, 370] [130, 110, 90, 70, 50, 50] [359, 337] 6 0
[350, 350, 350, 350, 350, 350] [150, 130, 110, 90, 70, 50] [359, 337] 6 0
[350, 350, 350, 350, 350, 350] [170, 150, 130, 110, 90, 70] [359, 337] 6 0
[350, 350, 350, 350, 350, 350] [190, 170, 150, 130, 110, 90] [359, 337] 6 0
[350, 350, 350, 350, 350, 350] [210, 190, 170, 150, 130, 110] [359, 337] 6 0
[350, 350, 350, 350, 350, 350] [230, 210, 190, 170, 150, 130] [359, 337] 6 0
[350, 350, 350, 350, 350, 350] [250, 230, 210, 190, 170, 150] [359, 337] 6 0
[350, 350, 350, 350, 350, 350] [270, 250, 230, 210, 190, 170] [359, 337] 6 0
[350, 350, 350, 350, 350, 350] [290, 270, 250, 230, 210, 190] [359, 337] 6 0
[350, 350, 350, 350, 350, 350] [310, 290, 270, 250, 230, 210] [359, 337] 6 0
[350, 350, 350, 350, 350, 350] [330, 310, 290, 270, 250, 230] [359, 337] 6 0
[350, 350, 350, 350, 350, 350, 350] [350, 330, 310, 290, 270, 250, 230] [193, 31] 7 0
[330, 350, 350, 350, 350, 350, 350] [350, 350, 330, 310, 290, 270, 250] [193, 31] 7 3
[310, 330, 350, 350, 350, 350, 350] [350, 350, 350, 330, 310, 290, 270] [193, 31] 7 3
[290, 310, 330, 350, 350, 350, 350] [350, 350, 350, 350, 330, 310, 290] [193, 31] 7 3
[270, 290, 310, 330, 350, 350, 350] [350, 350, 350, 350, 350, 330, 310] [193, 31] 7 3
[250, 270, 290, 310, 330, 350, 350] [350, 350, 350, 350, 350, 350, 330] [193, 31] 7 3
[230, 250, 270, 290, 310, 330, 350] [350, 350, 350, 350, 350, 350, 350] [193, 31] 7 3
[210, 230, 250, 270, 290, 310, 330] [350, 350, 350, 350, 350, 350, 350] [193, 31] 7 3
[190, 210, 230, 250, 270, 290, 310] [350, 350, 350, 350, 350, 350, 350] [193, 31] 7 3
[190, 190, 210, 230, 250, 270, 290] [330, 350, 350, 350, 350, 350, 350] [193, 31] 7 2
[190, 190, 190, 210, 230, 250, 270] [310, 330, 350, 350, 350, 350, 350] [193, 31] 7 2
[190, 190, 190, 190, 210, 230, 250] [290, 310, 330, 350, 350, 350, 350] [193, 31] 7 2
[190, 190, 190, 190, 190, 210, 230] [270, 290, 310, 330, 350, 350, 350] [193, 31] 7 2
[190, 190, 190, 190, 190, 190, 210] [250, 270, 290, 310, 330, 350, 350] [193, 31] 7 2
[190, 190, 190, 190, 190, 190, 190] [230, 250, 270, 290, 310, 330, 350] [193, 31] 7 2
[190, 190, 190, 190, 190, 190, 190] [210, 230, 250, 270, 290, 310, 330] [193, 31] 7 2
[190, 190, 190, 190, 190, 190, 190] [190, 210, 230, 250, 270, 290, 310] [193, 31] 7 2
[190, 190, 190, 190, 190, 190, 190] [170, 190, 210, 230, 250, 270, 290] [193, 31] 7 2
[190, 190, 190, 190, 190, 190, 190] [150, 170, 190, 210, 230, 250, 270] [193, 31] 7 2
[190, 190, 190, 190, 190, 190, 190] [130, 150, 170, 190, 210, 230, 250] [193, 31] 7 2
[190, 190, 190, 190, 190, 190, 190] [110, 130, 150, 170, 190, 210, 230] [193, 31] 7 2
[190, 190, 190, 190, 190, 190, 190] [90, 110, 130, 150, 170, 190, 210] [193, 31] 7 2
[190, 190, 190, 190, 190, 190, 190] [70, 90, 110, 130, 150, 170, 190] [193, 31] 7 2
[190, 190, 190, 190, 190, 190, 190] [50, 70, 90, 110, 130, 150, 170] [193, 31] 7 2
[190, 190, 190, 190, 190, 190, 190] [30, 50, 70, 90, 110, 130, 150] [193, 31] 7 2
[210, 190, 190, 190, 190, 190, 190, 190] [30, 30, 50, 70, 90, 110, 130, 150] [441, 28] 8 1
[230, 210, 190, 190, 190, 190, 190, 190] [30, 30, 30, 50, 70, 90, 110, 130] [441, 28] 8 1
[250, 230, 210, 190, 190, 190, 190, 190] [30, 30, 30, 30, 50, 70, 90, 110] [441, 28] 8 1
[270, 250, 230, 210, 190, 190, 190, 190] [30, 30, 30, 30, 30, 50, 70, 90] [441, 28] 8 1
[290, 270, 250, 230, 210, 190, 190, 190] [30, 30, 30, 30, 30, 30, 50, 70] [441, 28] 8 1
[310, 290, 270, 250, 230, 210, 190, 190] [30, 30, 30, 30, 30, 30, 30, 50] [441, 28] 8 1
[330, 310, 290, 270, 250, 230, 210, 190] [30, 30, 30, 30, 30, 30, 30, 30] [441, 28] 8 1
[350, 330, 310, 290, 270, 250, 230, 210] [30, 30, 30, 30, 30, 30, 30, 30] [441, 28] 8 1
[370, 350, 330, 310, 290, 270, 250, 230] [30, 30, 30, 30, 30, 30, 30, 30] [441, 28] 8 1
[390, 370, 350, 330, 310, 290, 270, 250] [30, 30, 30, 30, 30, 30, 30, 30] [441, 28] 8 1
[410, 390, 370, 350, 330, 310, 290, 270] [30, 30, 30, 30, 30, 30, 30, 30] [441, 28] 8 1
[430, 410, 390, 370, 350, 330, 310, 290] [30, 30, 30, 30, 30, 30, 30, 30] [441, 28] 8 1
[450, 430, 410, 390, 370, 350, 330, 310, 290] [30, 30, 30, 30, 30, 30, 30, 30, 30] [156, 572] 9 1
[450, 450, 430, 410, 390, 370, 350, 330, 310] [50, 30, 30, 30, 30, 30, 30, 30, 30] [156, 572] 9 0
[450, 450, 450, 430, 410, 390, 370, 350, 330] [70, 50, 30, 30, 30, 30, 30, 30, 30] [156, 572] 9 0
[450, 450, 450, 450, 430, 410, 390, 370, 350] [90, 70, 50, 30, 30, 30, 30, 30, 30] [156, 572] 9 0
[450, 450, 450, 450, 450, 430, 410, 390, 370] [110, 90, 70, 50, 30, 30, 30, 30, 30] [156, 572] 9 0
[450, 450, 450, 450, 450, 450, 430, 410, 390] [130, 110, 90, 70, 50, 30, 30, 30, 30] [156, 572] 9 0
[450, 450, 450, 450, 450, 450, 450, 430, 410] [150, 130, 110, 90, 70, 50, 30, 30, 30] [156, 572] 9 0
[450, 450, 450, 450, 450, 450, 450, 450, 430] [170, 150, 130, 110, 90, 70, 50, 30, 30] [156, 572] 9 0
[450, 450, 450, 450, 450, 450, 450, 450, 450] [190, 170, 150, 130, 110, 90, 70, 50, 30] [156, 572] 9 0
[450, 450, 450, 450, 450, 450, 450, 450, 450] [210, 190, 170, 150, 130, 110, 90, 70, 50] [156, 572] 9 0
[450, 450, 450, 450, 450, 450, 450, 450, 450] [230, 210, 190, 170, 150, 130, 110, 90, 70] [156, 572] 9 0
[450, 450, 450, 450, 450, 450, 450, 450, 450] [250, 230, 210, 190, 170, 150, 130, 110, 90] [156, 572] 9 0
[450, 450, 450, 450, 450, 450, 450, 450, 450] [270, 250, 230, 210, 190, 170, 150, 130, 110] [156, 572] 9 0
[450, 450, 450, 450, 450, 450, 450, 450, 450] [290, 270, 250, 230, 210, 190, 170, 150, 130] [156, 572] 9 0
[450, 450, 450, 450, 450, 450, 450, 450, 450] [310, 290, 270, 250, 230, 210, 190, 170, 150] [156, 572] 9 0
[450, 450, 450, 450, 450, 450, 450, 450, 450] [330, 310, 290, 270, 250, 230, 210, 190, 170] [156, 572] 9 0
[450, 450, 450, 450, 450, 450, 450, 450, 450] [350, 330, 310, 290, 270, 250, 230, 210, 190] [156, 572] 9 0
[450, 450, 450, 450, 450, 450, 450, 450, 450] [370, 350, 330, 310, 290, 270, 250, 230, 210] [156, 572] 9 0
[450, 450, 450, 450, 450, 450, 450, 450, 450] [390, 370, 350, 330, 310, 290, 270, 250, 230] [156, 572] 9 0
[450, 450, 450, 450, 450, 450, 450, 450, 450] [410, 390, 370, 350, 330, 310, 290, 270, 250] [156, 572] 9 0
[450, 450, 450, 450, 450, 450, 450, 450, 450] [430, 410, 390, 370, 350, 330, 310, 290, 270] [156, 572] 9 0
[450, 450, 450, 450, 450, 450, 450, 450, 450] [450, 430, 410, 390, 370, 350, 330, 310, 290] [156, 572] 9 0
[450, 450, 450, 450, 450, 450, 450, 450, 450] [470, 450, 430, 410, 390, 370, 350, 330, 310] [156, 572] 9 0
[450, 450, 450, 450, 450, 450, 450, 450, 450] [490, 470, 450, 430, 410, 390, 370, 350, 330] [156, 572] 9 0
[450, 450, 450, 450, 450, 450, 450, 450, 450] [510, 490, 470, 450, 430, 410, 390, 370, 350] [156, 572] 9 0
[450, 450, 450, 450, 450, 450, 450, 450, 450] [530, 510, 490, 470, 450, 430, 410, 390, 370] [156, 572] 9 0
[450, 450, 450, 450, 450, 450, 450, 450, 450] [550, 530, 510, 490, 470, 450, 430, 410, 390] [156, 572] 9 0
[450, 450, 450, 450, 450, 450, 450, 450, 450] [570, 550, 530, 510, 490, 470, 450, 430, 410] [156, 572] 9 0
[430, 450, 450, 450, 450, 450, 450, 450, 450] [570, 570, 550, 530, 510, 490, 470, 450, 430] [156, 572] 9 3
[410, 430, 450, 450, 450, 450, 450, 450, 450] [570, 570, 570, 550, 530, 510, 490, 470, 450] [156, 572] 9 3
[390, 410, 430, 450, 450, 450, 450, 450, 450] [570, 570, 570, 570, 550, 530, 510, 490, 470] [156, 572] 9 3
[370, 390, 410, 430, 450, 450, 450, 450, 450] [570, 570, 570, 570, 570, 550, 530, 510, 490] [156, 572] 9 3
[350, 370, 390, 410, 430, 450, 450, 450, 450] [570, 570, 570, 570, 570, 570, 550, 530, 510] [156, 572] 9 3
[330, 350, 370, 390, 410, 430, 450, 450, 450] [570, 570, 570, 570, 570, 570, 570, 550, 530] [156, 572] 9 3
[310, 330, 350, 370, 390, 410, 430, 450, 450] [570, 570, 570, 570, 570, 570, 570, 570, 550] [156, 572] 9 3
[290, 310, 330, 350, 370, 390, 410, 430, 450] [570, 570, 570, 570, 570, 570, 570, 570, 570] [156, 572] 9 3
[270, 290, 310, 330, 350, 370, 390, 410, 430] [570, 570, 570, 570, 570, 570, 570, 570, 570] [156, 572] 9 3
[250, 270, 290, 310, 330, 350, 370, 390, 410] [570, 570, 570, 570, 570, 570, 570, 570, 570] [156, 572] 9 3
[230, 250, 270, 290, 310, 330, 350, 370, 390] [570, 570, 570, 570, 570, 570, 570, 570, 570] [156, 572] 9 3
[210, 230, 250, 270, 290, 310, 330, 350, 370] [570, 570, 570, 570, 570, 570, 570, 570, 570] [156, 572] 9 3
[190, 210, 230, 250, 270, 290, 310, 330, 350] [570, 570, 570, 570, 570, 570, 570, 570, 570] [156, 572] 9 3
[170, 190, 210, 230, 250, 270, 290, 310, 330] [570, 570, 570, 570, 570, 570, 570, 570, 570] [156, 572] 9 3
[150, 170, 190, 210, 230, 250, 270, 290, 310] [570, 570, 570, 570, 570, 570, 570, 570, 570] [156, 572] 9 3
[150, 150, 170, 190, 210, 230, 250, 270, 290, 310] [550, 570, 570, 570, 570, 570, 570, 570, 570, 570] [388, 109] 10 2
[150, 150, 150, 170, 190, 210, 230, 250, 270, 290] [530, 550, 570, 570, 570, 570, 570, 570, 570, 570] [388, 109] 10 2
[150, 150, 150, 150, 170, 190, 210, 230, 250, 270] [510, 530, 550, 570, 570, 570, 570, 570, 570, 570] [388, 109] 10 2
[150, 150, 150, 150, 150, 170, 190, 210, 230, 250] [490, 510, 530, 550, 570, 570, 570, 570, 570, 570] [388, 109] 10 2
[150, 150, 150, 150, 150, 150, 170, 190, 210, 230] [470, 490, 510, 530, 550, 570, 570, 570, 570, 570] [388, 109] 10 2
[150, 150, 150, 150, 150, 150, 150, 170, 190, 210] [450, 470, 490, 510, 530, 550, 570, 570, 570, 570] [388, 109] 10 2
[150, 150, 150, 150, 150, 150, 150, 150, 170, 190] [430, 450, 470, 490, 510, 530, 550, 570, 570, 570] [388, 109] 10 2
[150, 150, 150, 150, 150, 150, 150, 150, 150, 170] [410, 430, 450, 470, 490, 510, 530, 550, 570, 570] [388, 109] 10 2
[150, 150, 150, 150, 150, 150, 150, 150, 150, 150] [390, 410, 430, 450, 470, 490, 510, 530, 550, 570] [388, 109] 10 2
[150, 150, 150, 150, 150, 150, 150, 150, 150, 150] [370, 390, 410, 430, 450, 470, 490, 510, 530, 550] [388, 109] 10 2
[150, 150, 150, 150, 150, 150, 150, 150, 150, 150] [350, 370, 390, 410, 430, 450, 470, 490, 510, 530] [388, 109] 10 2
[150, 150, 150, 150, 150, 150, 150, 150, 150, 150] [330, 350, 370, 390, 410, 430, 450, 470, 490, 510] [388, 109] 10 2
[150, 150, 150, 150, 150, 150, 150, 150, 150, 150] [310, 330, 350, 370, 390, 410, 430, 450, 470, 490] [388, 109] 10 2
[150, 150, 150, 150, 150, 150, 150, 150, 150, 150] [290, 310, 330, 350, 370, 390, 410, 430, 450, 470] [388, 109] 10 2
[150, 150, 150, 150, 150, 150, 150, 150, 150, 150] [270, 290, 310, 330, 350, 370, 390, 410, 430, 450] [388, 109] 10 2
[150, 150, 150, 150, 150, 150, 150, 150, 150, 150] [250, 270, 290, 310, 330, 350, 370, 390, 410, 430] [388, 109] 10 2
[150, 150, 150, 150, 150, 150, 150, 150, 150, 150] [230, 250, 270, 290, 310, 330, 350, 370, 390, 410] [388, 109] 10 2
[150, 150, 150, 150, 150, 150, 150, 150, 150, 150] [210, 230, 250, 270, 290, 310, 330, 350, 370, 390] [388, 109] 10 2
[150, 150, 150, 150, 150, 150, 150, 150, 150, 150] [190, 210, 230, 250, 270, 290, 310, 330, 350, 370] [388, 109] 10 2
[150, 150, 150, 150, 150, 150, 150, 150, 150, 150] [170, 190, 210, 230, 250, 270, 290, 310, 330, 350] [388, 109] 10 2
[150, 150, 150, 150, 150, 150, 150, 150, 150, 150] [150, 170, 190, 210, 230, 250, 270, 290, 310, 330] [388, 109] 10 2
[150, 150, 150, 150, 150, 150, 150, 150, 150, 150] [130, 150, 170, 190, 210, 230, 250, 270, 290, 310] [388, 109] 10 2
[150, 150, 150, 150, 150, 150, 150, 150, 150, 150] [110, 130, 150, 170, 190, 210, 230, 250, 270, 290] [388, 109] 10 2
[170, 150, 150, 150, 150, 150, 150, 150, 150, 150] [110, 110, 130, 150, 170, 190, 210, 230, 250, 270] [388, 109] 10 1
[190, 170, 150, 150, 150, 150, 150, 150, 150, 150] [110, 110, 110, 130, 150, 170, 190, 210, 230, 250] [388, 109] 10 1
[210, 190, 170, 150, 150, 150, 150, 150, 150, 150] [110, 110, 110, 110, 130, 150, 170, 190, 210, 230] [388, 109] 10 1
[230, 210, 190, 170, 150, 150, 150, 150, 150, 150] [110, 110, 110, 110, 110, 130, 150, 170, 190, 210] [388, 109] 10 1
[250, 230, 210, 190, 170, 150, 150, 150, 150, 150] [110, 110, 110, 110, 110, 110, 130, 150, 170, 190] [388, 109] 10 1
[270, 250, 230, 210, 190, 170, 150, 150, 150, 150] [110, 110, 110, 110, 110, 110, 110, 130, 150, 170] [388, 109] 10 1
[290, 270, 250, 230, 210, 190, 170, 150, 150, 150] [110, 110, 110, 110, 110, 110, 110, 110, 130, 150] [388, 109] 10 1
[310, 290, 270, 250, 230, 210, 190, 170, 150, 150] [110, 110, 110, 110, 110, 110, 110, 110, 110, 130] [388, 109] 10 1
[330, 310, 290, 270, 250, 230, 210, 190, 170, 150] [110, 110, 110, 110, 110, 110, 110, 110, 110, 110] [388, 109] 10 1
[350, 330, 310, 290, 270, 250, 230, 210, 190, 170] [110, 110, 110, 110, 110, 110, 110, 110, 110, 110] [388, 109] 10 1
[370, 350, 330, 310, 290, 270, 250, 230, 210, 190] [110, 110, 110, 110, 110, 110, 110, 110, 110, 110] [388, 109] 10 1
[390, 370, 350, 330, 310, 290, 270, 250, 230, 210, 190] [110, 110, 110, 110, 110, 110, 110, 110, 110, 110, 110] [533, 318] 11 1
[410, 390, 370, 350, 330, 310, 290, 270, 250, 230, 210] [110, 110, 110, 110, 110, 110, 110, 110, 110, 110, 110] [533, 318] 11 1
[430, 410, 390, 370, 350, 330, 310, 290, 270, 250, 230] [110, 110, 110, 110, 110, 110, 110, 110, 110, 110, 110] [533, 318] 11 1
[450, 430, 410, 390, 370, 350, 330, 310, 290, 270, 250] [110, 110, 110, 110, 110, 110, 110, 110, 110, 110, 110] [533, 318] 11 1
[470, 450, 430, 410, 390, 370, 350, 330, 310, 290, 270] [110, 110, 110, 110, 110, 110, 110, 110, 110, 110, 110] [533, 318] 11 1
[490, 470, 450, 430, 410, 390, 370, 350, 330, 310, 290] [110, 110, 110, 110, 110, 110, 110, 110, 110, 110, 110] [533, 318] 11 1
[510, 490, 470, 450, 430, 410, 390, 370, 350, 330, 310] [110, 110, 110, 110, 110, 110, 110, 110, 110, 110, 110] [533, 318] 11 1
[530, 510, 490, 470, 450, 430, 410, 390, 370, 350, 330] [110, 110, 110, 110, 110, 110, 110, 110, 110, 110, 110] [533, 318] 11 1
[530, 530, 510, 490, 470, 450, 430, 410, 390, 370, 350] [130, 110, 110, 110, 110, 110, 110, 110, 110, 110, 110] [533, 318] 11 0
[530, 530, 530, 510, 490, 470, 450, 430, 410, 390, 370] [150, 130, 110, 110, 110, 110, 110, 110, 110, 110, 110] [533, 318] 11 0
[530, 530, 530, 530, 510, 490, 470, 450, 430, 410, 390] [170, 150, 130, 110, 110, 110, 110, 110, 110, 110, 110] [533, 318] 11 0
[530, 530, 530, 530, 530, 510, 490, 470, 450, 430, 410] [190, 170, 150, 130, 110, 110, 110, 110, 110, 110, 110] [533, 318] 11 0
[530, 530, 530, 530, 530, 530, 510, 490, 470, 450, 430] [210, 190, 170, 150, 130, 110, 110, 110, 110, 110, 110] [533, 318] 11 0
[530, 530, 530, 530, 530, 530, 530, 510, 490, 470, 450] [230, 210, 190, 170, 150, 130, 110, 110, 110, 110, 110] [533, 318] 11 0
[530, 530, 530, 530, 530, 530, 530, 530, 510, 490, 470] [250, 230, 210, 190, 170, 150, 130, 110, 110, 110, 110] [533, 318] 11 0
[530, 530, 530, 530, 530, 530, 530, 530, 530, 510, 490] [270, 250, 230, 210, 190, 170, 150, 130, 110, 110, 110] [533, 318] 11 0
[530, 530, 530, 530, 530, 530, 530, 530, 530, 530, 510] [290, 270, 250, 230, 210, 190, 170, 150, 130, 110, 110] [533, 318] 11 0
[530, 530, 530, 530, 530, 530, 530, 530, 530, 530, 530] [310, 290, 270, 250, 230, 210, 190, 170, 150, 130, 110] [533, 318] 11 0
[530, 530, 530, 530, 530, 530, 530, 530, 530, 530, 530, 530] [330, 310, 290, 270, 250, 230, 210, 190, 170, 150, 130, 110] [108, 279] 12 0
[510, 530, 530, 530, 530, 530, 530, 530, 530, 530, 530, 530] [330, 330, 310, 290, 270, 250, 230, 210, 190, 170, 150, 130] [108, 279] 12 3
[490, 510, 530, 530, 530, 530, 530, 530, 530, 530, 530, 530] [330, 330, 330, 310, 290, 270, 250, 230, 210, 190, 170, 150] [108, 279] 12 3
[470, 490, 510, 530, 530, 530, 530, 530, 530, 530, 530, 530] [330, 330, 330, 330, 310, 290, 270, 250, 230, 210, 190, 170] [108, 279] 12 3
[450, 470, 490, 510, 530, 530, 530, 530, 530, 530, 530, 530] [330, 330, 330, 330, 330, 310, 290, 270, 250, 230, 210, 190] [108, 279] 12 3
[430, 450, 470, 490, 510, 530, 530, 530, 530, 530, 530, 530] [330, 330, 330, 330, 330, 330, 310, 290, 270, 250, 230, 210] [108, 279] 12 3
[410, 430, 450, 470, 490, 510, 530, 530, 530, 530, 530, 530] [330, 330, 330, 330, 330, 330, 330, 310, 290, 270, 250, 230] [108, 279] 12 3
[390, 410, 430, 450, 470, 490, 510, 530, 530, 530, 530, 530] [330, 330, 330, 330, 330, 330, 330, 330, 310, 290, 270, 250] [108, 279] 12 3
[370, 390, 410, 430, 450, 470, 490, 510, 530, 530, 530, 530] [330, 330, 330, 330, 330, 330, 330, 330, 330, 310, 290, 270] [108, 279] 12 3
[350, 370, 390, 410, 430, 450, 470, 490, 510, 530, 530, 530] [330, 330, 330, 330, 330, 330, 330, 330, 330, 330, 310, 290] [108, 279] 12 3
[330, 350, 370, 390, 410, 430, 450, 470, 490, 510, 530, 530] [330, 330, 330, 330, 330, 330, 330, 330, 330, 330, 330, 310] [108, 279] 12 3
[310, 330, 350, 370, 390, 410, 430, 450, 470, 490, 510, 530] [330, 330, 330, 330, 330, 330, 330, 330, 330, 330, 330, 330] [108, 279] 12 3
[290, 310, 330, 350, 370, 390, 410, 430, 450, 470, 490, 510] [330, 330, 330, 330, 330, 330, 330, 330, 330, 330, 330, 330] [108, 279] 12 3
[270, 290, 310, 330, 350, 370, 390, 410, 430, 450, 470, 490] [330, 330, 330, 330, 330, 330, 330, 330, 330, 330, 330, 330] [108, 279] 12 3
[250, 270, 290, 310, 330, 350, 370, 390, 410, 430, 450, 470] [330, 330, 330, 330, 330, 330, 330, 330, 330, 330, 330, 330] [108, 279] 12 3
[230, 250, 270, 290, 310, 330, 350, 370, 390, 410, 430, 450] [330, 330, 330, 330, 330, 330, 330, 330, 330, 330, 330, 330] [108, 279] 12 3
[210, 230, 250, 270, 290, 310, 330, 350, 370, 390, 410, 430] [330, 330, 330, 330, 330, 330, 330, 330, 330, 330, 330, 330] [108, 279] 12 3
[190, 210, 230, 250, 270, 290, 310, 330, 350, 370, 390, 410] [330, 330, 330, 330, 330, 330, 330, 330, 330, 330, 330, 330] [108, 279] 12 3
[170, 190, 210, 230, 250, 270, 290, 310, 330, 350, 370, 390] [330, 330, 330, 330, 330, 330, 330, 330, 330, 330, 330, 330] [108, 279] 12 3
[150, 170, 190, 210, 230, 250, 270, 290, 310, 330, 350, 370] [330, 330, 330, 330, 330, 330, 330, 330, 330, 330, 330, 330] [108, 279] 12 3
[130, 150, 170, 190, 210, 230, 250, 270, 290, 310, 330, 350] [330, 330, 330, 330, 330, 330, 330, 330, 330, 330, 330, 330] [108, 279] 12 3
[110, 130, 150, 170, 190, 210, 230, 250, 270, 290, 310, 330] [330, 330, 330, 330, 330, 330, 330, 330, 330, 330, 330, 330] [108, 279] 12 3
[90, 110, 130, 150, 170, 190, 210, 230, 250, 270, 290, 310] [330, 330, 330, 330, 330, 330, 330, 330, 330, 330, 330, 330] [108, 279] 12 3
[90, 90, 110, 130, 150, 170, 190, 210, 230, 250, 270, 290] [310, 330, 330, 330, 330, 330, 330, 330, 330, 330, 330, 330] [108, 279] 12 2
[90, 90, 90, 110, 130, 150, 170, 190, 210, 230, 250, 270] [290, 310, 330, 330, 330, 330, 330, 330, 330, 330, 330, 330] [108, 279] 12 2
[90, 90, 90, 90, 110, 130, 150, 170, 190, 210, 230, 250] [270, 290, 310, 330, 330, 330, 330, 330, 330, 330, 330, 330] [108, 279] 12 2
[90, 90, 90, 90, 90, 110, 130, 150, 170, 190, 210, 230, 250] [250, 270, 290, 310, 330, 330, 330, 330, 330, 330, 330, 330, 330] [142, 418] 13 2
[110, 90, 90, 90, 90, 90, 110, 130, 150, 170, 190, 210, 230] [250, 250, 270, 290, 310, 330, 330, 330, 330, 330, 330, 330, 330] [142, 418] 13 1
[130, 110, 90, 90, 90, 90, 90, 110, 130, 150, 170, 190, 210] [250, 250, 250, 270, 290, 310, 330, 330, 330, 330, 330, 330, 330] [142, 418] 13 1
[150, 130, 110, 90, 90, 90, 90, 90, 110, 130, 150, 170, 190] [250, 250, 250, 250, 270, 290, 310, 330, 330, 330, 330, 330, 330] [142, 418] 13 1
[150, 150, 130, 110, 90, 90, 90, 90, 90, 110, 130, 150, 170] [270, 250, 250, 250, 250, 270, 290, 310, 330, 330, 330, 330, 330] [142, 418] 13 0
[150, 150, 150, 130, 110, 90, 90, 90, 90, 90, 110, 130, 150] [290, 270, 250, 250, 250, 250, 270, 290, 310, 330, 330, 330, 330] [142, 418] 13 0
[150, 150, 150, 150, 130, 110, 90, 90, 90, 90, 90, 110, 130] [310, 290, 270, 250, 250, 250, 250, 270, 290, 310, 330, 330, 330] [142, 418] 13 0
[150, 150, 150, 150, 150, 130, 110, 90, 90, 90, 90, 90, 110] [330, 310, 290, 270, 250, 250, 250, 250, 270, 290, 310, 330, 330] [142, 418] 13 0
[150, 150, 150, 150, 150, 150, 130, 110, 90, 90, 90, 90, 90] [350, 330, 310, 290, 270, 250, 250, 250, 250, 270, 290, 310, 330] [142, 418] 13 0
[150, 150, 150, 150, 150, 150, 150, 130, 110, 90, 90, 90, 90] [370, 350, 330, 310, 290, 270, 250, 250, 250, 250, 270, 290, 310] [142, 418] 13 0
[150, 150, 150, 150, 150, 150, 150, 150, 130, 110, 90, 90, 90] [390, 370, 350, 330, 310, 290, 270, 250, 250, 250, 250, 270, 290] [142, 418] 13 0
[150, 150, 150, 150, 150, 150, 150, 150, 150, 130, 110, 90, 90] [410, 390, 370, 350, 330, 310, 290, 270, 250, 250, 250, 250, 270] [142, 418] 13 0
[150, 150, 150, 150, 150, 150, 150, 150, 150, 150, 130, 110, 90, 90] [430, 410, 390, 370, 350, 330, 310, 290, 270, 250, 250, 250, 250, 270] [169, 231] 14 0
[170, 150, 150, 150, 150, 150, 150, 150, 150, 150, 150, 130, 110, 90] [430, 430, 410, 390, 370, 350, 330, 310, 290, 270, 250, 250, 250, 250] [169, 231] 14 1
[170, 170, 150, 150, 150, 150, 150, 150, 150, 150, 150, 150, 130, 110] [410, 430, 430, 410, 390, 370, 350, 330, 310, 290, 270, 250, 250, 250] [169, 231] 14 2
[170, 170, 170, 150, 150, 150, 150, 150, 150, 150, 150, 150, 150, 130] [390, 410, 430, 430, 410, 390, 370, 350, 330, 310, 290, 270, 250, 250] [169, 231] 14 2
[170, 170, 170, 170, 150, 150, 150, 150, 150, 150, 150, 150, 150, 150] [370, 390, 410, 430, 430, 410, 390, 370, 350, 330, 310, 290, 270, 250] [169, 231] 14 2
[170, 170, 170, 170, 170, 150, 150, 150, 150, 150, 150, 150, 150, 150] [350, 370, 390, 410, 430, 430, 410, 390, 370, 350, 330, 310, 290, 270] [169, 231] 14 2
[170, 170, 170, 170, 170, 170, 150, 150, 150, 150, 150, 150, 150, 150] [330, 350, 370, 390, 410, 430, 430, 410, 390, 370, 350, 330, 310, 290] [169, 231] 14 2
[170, 170, 170, 170, 170, 170, 170, 150, 150, 150, 150, 150, 150, 150] [310, 330, 350, 370, 390, 410, 430, 430, 410, 390, 370, 350, 330, 310] [169, 231] 14 2
[170, 170, 170, 170, 170, 170, 170, 170, 150, 150, 150, 150, 150, 150] [290, 310, 330, 350, 370, 390, 410, 430, 430, 410, 390, 370, 350, 330] [169, 231] 14 2
[170, 170, 170, 170, 170, 170, 170, 170, 170, 150, 150, 150, 150, 150] [270, 290, 310, 330, 350, 370, 390, 410, 430, 430, 410, 390, 370, 350] [169, 231] 14 2
[170, 170, 170, 170, 170, 170, 170, 170, 170, 170, 150, 150, 150, 150] [250, 270, 290, 310, 330, 350, 370, 390, 410, 430, 430, 410, 390, 370] [169, 231] 14 2
[170, 170, 170, 170, 170, 170, 170, 170, 170, 170, 170, 150, 150, 150] [230, 250, 270, 290, 310, 330, 350, 370, 390, 410, 430, 430, 410, 390] [169, 231] 14 2
[170, 170, 170, 170, 170, 170, 170, 170, 170, 170, 170, 170, 150, 150, 150] [210, 230, 250, 270, 290, 310, 330, 350, 370, 390, 410, 430, 430, 410, 390] [239, 100] 15 2
[170, 170, 170, 170, 170, 170, 170, 170, 170, 170, 170, 170, 170, 150, 150] [190, 210, 230, 250, 270, 290, 310, 330, 350, 370, 390, 410, 430, 430, 410] [239, 100] 15 2
[170, 170, 170, 170, 170, 170, 170, 170, 170, 170, 170, 170, 170, 170, 150] [170, 190, 210, 230, 250, 270, 290, 310, 330, 350, 370, 390, 410, 430, 430] [239, 100] 15 2
[170, 170, 170, 170, 170, 170, 170, 170, 170, 170, 170, 170, 170, 170, 170] [150, 170, 190, 210, 230, 250, 270, 290, 310, 330, 350, 370, 390, 410, 430] [239, 100] 15 2
[170, 170, 170, 170, 170, 170, 170, 170, 170, 170, 170, 170, 170, 170, 170] [130, 150, 170, 190, 210, 230, 250, 270, 290, 310, 330, 350, 370, 390, 410] [239, 100] 15 2
[170, 170, 170, 170, 170, 170, 170, 170, 170, 170, 170, 170, 170, 170, 170] [110, 130, 150, 170, 190, 210, 230, 250, 270, 290, 310, 330, 350, 370, 390] [239, 100] 15 2
[170, 170, 170, 170, 170, 170, 170, 170, 170, 170, 170, 170, 170, 170, 170] [90, 110, 130, 150, 170, 190, 210, 230, 250, 270, 290, 310, 330, 350, 370] [239, 100] 15 2
[190, 170, 170, 170, 170, 170, 170, 170, 170, 170, 170, 170, 170, 170, 170] [90, 90, 110, 130, 150, 170, 190, 210, 230, 250, 270, 290, 310, 330, 350] [239, 100] 15 1
[210, 190, 170, 170, 170, 170, 170, 170, 170, 170, 170, 170, 170, 170, 170] [90, 90, 90, 110, 130, 150, 170, 190, 210, 230, 250, 270, 290, 310, 330] [239, 100] 15 1
[230, 210, 190, 170, 170, 170, 170, 170, 170, 170, 170, 170, 170, 170, 170] [90, 90, 90, 90, 110, 130, 150, 170, 190, 210, 230, 250, 270, 290, 310] [239, 100] 15 1
