[290, 290, 290, 290, 290] [290, 270, 250, 230, 210] [574, 122] 5 0
[310, 290, 290, 290, 290] [290, 290, 270, 250, 230] [574, 122] 5 1
[330, 310, 290, 290, 290] [290, 290, 290, 270, 250] [574, 122] 5 1
[350, 330, 310, 290, 290] [290, 290, 290, 290, 270] [574, 122] 5 1
[370, 350, 330, 310, 290] [290, 290, 290, 290, 290] [574, 122] 5 1
[390, 370, 350, 330, 310] [290, 290, 290, 290, 290] [574, 122] 5 1
[410, 390, 370, 350, 330] [290, 290, 290, 290, 290] [574, 122] 5 1
[430, 410, 390, 370, 350] [290, 290, 290, 290, 290] [574, 122] 5 1
[450, 430, 410, 390, 370] [290, 290, 290, 290, 290] [574, 122] 5 1
[470, 450, 430, 410, 390] [290, 290, 290, 290, 290] [574, 122] 5 1
[490, 470, 450, 430, 410] [290, 290, 290, 290, 290] [574, 122] 5 1
[510, 490, 470, 450, 430] [290, 290, 290, 290, 290] [574, 122] 5 1
[530, 510, 490, 470, 450] [290, 290, 290, 290, 290] [574, 122] 5 1
[550, 530, 510, 490, 470] [290, 290, 290, 290, 290] [574, 122] 5 1
[570, 550, 530, 510, 490] [290, 290, 290, 290, 290] [574, 122] 5 1
[570, 570, 550, 530, 510] [270, 290, 290, 290, 290] [574, 122] 5 2
[570, 570, 570, 550, 530] [250, 270, 290, 290, 290] [574, 122] 5 2
[570, 570, 570, 570, 550] [230, 250, 270, 290, 290] [574, 122] 5 2
[570, 570, 570, 570, 570] [210, 230, 250, 270, 290] [574, 122] 5 2
[570, 570, 570, 570, 570] [190, 210, 230, 250, 270] [574, 122] 5 2
[570, 570, 570, 570, 570] [170, 190, 210, 230, 250] [574, 122] 5 2
[570, 570, 570, 570, 570] [150, 170, 190, 210, 230] [574, 122] 5 2
[570, 570, 570, 570, 570] [130, 150, 170, 190, 210] [574, 122] 5 2
[570, 570, 570, 570, 570, 570] [110, 130, 150, 170, 190, 210] [247, 213] 6 2
[570, 570, 570, 570, 570, 570] [90, 110, 130, 150, 170, 190] [247, 213] 6 2
[550, 570, 570, 570, 570, 570] [90, 90, 110, 130, 150, 170] [247, 213] 6 3
[530, 550, 570, 570, 570, 570] [90, 90, 90, 110, 130, 150] [247, 213] 6 3
[510, 530, 550, 570, 570, 570] [90, 90, 90, 90, 110, 130] [247, 213] 6 3
[490, 510, 530, 550, 570, 570] [90, 90, 90, 90, 90, 110] [247, 213] 6 3
[470, 490, 510, 530, 550, 570] [90, 90, 90, 90, 90, 90] [247, 213] 6 3
[450, 470, 490, 510, 530, 550] [90, 90, 90, 90, 90, 90] [247, 213] 6 3
[430, 450, 470, 490, 510, 530] [90, 90, 90, 90, 90, 90] [247, 213] 6 3
[410, 430, 450, 470, 490, 510] [90, 90, 90, 90, 90, 90] [247, 213] 6 3
[390, 410, 430, 450, 470, 490] [90, 90, 90, 90, 90, 90] [247, 213] 6 3
[370, 390, 410, 430, 450, 470] [90, 90, 90, 90, 90, 90] [247, 213] 6 3
[350, 370, 390, 410, 430, 450] [90, 90, 90, 90, 90, 90] [247, 213] 6 3
[330, 350, 370, 390, 410, 430] [90, 90, 90, 90, 90, 90] [247, 213] 6 3
[310, 330, 350, 370, 390, 410] [90, 90, 90, 90, 90, 90] [247, 213] 6 3
[290, 310, 330, 350, 370, 390] [90, 90, 90, 90, 90, 90] [247, 213] 6 3
[270, 290, 310, 330, 350, 370] [90, 90, 90, 90, 90, 90] [247, 213] 6 3
[250, 270, 290, 310, 330, 350] [90, 90, 90, 90, 90, 90] [247, 213] 6 3
[250, 250, 270, 290, 310, 330] [110, 90, 90, 90, 90, 90] [247, 213] 6 0
[250, 250, 250, 270, 290, 310] [130, 110, 90, 90, 90, 90] [247, 213] 6 0
[250, 250, 250, 250, 270, 290] [150, 130, 110, 90, 90, 90] [247, 213] 6 0
[250, 250, 250, 250, 250, 270] [170, 150, 130, 110, 90, 90] [247, 213] 6 0
[250, 250, 250, 250, 250, 250] [190, 170, 150, 130, 110, 90] [247, 213] 6 0
[250, 250, 250, 250, 250, 250] [210, 190, 170, 150, 130, 110] [247, 213] 6 0
[250, 250, 250, 250, 250, 250, 250] [230, 210, 190, 170, 150, 130, 110] [332, 82] 7 0
[270, 250, 250, 250, 250, 250, 250] [230, 230, 210, 190, 170, 150, 130] [332, 82] 7 1
[290, 270, 250, 250, 250, 250, 250] [230, 230, 230, 210, 190, 170, 150] [332, 82] 7 1
[310, 290, 270, 250, 250, 250, 250] [230, 230, 230, 230, 210, 190, 170] [332, 82] 7 1
[330, 310, 290, 270, 250, 250, 250] [230, 230, 230, 230, 230, 210, 190] [332, 82] 7 1
[330, 330, 310, 290, 270, 250, 250] [210, 230, 230, 230, 230, 230, 210] [332, 82] 7 2
[330, 330, 330, 310, 290, 270, 250] [190, 210, 230, 230, 230, 230, 230] [332, 82] 7 2
[330, 330, 330, 330, 310, 290, 270] [170, 190, 210, 230, 230, 230, 230] [332, 82] 7 2
[330, 330, 330, 330, 330, 310, 290] [150, 170, 190, 210, 230, 230, 230] [332, 82] 7 2
[330, 330, 330, 330, 330, 330, 310] [130, 150, 170, 190, 210, 230, 230] [332, 82] 7 2
[330, 330, 330, 330, 330, 330, 330] [110, 130, 150, 170, 190, 210, 230] [332, 82] 7 2
[330, 330, 330, 330, 330, 330, 330] [90, 110, 130, 150, 170, 190, 210] [332, 82] 7 2
[330, 330, 330, 330, 330, 330, 330, 330] [70, 90, 110, 130, 150, 170, 190, 210] [389, 267] 8 2
[350, 330, 330, 330, 330, 330, 330, 330] [70, 70, 90, 110, 130, 150, 170, 190] [389, 267] 8 1
[370, 350, 330, 330, 330, 330, 330, 330] [70, 70, 70, 90, 110, 130, 150, 170] [389, 267] 8 1
[390, 370, 350, 330, 330, 330, 330, 330] [70, 70, 70, 70, 90, 110, 130, 150] [389, 267] 8 1
[390, 390, 370, 350, 330, 330, 330, 330] [90, 70, 70, 70, 70, 90, 110, 130] [389, 267] 8 0
[390, 390, 390, 370, 350, 330, 330, 330] [110, 90, 70, 70, 70, 70, 90, 110] [389, 267] 8 0
[390, 390, 390, 390, 370, 350, 330, 330] [130, 110, 90, 70, 70, 70, 70, 90] [389, 267] 8 0
[390, 390, 390, 390, 390, 370, 350, 330] [150, 130, 110, 90, 70, 70, 70, 70] [389, 267] 8 0
[390, 390, 390, 390, 390, 390, 370, 350] [170, 150, 130, 110, 90, 70, 70, 70] [389, 267] 8 0
[390, 390, 390, 390, 390, 390, 390, 370] [190, 170, 150, 130, 110, 90, 70, 70] [389, 267] 8 0
[390, 390, 390, 390, 390, 390, 390, 390] [210, 190, 170, 150, 130, 110, 90, 70] [389, 267] 8 0
[390, 390, 390, 390, 390, 390, 390, 390] [230, 210, 190, 170, 150, 130, 110, 90] [389, 267] 8 0
[390, 390, 390, 390, 390, 390, 390, 390] [250, 230, 210, 190, 170, 150, 130, 110] [389, 267] 8 0
[390, 390, 390, 390, 390, 390, 390, 390, 390] [270, 250, 230, 210, 190, 170, 150, 130, 110] [413, 6] 9 0
[410, 390, 390, 390, 390, 390, 390, 390, 390] [270, 270, 250, 230, 210, 190, 170, 150, 130] [413, 6] 9 1
[410, 410, 390, 390, 390, 390, 390, 390, 390] [250, 270, 270, 250, 230, 210, 190, 170, 150] [413, 6] 9 2
[410, 410, 410, 390, 390, 390, 390, 390, 390] [230, 250, 270, 270, 250, 230, 210, 190, 170] [413, 6] 9 2
[410, 410, 410, 410, 390, 390, 390, 390, 390] [210, 230, 250, 270, 270, 250, 230, 210, 190] [413, 6] 9 2
[410, 410, 410, 410, 410, 390, 390, 390, 390] [190, 210, 230, 250, 270, 270, 250, 230, 210] [413, 6] 9 2
[410, 410, 410, 410, 410, 410, 390, 390, 390] [170, 190, 210, 230, 250, 270, 270, 250, 230] [413, 6] 9 2
[410, 410, 410, 410, 410, 410, 410, 390, 390] [150, 170, 190, 210, 230, 250, 270, 270, 250] [413, 6] 9 2
[410, 410, 410, 410, 410, 410, 410, 410, 390] [130, 150, 170, 190, 210, 230, 250, 270, 270] [413, 6] 9 2
[410, 410, 410, 410, 410, 410, 410, 410, 410] [110, 130, 150, 170, 190, 210, 230, 250, 270] [413, 6] 9 2
[410, 410, 410, 410, 410, 410, 410, 410, 410] [90, 110, 130, 150, 170, 190, 210, 230, 250] [413, 6] 9 2
[410, 410, 410, 410, 410, 410, 410, 410, 410] [70, 90, 110, 130, 150, 170, 190, 210, 230] [413, 6] 9 2
[410, 410, 410, 410, 410, 410, 410, 410, 410] [50, 70, 90, 110, 130, 150, 170, 190, 210] [413, 6] 9 2
[410, 410, 410, 410, 410, 410, 410, 410, 410] [30, 50, 70, 90, 110, 130, 150, 170, 190] [413, 6] 9 2
[410, 410, 410, 410, 410, 410, 410, 410, 410] [10, 30, 50, 70, 90, 110, 130, 150, 170] [413, 6] 9 2
[390, 410, 410, 410, 410, 410, 410, 410, 410, 410] [10, 10, 30, 50, 70, 90, 110, 130, 150, 170] [130, 143] 10 3
[370, 390, 410, 410, 410, 410, 410, 410, 410, 410] [10, 10, 10, 30, 50, 70, 90, 110, 130, 150] [130, 143] 10 3
[350, 370, 390, 410, 410, 410, 410, 410, 410, 410] [10, 10, 10, 10, 30, 50, 70, 90, 110, 130] [130, 143] 10 3
[330, 350, 370, 390, 410, 410, 410, 410, 410, 410] [10, 10, 10, 10, 10, 30, 50, 70, 90, 110] [130, 143] 10 3
[310, 330, 350, 370, 390, 410, 410, 410, 410, 410] [10, 10, 10, 10, 10, 10, 30, 50, 70, 90] [130, 143] 10 3
[290, 310, 330, 350, 370, 390, 410, 410, 410, 410] [10, 10, 10, 10, 10, 10, 10, 30, 50, 70] [130, 143] 10 3
[270, 290, 310, 330, 350, 370, 390, 410, 410, 410] [10, 10, 10, 10, 10, 10, 10, 10, 30, 50] [130, 143] 10 3
[250, 270, 290, 310, 330, 350, 370, 390, 410, 410] [10, 10, 10, 10, 10, 10, 10, 10, 10, 30] [130, 143] 10 3
[230, 250, 270, 290, 310, 330, 350, 370, 390, 410] [10, 10, 10, 10, 10, 10, 10, 10, 10, 10] [130, 143] 10 3
[210, 230, 250, 270, 290, 310, 330, 350, 370, 390] [10, 10, 10, 10, 10, 10, 10, 10, 10, 10] [130, 143] 10 3
[190, 210, 230, 250, 270, 290, 310, 330, 350, 370] [10, 10, 10, 10, 10, 10, 10, 10, 10, 10] [130, 143] 10 3
[170, 190, 210, 230, 250, 270, 290, 310, 330, 350] [10, 10, 10, 10, 10, 10, 10, 10, 10, 10] [130, 143] 10 3
[150, 170, 190, 210, 230, 250, 270, 290, 310, 330] [10, 10, 10, 10, 10, 10, 10, 10, 10, 10] [130, 143] 10 3
[130, 150, 170, 190, 210, 230, 250, 270, 290, 310] [10, 10, 10, 10, 10, 10, 10, 10, 10, 10] [130, 143] 10 3
[130, 130, 150, 170, 190, 210, 230, 250, 270, 290] [30, 10, 10, 10, 10, 10, 10, 10, 10, 10] [130, 143] 10 0
[130, 130, 130, 150, 170, 190, 210, 230, 250, 270] [50, 30, 10, 10, 10, 10, 10, 10, 10, 10] [130, 143] 10 0
[130, 130, 130, 130, 150, 170, 190, 210, 230, 250] [70, 50, 30, 10, 10, 10, 10, 10, 10, 10] [130, 143] 10 0
[130, 130, 130, 130, 130, 150, 170, 190, 210, 230] [90, 70, 50, 30, 10, 10, 10, 10, 10, 10] [130, 143] 10 0
[130, 130, 130, 130, 130, 130, 150, 170, 190, 210] [110, 90, 70, 50, 30, 10, 10, 10, 10, 10] [130, 143] 10 0
[130, 130, 130, 130, 130, 130, 130, 150, 170, 190] [130, 110, 90, 70, 50, 30, 10, 10, 10, 10] [130, 143] 10 0
