[290, 290, 290, 290, 290] [290, 270, 250, 230, 210] [265, 137] 5 0
[270, 290, 290, 290, 290] [290, 290, 270, 250, 230] [265, 137] 5 3
[270, 270, 290, 290, 290] [270, 290, 290, 270, 250] [265, 137] 5 2
[270, 270, 270, 290, 290] [250, 270, 290, 290, 270] [265, 137] 5 2
[270, 270, 270, 270, 290] [230, 250, 270, 290, 290] [265, 137] 5 2
[270, 270, 270, 270, 270] [210, 230, 250, 270, 290] [265, 137] 5 2
[270, 270, 270, 270, 270] [190, 210, 230, 250, 270] [265, 137] 5 2
[270, 270, 270, 270, 270] [170, 190, 210, 230, 250] [265, 137] 5 2
[270, 270, 270, 270, 270] [150, 170, 190, 210, 230] [265, 137] 5 2
[270, 270, 270, 270, 270] [130, 150, 170, 190, 210] [265, 137] 5 2
[270, 270, 270, 270, 270, 270] [110, 130, 150, 170, 190, 210] [426, 243] 6 2
[290, 270, 270, 270, 270, 270] [110, 110, 130, 150, 170, 190] [426, 243] 6 1
[310, 290, 270, 270, 270, 270] [110, 110, 110, 130, 150, 170] [426, 243] 6 1
[330, 310, 290, 270, 270, 270] [110, 110, 110, 110, 130, 150] [426, 243] 6 1
[350, 330, 310, 290, 270, 270] [110, 110, 110, 110, 110, 130] [426, 243] 6 1
[370, 350, 330, 310, 290, 270] [110, 110, 110, 110, 110, 110] [426, 243] 6 1
[390, 370, 350, 330, 310, 290] [110, 110, 110, 110, 110, 110] [426, 243] 6 1
[410, 390, 370, 350, 330, 310] [110, 110, 110, 110, 110, 110] [426, 243] 6 1
[410, 410, 390, 370, 350, 330] [130, 110, 110, 110, 110, 110] [426, 243] 6 0
[410, 410, 410, 390, 370, 350] [150, 130, 110, 110, 110, 110] [426, 243] 6 0
[410, 410, 410, 410, 390, 370] [170, 150, 130, 110, 110, 110] [426, 243] 6 0
[410, 410, 410, 410, 410, 390] [190, 170, 150, 130, 110, 110] [426, 243] 6 0
[410, 410, 410, 410, 410, 410] [210, 190, 170, 150, 130, 110] [426, 243] 6 0
[410, 410, 410, 410, 410, 410] [230, 210, 190, 170, 150, 130] [426, 243] 6 0
