[290, 290, 290, 290, 290] [290, 270, 250, 230, 210] [585, 417] 5 0
[290, 290, 290, 290, 290] [310, 290, 270, 250, 230] [585, 417] 5 0
[290, 290, 290, 290, 290] [330, 310, 290, 270, 250] [585, 417] 5 0
[310, 290, 290, 290, 290] [330, 330, 310, 290, 270] [585, 417] 5 1
[330, 310, 290, 290, 290] [330, 330, 330, 310, 290] [585, 417] 5 1
[350, 330, 310, 290, 290] [330, 330, 330, 330, 310] [585, 417] 5 1
[370, 350, 330, 310, 290] [330, 330, 330, 330, 330] [585, 417] 5 1
[390, 370, 350, 330, 310] [330, 330, 330, 330, 330] [585, 417] 5 1
[410, 390, 370, 350, 330] [330, 330, 330, 330, 330] [585, 417] 5 1
[430, 410, 390, 370, 350] [330, 330, 330, 330, 330] [585, 417] 5 1
[450, 430, 410, 390, 370] [330, 330, 330, 330, 330] [585, 417] 5 1
[470, 450, 430, 410, 390] [330, 330, 330, 330, 330] [585, 417] 5 1
[490, 470, 450, 430, 410] [330, 330, 330, 330, 330] [585, 417] 5 1
[510, 490, 470, 450, 430] [330, 330, 330, 330, 330] [585, 417] 5 1
[530, 510, 490, 470, 450] [330, 330, 330, 330, 330] [585, 417] 5 1
[550, 530, 510, 490, 470] [330, 330, 330, 330, 330] [585, 417] 5 1
[570, 550, 530, 510, 490] [330, 330, 330, 330, 330] [585, 417] 5 1
[570, 570, 550, 530, 510] [350, 330, 330, 330, 330] [585, 417] 5 0
[570, 570, 570, 550, 530] [370, 350, 330, 330, 330] [585, 417] 5 0
[570, 570, 570, 570, 550] [390, 370, 350, 330, 330] [585, 417] 5 0
[570, 570, 570, 570, 570] [410, 390, 370, 350, 330] [585, 417] 5 0
[570, 570, 570, 570, 570, 570] [430, 410, 390, 370, 350, 330] [316, 476] 6 0
[570, 570, 570, 570, 570, 570] [450, 430, 410, 390, 370, 350] [316, 476] 6 0
[570, 570, 570, 570, 570, 570] [470, 450, 430, 410, 390, 370] [316, 476] 6 0
[550, 570, 570, 570, 570, 570] [470, 470, 450, 430, 410, 390] [316, 476] 6 3
[530, 550, 570, 570, 570, 570] [470, 470, 470, 450, 430, 410] [316, 476] 6 3
[510, 530, 550, 570, 570, 570] [470, 470, 470, 470, 450, 430] [316, 476] 6 3
[490, 510, 530, 550, 570, 570] [470, 470, 470, 470, 470, 450] [316, 476] 6 3
[470, 490, 510, 530, 550, 570] [470, 470, 470, 470, 470, 470] [316, 476] 6 3
[450, 470, 490, 510, 530, 550] [470, 470, 470, 470, 470, 470] [316, 476] 6 3
[430, 450, 470, 490, 510, 530] [470, 470, 470, 470, 470, 470] [316, 476] 6 3
[410, 430, 450, 470, 490, 510] [470, 470, 470, 470, 470, 470] [316, 476] 6 3
[390, 410, 430, 450, 470, 490] [470, 470, 470, 470, 470, 470] [316, 476] 6 3
[370, 390, 410, 430, 450, 470] [470, 470, 470, 470, 470, 470] [316, 476] 6 3
[350, 370, 390, 410, 430, 450] [470, 470, 470, 470, 470, 470] [316, 476] 6 3
[330, 350, 370, 390, 410, 430] [470, 470, 470, 470, 470, 470] [316, 476] 6 3
[310, 330, 350, 370, 390, 410] [470, 470, 470, 470, 470, 470] [316, 476] 6 3
[290, 310, 330, 350, 370, 390, 410] [470, 470, 470, 470, 470, 470, 470] [40, 50] 7 3
[270, 290, 310, 330, 350, 370, 390] [470, 470, 470, 470, 470, 470, 470] [40, 50] 7 3
[250, 270, 290, 310, 330, 350, 370] [470, 470, 470, 470, 470, 470, 470] [40, 50] 7 3
[230, 250, 270, 290, 310, 330, 350] [470, 470, 470, 470, 470, 470, 470] [40, 50] 7 3
[210, 230, 250, 270, 290, 310, 330] [470, 470, 470, 470, 470, 470, 470] [40, 50] 7 3
[190, 210, 230, 250, 270, 290, 310] [470, 470, 470, 470, 470, 470, 470] [40, 50] 7 3
[170, 190, 210, 230, 250, 270, 290] [470, 470, 470, 470, 470, 470, 470] [40, 50] 7 3
[150, 170, 190, 210, 230, 250, 270] [470, 470, 470, 470, 470, 470, 470] [40, 50] 7 3
[130, 150, 170, 190, 210, 230, 250] [470, 470, 470, 470, 470, 470, 470] [40, 50] 7 3
[110, 130, 150, 170, 190, 210, 230] [470, 470, 470, 470, 470, 470, 470] [40, 50] 7 3
[90, 110, 130, 150, 170, 190, 210] [470, 470, 470, 470, 470, 470, 470] [40, 50] 7 3
[70, 90, 110, 130, 150, 170, 190] [470, 470, 470, 470, 470, 470, 470] [40, 50] 7 3
[50, 70, 90, 110, 130, 150, 170] [470, 470, 470, 470, 470, 470, 470] [40, 50] 7 3
[30, 50, 70, 90, 110, 130, 150] [470, 470, 470, 470, 470, 470, 470] [40, 50] 7 3
[30, 30, 50, 70, 90, 110, 130] [450, 470, 470, 470, 470, 470, 470] [40, 50] 7 2
[30, 30, 30, 50, 70, 90, 110] [430, 450, 470, 470, 470, 470, 470] [40, 50] 7 2
[30, 30, 30, 30, 50, 70, 90] [410, 430, 450, 470, 470, 470, 470] [40, 50] 7 2
[30, 30, 30, 30, 30, 50, 70] [390, 410, 430, 450, 470, 470, 470] [40, 50] 7 2
[30, 30, 30, 30, 30, 30, 50] [370, 390, 410, 430, 450, 470, 470] [40, 50] 7 2
[30, 30, 30, 30, 30, 30, 30] [350, 370, 390, 410, 430, 450, 470] [40, 50] 7 2
[30, 30, 30, 30, 30, 30, 30] [330, 350, 370, 390, 410, 430, 450] [40, 50] 7 2
[30, 30, 30, 30, 30, 30, 30] [310, 330, 350, 370, 390, 410, 430] [40, 50] 7 2
[30, 30, 30, 30, 30, 30, 30] [290, 310, 330, 350, 370, 390, 410] [40, 50] 7 2
[30, 30, 30, 30, 30, 30, 30] [270, 290, 310, 330, 350, 370, 390] [40, 50] 7 2
[30, 30, 30, 30, 30, 30, 30] [250, 270, 290, 310, 330, 350, 370] [40, 50] 7 2
[30, 30, 30, 30, 30, 30, 30] [230, 250, 270, 290, 310, 330, 350] [40, 50] 7 2
[30, 30, 30, 30, 30, 30, 30] [210, 230, 250, 270, 290, 310, 330] [40, 50] 7 2
[30, 30, 30, 30, 30, 30, 30] [190, 210, 230, 250, 270, 290, 310] [40, 50] 7 2
[30, 30, 30, 30, 30, 30, 30] [170, 190, 210, 230, 250, 270, 290] [40, 50] 7 2
[30, 30, 30, 30, 30, 30, 30] [150, 170, 190, 210, 230, 250, 270] [40, 50] 7 2
[30, 30, 30, 30, 30, 30, 30] [130, 150, 170, 190, 210, 230, 250] [40, 50] 7 2
[30, 30, 30, 30, 30, 30, 30] [110, 130, 150, 170, 190, 210, 230] [40, 50] 7 2
[30, 30, 30, 30, 30, 30, 30] [90, 110, 130, 150, 170, 190, 210] [40, 50] 7 2
[30, 30, 30, 30, 30, 30, 30] [70, 90, 110, 130, 150, 170, 190] [40, 50] 7 2
[30, 30, 30, 30, 30, 30, 30] [50, 70, 90, 110, 130, 150, 170] [40, 50] 7 2
[30, 30, 30, 30, 30, 30, 30, 30] [30, 50, 70, 90, 110, 130, 150, 170] [304, 78] 8 2
[50, 30, 30, 30, 30, 30, 30, 30] [30, 30, 50, 70, 90, 110, 130, 150] [304, 78] 8 1
[70, 50, 30, 30, 30, 30, 30, 30] [30, 30, 30, 50, 70, 90, 110, 130] [304, 78] 8 1
[90, 70, 50, 30, 30, 30, 30, 30] [30, 30, 30, 30, 50, 70, 90, 110] [304, 78] 8 1
[110, 90, 70, 50, 30, 30, 30, 30] [30, 30, 30, 30, 30, 50, 70, 90] [304, 78] 8 1
[130, 110, 90, 70, 50, 30, 30, 30] [30, 30, 30, 30, 30, 30, 50, 70] [304, 78] 8 1
[150, 130, 110, 90, 70, 50, 30, 30] [30, 30, 30, 30, 30, 30, 30, 50] [304, 78] 8 1
[170, 150, 130, 110, 90, 70, 50, 30] [30, 30, 30, 30, 30, 30, 30, 30] [304, 78] 8 1
[190, 170, 150, 130, 110, 90, 70, 50] [30, 30, 30, 30, 30, 30, 30, 30] [304, 78] 8 1
[210, 190, 170, 150, 130, 110, 90, 70] [30, 30, 30, 30, 30, 30, 30, 30] [304, 78] 8 1
[230, 210, 190, 170, 150, 130, 110, 90] [30, 30, 30, 30, 30, 30, 30, 30] [304, 78] 8 1
[250, 230, 210, 190, 170, 150, 130, 110] [30, 30, 30, 30, 30, 30, 30, 30] [304, 78] 8 1
[270, 250, 230, 210, 190, 170, 150, 130] [30, 30, 30, 30, 30, 30, 30, 30] [304, 78] 8 1
[290, 270, 250, 230, 210, 190, 170, 150] [30, 30, 30, 30, 30, 30, 30, 30] [304, 78] 8 1
[310, 290, 270, 250, 230, 210, 190, 170] [30, 30, 30, 30, 30, 30, 30, 30] [304, 78] 8 1
[310, 310, 290, 270, 250, 230, 210, 190] [50, 30, 30, 30, 30, 30, 30, 30] [304, 78] 8 0
[310, 310, 310, 290, 270, 250, 230, 210] [70, 50, 30, 30, 30, 30, 30, 30] [304, 78] 8 0
[310, 310, 310, 310, 290, 270, 250, 230, 210] [90, 70, 50, 30, 30, 30, 30, 30, 30] [299, 464] 9 0
[310, 310, 310, 310, 310, 290, 270, 250, 230] [110, 90, 70, 50, 30, 30, 30, 30, 30] [299, 464] 9 0
[310, 310, 310, 310, 310, 310, 290, 270, 250] [130, 110, 90, 70, 50, 30, 30, 30, 30] [299, 464] 9 0
[310, 310, 310, 310, 310, 310, 310, 290, 270] [150, 130, 110, 90, 70, 50, 30, 30, 30] [299, 464] 9 0
[310, 310, 310, 310, 310, 310, 310, 310, 290] [170, 150, 130, 110, 90, 70, 50, 30, 30] [299, 464] 9 0
[310, 310, 310, 310, 310, 310, 310, 310, 310] [190, 170, 150, 130, 110, 90, 70, 50, 30] [299, 464] 9 0
[310, 310, 310, 310, 310, 310, 310, 310, 310] [210, 190, 170, 150, 130, 110, 90, 70, 50] [299, 464] 9 0
[310, 310, 310, 310, 310, 310, 310, 310, 310] [230, 210, 190, 170, 150, 130, 110, 90, 70] [299, 464] 9 0
[310, 310, 310, 310, 310, 310, 310, 310, 310] [250, 230, 210, 190, 170, 150, 130, 110, 90] [299, 464] 9 0
[310, 310, 310, 310, 310, 310, 310, 310, 310] [270, 250, 230, 210, 190, 170, 150, 130, 110] [299, 464] 9 0
[310, 310, 310, 310, 310, 310, 310, 310, 310] [290, 270, 250, 230, 210, 190, 170, 150, 130] [299, 464] 9 0
[310, 310, 310, 310, 310, 310, 310, 310, 310] [310, 290, 270, 250, 230, 210, 190, 170, 150] [299, 464] 9 0
[310, 310, 310, 310, 310, 310, 310, 310, 310] [330, 310, 290, 270, 250, 230, 210, 190, 170] [299, 464] 9 0
[310, 310, 310, 310, 310, 310, 310, 310, 310] [350, 330, 310, 290, 270, 250, 230, 210, 190] [299, 464] 9 0
[310, 310, 310, 310, 310, 310, 310, 310, 310] [370, 350, 330, 310, 290, 270, 250, 230, 210] [299, 464] 9 0
[310, 310, 310, 310, 310, 310, 310, 310, 310] [390, 370, 350, 330, 310, 290, 270, 250, 230] [299, 464] 9 0
[310, 310, 310, 310, 310, 310, 310, 310, 310] [410, 390, 370, 350, 330, 310, 290, 270, 250] [299, 464] 9 0
[310, 310, 310, 310, 310, 310, 310, 310, 310] [430, 410, 390, 370, 350, 330, 310, 290, 270] [299, 464] 9 0
[310, 310, 310, 310, 310, 310, 310, 310, 310] [450, 430, 410, 390, 370, 350, 330, 310, 290] [299, 464] 9 0
[290, 310, 310, 310, 310, 310, 310, 310, 310] [450, 450, 430, 410, 390, 370, 350, 330, 310] [299, 464] 9 3
[270, 290, 310, 310, 310, 310, 310, 310, 310, 310] [450, 450, 450, 430, 410, 390, 370, 350, 330, 310] [455, 132] 10 3
[270, 270, 290, 310, 310, 310, 310, 310, 310, 310] [430, 450, 450, 450, 430, 410, 390, 370, 350, 330] [455, 132] 10 2
[270, 270, 270, 290, 310, 310, 310, 310, 310, 310] [410, 430, 450, 450, 450, 430, 410, 390, 370, 350] [455, 132] 10 2
[270, 270, 270, 270, 290, 310, 310, 310, 310, 310] [390, 410, 430, 450, 450, 450, 430, 410, 390, 370] [455, 132] 10 2
[270, 270, 270, 270, 270, 290, 310, 310, 310, 310] [370, 390, 410, 430, 450, 450, 450, 430, 410, 390] [455, 132] 10 2
[270, 270, 270, 270, 270, 270, 290, 310, 310, 310] [350, 370, 390, 410, 430, 450, 450, 450, 430, 410] [455, 132] 10 2
[270, 270, 270, 270, 270, 270, 270, 290, 310, 310] [330, 350, 370, 390, 410, 430, 450, 450, 450, 430] [455, 132] 10 2
[270, 270, 270, 270, 270, 270, 270, 270, 290, 310] [310, 330, 350, 370, 390, 410, 430, 450, 450, 450] [455, 132] 10 2
[270, 270, 270, 270, 270, 270, 270, 270, 270, 290] [290, 310, 330, 350, 370, 390, 410, 430, 450, 450] [455, 132] 10 2
[270, 270, 270, 270, 270, 270, 270, 270, 270, 270] [270, 290, 310, 330, 350, 370, 390, 410, 430, 450] [455, 132] 10 2
[270, 270, 270, 270, 270, 270, 270, 270, 270, 270] [250, 270, 290, 310, 330, 350, 370, 390, 410, 430] [455, 132] 10 2
[270, 270, 270, 270, 270, 270, 270, 270, 270, 270] [230, 250, 270, 290, 310, 330, 350, 370, 390, 410] [455, 132] 10 2
[270, 270, 270, 270, 270, 270, 270, 270, 270, 270] [210, 230, 250, 270, 290, 310, 330, 350, 370, 390] [455, 132] 10 2
[270, 270, 270, 270, 270, 270, 270, 270, 270, 270] [190, 210, 230, 250, 270, 290, 310, 330, 350, 370] [455, 132] 10 2
[270, 270, 270, 270, 270, 270, 270, 270, 270, 270] [170, 190, 210, 230, 250, 270, 290, 310, 330, 350] [455, 132] 10 2
[270, 270, 270, 270, 270, 270, 270, 270, 270, 270] [150, 170, 190, 210, 230, 250, 270, 290, 310, 330] [455, 132] 10 2
[270, 270, 270, 270, 270, 270, 270, 270, 270, 270] [130, 150, 170, 190, 210, 230, 250, 270, 290, 310] [455, 132] 10 2
[290, 270, 270, 270, 270, 270, 270, 270, 270, 270] [130, 130, 150, 170, 190, 210, 230, 250, 270, 290] [455, 132] 10 1
[310, 290, 270, 270, 270, 270, 270, 270, 270, 270] [130, 130, 130, 150, 170, 190, 210, 230, 250, 270] [455, 132] 10 1
[330, 310, 290, 270, 270, 270, 270, 270, 270, 270] [130, 130, 130, 130, 150, 170, 190, 210, 230, 250] [455, 132] 10 1
[350, 330, 310, 290, 270, 270, 270, 270, 270, 270] [130, 130, 130, 130, 130, 150, 170, 190, 210, 230] [455, 132] 10 1
[370, 350, 330, 310, 290, 270, 270, 270, 270, 270] [130, 130, 130, 130, 130, 130, 150, 170, 190, 210] [455, 132] 10 1
[390, 370, 350, 330, 310, 290, 270, 270, 270, 270] [130, 130, 130, 130, 130, 130, 130, 150, 170, 190] [455, 132] 10 1
[410, 390, 370, 350, 330, 310, 290, 270, 270, 270] [130, 130, 130, 130, 130, 130, 130, 130, 150, 170] [455, 132] 10 1
[430, 410, 390, 370, 350, 330, 310, 290, 270, 270] [130, 130, 130, 130, 130, 130, 130, 130, 130, 150] [455, 132] 10 1
[450, 430, 410, 390, 370, 350, 330, 310, 290, 270] [130, 130, 130, 130, 130, 130, 130, 130, 130, 130] [455, 132] 10 1
[450, 450, 430, 410, 390, 370, 350, 330, 310, 290, 270] [150, 130, 130, 130, 130, 130, 130, 130, 130, 130, 130] [170, 297] 11 0
[450, 450, 450, 430, 410, 390, 370, 350, 330, 310, 290] [170, 150, 130, 130, 130, 130, 130, 130, 130, 130, 130] [170, 297] 11 0
[450, 450, 450, 450, 430, 410, 390, 370, 350, 330, 310] [190, 170, 150, 130, 130, 130, 130, 130, 130, 130, 130] [170, 297] 11 0
[450, 450, 450, 450, 450, 430, 410, 390, 370, 350, 330] [210, 190, 170, 150, 130, 130, 130, 130, 130, 130, 130] [170, 297] 11 0
[450, 450, 450, 450, 450, 450, 430, 410, 390, 370, 350] [230, 210, 190, 170, 150, 130, 130, 130, 130, 130, 130] [170, 297] 11 0
[450, 450, 450, 450, 450, 450, 450, 430, 410, 390, 370] [250, 230, 210, 190, 170, 150, 130, 130, 130, 130, 130] [170, 297] 11 0
[450, 450, 450, 450, 450, 450, 450, 450, 430, 410, 390] [270, 250, 230, 210, 190, 170, 150, 130, 130, 130, 130] [170, 297] 11 0
[450, 450, 450, 450, 450, 450, 450, 450, 450, 430, 410] [290, 270, 250, 230, 210, 190, 170, 150, 130, 130, 130] [170, 297] 11 0
[430, 450, 450, 450, 450, 450, 450, 450, 450, 450, 430] [290, 290, 270, 250, 230, 210, 190, 170, 150, 130, 130] [170, 297] 11 3
[410, 430, 450, 450, 450, 450, 450, 450, 450, 450, 450] [290, 290, 290, 270, 250, 230, 210, 190, 170, 150, 130] [170, 297] 11 3
[390, 410, 430, 450, 450, 450, 450, 450, 450, 450, 450] [290, 290, 290, 290, 270, 250, 230, 210, 190, 170, 150] [170, 297] 11 3
[370, 390, 410, 430, 450, 450, 450, 450, 450, 450, 450] [290, 290, 290, 290, 290, 270, 250, 230, 210, 190, 170] [170, 297] 11 3
[350, 370, 390, 410, 430, 450, 450, 450, 450, 450, 450] [290, 290, 290, 290, 290, 290, 270, 250, 230, 210, 190] [170, 297] 11 3
[330, 350, 370, 390, 410, 430, 450, 450, 450, 450, 450] [290, 290, 290, 290, 290, 290, 290, 270, 250, 230, 210] [170, 297] 11 3
[310, 330, 350, 370, 390, 410, 430, 450, 450, 450, 450] [290, 290, 290, 290, 290, 290, 290, 290, 270, 250, 230] [170, 297] 11 3
[290, 310, 330, 350, 370, 390, 410, 430, 450, 450, 450] [290, 290, 290, 290, 290, 290, 290, 290, 290, 270, 250] [170, 297] 11 3
[270, 290, 310, 330, 350, 370, 390, 410, 430, 450, 450] [290, 290, 290, 290, 290, 290, 290, 290, 290, 290, 270] [170, 297] 11 3
[250, 270, 290, 310, 330, 350, 370, 390, 410, 430, 450] [290, 290, 290, 290, 290, 290, 290, 290, 290, 290, 290] [170, 297] 11 3
[230, 250, 270, 290, 310, 330, 350, 370, 390, 410, 430] [290, 290, 290, 290, 290, 290, 290, 290, 290, 290, 290] [170, 297] 11 3
[210, 230, 250, 270, 290, 310, 330, 350, 370, 390, 410] [290, 290, 290, 290, 290, 290, 290, 290, 290, 290, 290] [170, 297] 11 3
[190, 210, 230, 250, 270, 290, 310, 330, 350, 370, 390] [290, 290, 290, 290, 290, 290, 290, 290, 290, 290, 290] [170, 297] 11 3
[170, 190, 210, 230, 250, 270, 290, 310, 330, 350, 370] [290, 290, 290, 290, 290, 290, 290, 290, 290, 290, 290] [170, 297] 11 3
[150, 170, 190, 210, 230, 250, 270, 290, 310, 330, 350, 370] [290, 290, 290, 290, 290, 290, 290, 290, 290, 290, 290, 290] [475, 49] 12 3
[150, 150, 170, 190, 210, 230, 250, 270, 290, 310, 330, 350] [270, 290, 290, 290, 290, 290, 290, 290, 290, 290, 290, 290] [475, 49] 12 2
[150, 150, 150, 170, 190, 210, 230, 250, 270, 290, 310, 330] [250, 270, 290, 290, 290, 290, 290, 290, 290, 290, 290, 290] [475, 49] 12 2
[150, 150, 150, 150, 170, 190, 210, 230, 250, 270, 290, 310] [230, 250, 270, 290, 290, 290, 290, 290, 290, 290, 290, 290] [475, 49] 12 2
[150, 150, 150, 150, 150, 170, 190, 210, 230, 250, 270, 290] [210, 230, 250, 270, 290, 290, 290, 290, 290, 290, 290, 290] [475, 49] 12 2
[150, 150, 150, 150, 150, 150, 170, 190, 210, 230, 250, 270] [190, 210, 230, 250, 270, 290, 290, 290, 290, 290, 290, 290] [475, 49] 12 2
[150, 150, 150, 150, 150, 150, 150, 170, 190, 210, 230, 250] [170, 190, 210, 230, 250, 270, 290, 290, 290, 290, 290, 290] [475, 49] 12 2
[150, 150, 150, 150, 150, 150, 150, 150, 170, 190, 210, 230] [150, 170, 190, 210, 230, 250, 270, 290, 290, 290, 290, 290] [475, 49] 12 2
[150, 150, 150, 150, 150, 150, 150, 150, 150, 170, 190, 210] [130, 150, 170, 190, 210, 230, 250, 270, 290, 290, 290, 290] [475, 49] 12 2
[150, 150, 150, 150, 150, 150, 150, 150, 150, 150, 170, 190] [110, 130, 150, 170, 190, 210, 230, 250, 270, 290, 290, 290] [475, 49] 12 2
[150, 150, 150, 150, 150, 150, 150, 150, 150, 150, 150, 170] [90, 110, 130, 150, 170, 190, 210, 230, 250, 270, 290, 290] [475, 49] 12 2
[150, 150, 150, 150, 150, 150, 150, 150, 150, 150, 150, 150] [70, 90, 110, 130, 150, 170, 190, 210, 230, 250, 270, 290] [475, 49] 12 2
[150, 150, 150, 150, 150, 150, 150, 150, 150, 150, 150, 150] [50, 70, 90, 110, 130, 150, 170, 190, 210, 230, 250, 270] [475, 49] 12 2
[170, 150, 150, 150, 150, 150, 150, 150, 150, 150, 150, 150] [50, 50, 70, 90, 110, 130, 150, 170, 190, 210, 230, 250] [475, 49] 12 1
[190, 170, 150, 150, 150, 150, 150, 150, 150, 150, 150, 150] [50, 50, 50, 70, 90, 110, 130, 150, 170, 190, 210, 230] [475, 49] 12 1
[210, 190, 170, 150, 150, 150, 150, 150, 150, 150, 150, 150] [50, 50, 50, 50, 70, 90, 110, 130, 150, 170, 190, 210] [475, 49] 12 1
[230, 210, 190, 170, 150, 150, 150, 150, 150, 150, 150, 150] [50, 50, 50, 50, 50, 70, 90, 110, 130, 150, 170, 190] [475, 49] 12 1
[250, 230, 210, 190, 170, 150, 150, 150, 150, 150, 150, 150] [50, 50, 50, 50, 50, 50, 70, 90, 110, 130, 150, 170] [475, 49] 12 1
[270, 250, 230, 210, 190, 170, 150, 150, 150, 150, 150, 150] [50, 50, 50, 50, 50, 50, 50, 70, 90, 110, 130, 150] [475, 49] 12 1
[290, 270, 250, 230, 210, 190, 170, 150, 150, 150, 150, 150] [50, 50, 50, 50, 50, 50, 50, 50, 70, 90, 110, 130] [475, 49] 12 1
[310, 290, 270, 250, 230, 210, 190, 170, 150, 150, 150, 150] [50, 50, 50, 50, 50, 50, 50, 50, 50, 70, 90, 110] [475, 49] 12 1
[330, 310, 290, 270, 250, 230, 210, 190, 170, 150, 150, 150] [50, 50, 50, 50, 50, 50, 50, 50, 50, 50, 70, 90] [475, 49] 12 1
[350, 330, 310, 290, 270, 250, 230, 210, 190, 170, 150, 150] [50, 50, 50, 50, 50, 50, 50, 50, 50, 50, 50, 70] [475, 49] 12 1
[370, 350, 330, 310, 290, 270, 250, 230, 210, 190, 170, 150] [50, 50, 50, 50, 50, 50, 50, 50, 50, 50, 50, 50] [475, 49] 12 1
[390, 370, 350, 330, 310, 290, 270, 250, 230, 210, 190, 170] [50, 50, 50, 50, 50, 50, 50, 50, 50, 50, 50, 50] [475, 49] 12 1
[410, 390, 370, 350, 330, 310, 290, 270, 250, 230, 210, 190] [50, 50, 50, 50, 50, 50, 50, 50, 50, 50, 50, 50] [475, 49] 12 1
[430, 410, 390, 370, 350, 330, 310, 290, 270, 250, 230, 210] [50, 50, 50, 50, 50, 50, 50, 50, 50, 50, 50, 50] [475, 49] 12 1
[450, 430, 410, 390, 370, 350, 330, 310, 290, 270, 250, 230] [50, 50, 50, 50, 50, 50, 50, 50, 50, 50, 50, 50] [475, 49] 12 1
[470, 450, 430, 410, 390, 370, 350, 330, 310, 290, 270, 250] [50, 50, 50, 50, 50, 50, 50, 50, 50, 50, 50, 50] [475, 49] 12 1
[470, 470, 450, 430, 410, 390, 370, 350, 330, 310, 290, 270, 250] [70, 50, 50, 50, 50, 50, 50, 50, 50, 50, 50, 50, 50] [197, 541] 13 0
[470, 470, 470, 450, 430, 410, 390, 370, 350, 330, 310, 290, 270] [90, 70, 50, 50, 50, 50, 50, 50, 50, 50, 50, 50, 50] [197, 541] 13 0
[470, 470, 470, 470, 450, 430, 410, 390, 370, 350, 330, 310, 290] [110, 90, 70, 50, 50, 50, 50, 50, 50, 50, 50, 50, 50] [197, 541] 13 0
[470, 470, 470, 470, 470, 450, 430, 410, 390, 370, 350, 330, 310] [130, 110, 90, 70, 50, 50, 50, 50, 50, 50, 50, 50, 50] [197, 541] 13 0
[470, 470, 470, 470, 470, 470, 450, 430, 410, 390, 370, 350, 330] [150, 130, 110, 90, 70, 50, 50, 50, 50, 50, 50, 50, 50] [197, 541] 13 0
[470, 470, 470, 470, 470, 470, 470, 450, 430, 410, 390, 370, 350] [170, 150, 130, 110, 90, 70, 50, 50, 50, 50, 50, 50, 50] [197, 541] 13 0
[470, 470, 470, 470, 470, 470, 470, 470, 450, 430, 410, 390, 370] [190, 170, 150, 130, 110, 90, 70, 50, 50, 50, 50, 50, 50] [197, 541] 13 0
[470, 470, 470, 470, 470, 470, 470, 470, 470, 450, 430, 410, 390] [210, 190, 170, 150, 130, 110, 90, 70, 50, 50, 50, 50, 50] [197, 541] 13 0
[470, 470, 470, 470, 470, 470, 470, 470, 470, 470, 450, 430, 410] [230, 210, 190, 170, 150, 130, 110, 90, 70, 50, 50, 50, 50] [197, 541] 13 0
[470, 470, 470, 470, 470, 470, 470, 470, 470, 470, 470, 450, 430] [250, 230, 210, 190, 170, 150, 130, 110, 90, 70, 50, 50, 50] [197, 541] 13 0
[470, 470, 470, 470, 470, 470, 470, 470, 470, 470, 470, 470, 450] [270, 250, 230, 210, 190, 170, 150, 130, 110, 90, 70, 50, 50] [197, 541] 13 0
[470, 470, 470, 470, 470, 470, 470, 470, 470, 470, 470, 470, 470] [290, 270, 250, 230, 210, 190, 170, 150, 130, 110, 90, 70, 50] [197, 541] 13 0
[470, 470, 470, 470, 470, 470, 470, 470, 470, 470, 470, 470, 470] [310, 290, 270, 250, 230, 210, 190, 170, 150, 130, 110, 90, 70] [197, 541] 13 0
[470, 470, 470, 470, 470, 470, 470, 470, 470, 470, 470, 470, 470] [330, 310, 290, 270, 250, 230, 210, 190, 170, 150, 130, 110, 90] [197, 541] 13 0
[470, 470, 470, 470, 470, 470, 470, 470, 470, 470, 470, 470, 470] [350, 330, 310, 290, 270, 250, 230, 210, 190, 170, 150, 130, 110] [197, 541] 13 0
[470, 470, 470, 470, 470, 470, 470, 470, 470, 470, 470, 470, 470] [370, 350, 330, 310, 290, 270, 250, 230, 210, 190, 170, 150, 130] [197, 541] 13 0
[470, 470, 470, 470, 470, 470, 470, 470, 470, 470, 470, 470, 470] [390, 370, 350, 330, 310, 290, 270, 250, 230, 210, 190, 170, 150] [197, 541] 13 0
[470, 470, 470, 470, 470, 470, 470, 470, 470, 470, 470, 470, 470] [410, 390, 370, 350, 330, 310, 290, 270, 250, 230, 210, 190, 170] [197, 541] 13 0
[470, 470, 470, 470, 470, 470, 470, 470, 470, 470, 470, 470, 470] [430, 410, 390, 370, 350, 330, 310, 290, 270, 250, 230, 210, 190] [197, 541] 13 0
[470, 470, 470, 470, 470, 470, 470, 470, 470, 470, 470, 470, 470] [450, 430, 410, 390, 370, 350, 330, 310, 290, 270, 250, 230, 210] [197, 541] 13 0
[470, 470, 470, 470, 470, 470, 470, 470, 470, 470, 470, 470, 470] [470, 450, 430, 410, 390, 370, 350, 330, 310, 290, 270, 250, 230] [197, 541] 13 0
[470, 470, 470, 470, 470, 470, 470, 470, 470, 470, 470, 470, 470] [490, 470, 450, 430, 410, 390, 370, 350, 330, 310, 290, 270, 250] [197, 541] 13 0
[470, 470, 470, 470, 470, 470, 470, 470, 470, 470, 470, 470, 470] [510, 490, 470, 450, 430, 410, 390, 370, 350, 330, 310, 290, 270] [197, 541] 13 0
[470, 470, 470, 470, 470, 470, 470, 470, 470, 470, 470, 470, 470] [530, 510, 490, 470, 450, 430, 410, 390, 370, 350, 330, 310, 290] [197, 541] 13 0
[450, 470, 470, 470, 470, 470, 470, 470, 470, 470, 470, 470, 470] [530, 530, 510, 490, 470, 450, 430, 410, 390, 370, 350, 330, 310] [197, 541] 13 3
[430, 450, 470, 470, 470, 470, 470, 470, 470, 470, 470, 470, 470] [530, 530, 530, 510, 490, 470, 450, 430, 410, 390, 370, 350, 330] [197, 541] 13 3
[410, 430, 450, 470, 470, 470, 470, 470, 470, 470, 470, 470, 470] [530, 530, 530, 530, 510, 490, 470, 450, 430, 410, 390, 370, 350] [197, 541] 13 3
[390, 410, 430, 450, 470, 470, 470, 470, 470, 470, 470, 470, 470] [530, 530, 530, 530, 530, 510, 490, 470, 450, 430, 410, 390, 370] [197, 541] 13 3
[370, 390, 410, 430, 450, 470, 470, 470, 470, 470, 470, 470, 470] [530, 530, 530, 530, 530, 530, 510, 490, 470, 450, 430, 410, 390] [197, 541] 13 3
[350, 370, 390, 410, 430, 450, 470, 470, 470, 470, 470, 470, 470] [530, 530, 530, 530, 530, 530, 530, 510, 490, 470, 450, 430, 410] [197, 541] 13 3
[330, 350, 370, 390, 410, 430, 450, 470, 470, 470, 470, 470, 470] [530, 530, 530, 530, 530, 530, 530, 530, 510, 490, 470, 450, 430] [197, 541] 13 3
[310, 330, 350, 370, 390, 410, 430, 450, 470, 470, 470, 470, 470] [530, 530, 530, 530, 530, 530, 530, 530, 530, 510, 490, 470, 450] [197, 541] 13 3
[290, 310, 330, 350, 370, 390, 410, 430, 450, 470, 470, 470, 470] [530, 530, 530, 530, 530, 530, 530, 530, 530, 530, 510, 490, 470] [197, 541] 13 3
[270, 290, 310, 330, 350, 370, 390, 410, 430, 450, 470, 470, 470] [530, 530, 530, 530, 530, 530, 530, 530, 530, 530, 530, 510, 490] [197, 541] 13 3
[250, 270, 290, 310, 330, 350, 370, 390, 410, 430, 450, 470, 470] [530, 530, 530, 530, 530, 530, 530, 530, 530, 530, 530, 530, 510] [197, 541] 13 3
[230, 250, 270, 290, 310, 330, 350, 370, 390, 410, 430, 450, 470] [530, 530, 530, 530, 530, 530, 530, 530, 530, 530, 530, 530, 530] [197, 541] 13 3
[210, 230, 250, 270, 290, 310, 330, 350, 370, 390, 410, 430, 450] [530, 530, 530, 530, 530, 530, 530, 530, 530, 530, 530, 530, 530] [197, 541] 13 3
[190, 210, 230, 250, 270, 290, 310, 330, 350, 370, 390, 410, 430] [530, 530, 530, 530, 530, 530, 530, 530, 530, 530, 530, 530, 530] [197, 541] 13 3
[190, 190, 210, 230, 250, 270, 290, 310, 330, 350, 370, 390, 410, 430] [510, 530, 530, 530, 530, 530, 530, 530, 530, 530, 530, 530, 530, 530] [462, 19] 14 2
[190, 190, 190, 210, 230, 250, 270, 290, 310, 330, 350, 370, 390, 410] [490, 510, 530, 530, 530, 530, 530, 530, 530, 530, 530, 530, 530, 530] [462, 19] 14 2
[190, 190, 190, 190, 210, 230, 250, 270, 290, 310, 330, 350, 370, 390] [470, 490, 510, 530, 530, 530, 530, 530, 530, 530, 530, 530, 530, 530] [462, 19] 14 2
[190, 190, 190, 190, 190, 210, 230, 250, 270, 290, 310, 330, 350, 370] [450, 470, 490, 510, 530, 530, 530, 530, 530, 530, 530, 530, 530, 530] [462, 19] 14 2
[190, 190, 190, 190, 190, 190, 210, 230, 250, 270, 290, 310, 330, 350] [430, 450, 470, 490, 510, 530, 530, 530, 530, 530, 530, 530, 530, 530] [462, 19] 14 2
[190, 190, 190, 190, 190, 190, 190, 210, 230, 250, 270, 290, 310, 330] [410, 430, 450, 470, 490, 510, 530, 530, 530, 530, 530, 530, 530, 530] [462, 19] 14 2
[190, 190, 190, 190, 190, 190, 190, 190, 210, 230, 250, 270, 290, 310] [390, 410, 430, 450, 470, 490, 510, 530, 530, 530, 530, 530, 530, 530] [462, 19] 14 2
[190, 190, 190, 190, 190, 190, 190, 190, 190, 210, 230, 250, 270, 290] [370, 390, 410, 430, 450, 470, 490, 510, 530, 530, 530, 530, 530, 530] [462, 19] 14 2
[190, 190, 190, 190, 190, 190, 190, 190, 190, 190, 210, 230, 250, 270] [350, 370, 390, 410, 430, 450, 470, 490, 510, 530, 530, 530, 530, 530] [462, 19] 14 2
[190, 190, 190, 190, 190, 190, 190, 190, 190, 190, 190, 210, 230, 250] [330, 350, 370, 390, 410, 430, 450, 470, 490, 510, 530, 530, 530, 530] [462, 19] 14 2
[190, 190, 190, 190, 190, 190, 190, 190, 190, 190, 190, 190, 210, 230] [310, 330, 350, 370, 390, 410, 430, 450, 470, 490, 510, 530, 530, 530] [462, 19] 14 2
[190, 190, 190, 190, 190, 190, 190, 190, 190, 190, 190, 190, 190, 210] [290, 310, 330, 350, 370, 390, 410, 430, 450, 470, 490, 510, 530, 530] [462, 19] 14 2
[190, 190, 190, 190, 190, 190, 190, 190, 190, 190, 190, 190, 190, 190] [270, 290, 310, 330, 350, 370, 390, 410, 430, 450, 470, 490, 510, 530] [462, 19] 14 2
[190, 190, 190, 190, 190, 190, 190, 190, 190, 190, 190, 190, 190, 190] [250, 270, 290, 310, 330, 350, 370, 390, 410, 430, 450, 470, 490, 510] [462, 19] 14 2
[190, 190, 190, 190, 190, 190, 190, 190, 190, 190, 190, 190, 190, 190] [230, 250, 270, 290, 310, 330, 350, 370, 390, 410, 430, 450, 470, 490] [462, 19] 14 2
[190, 190, 190, 190, 190, 190, 190, 190, 190, 190, 190, 190, 190, 190] [210, 230, 250, 270, 290, 310, 330, 350, 370, 390, 410, 430, 450, 470] [462, 19] 14 2
[190, 190, 190, 190, 190, 190, 190, 190, 190, 190, 190, 190, 190, 190] [190, 210, 230, 250, 270, 290, 310, 330, 350, 370, 390, 410, 430, 450] [462, 19] 14 2
[190, 190, 190, 190, 190, 190, 190, 190, 190, 190, 190, 190, 190, 190] [170, 190, 210, 230, 250, 270, 290, 310, 330, 350, 370, 390, 410, 430] [462, 19] 14 2
[190, 190, 190, 190, 190, 190, 190, 190, 190, 190, 190, 190, 190, 190] [150, 170, 190, 210, 230, 250, 270, 290, 310, 330, 350, 370, 390, 410] [462, 19] 14 2
[190, 190, 190, 190, 190, 190, 190, 190, 190, 190, 190, 190, 190, 190] [130, 150, 170, 190, 210, 230, 250, 270, 290, 310, 330, 350, 370, 390] [462, 19] 14 2
[190, 190, 190, 190, 190, 190, 190, 190, 190, 190, 190, 190, 190, 190] [110, 130, 150, 170, 190, 210, 230, 250, 270, 290, 310, 330, 350, 370] [462, 19] 14 2
[190, 190, 190, 190, 190, 190, 190, 190, 190, 190, 190, 190, 190, 190] [90, 110, 130, 150, 170, 190, 210, 230, 250, 270, 290, 310, 330, 350] [462, 19] 14 2
[190, 190, 190, 190, 190, 190, 190, 190, 190, 190, 190, 190, 190, 190] [70, 90, 110, 130, 150, 170, 190, 210, 230, 250, 270, 290, 310, 330] [462, 19] 14 2
[190, 190, 190, 190, 190, 190, 190, 190, 190, 190, 190, 190, 190, 190] [50, 70, 90, 110, 130, 150, 170, 190, 210, 230, 250, 270, 290, 310] [462, 19] 14 2
[190, 190, 190, 190, 190, 190, 190, 190, 190, 190, 190, 190, 190, 190] [30, 50, 70, 90, 110, 130, 150, 170, 190, 210, 230, 250, 270, 290] [462, 19] 14 2
[190, 190, 190, 190, 190, 190, 190, 190, 190, 190, 190, 190, 190, 190] [10, 30, 50, 70, 90, 110, 130, 150, 170, 190, 210, 230, 250, 270] [462, 19] 14 2
[210, 190, 190, 190, 190, 190, 190, 190, 190, 190, 190, 190, 190, 190] [10, 10, 30, 50, 70, 90, 110, 130, 150, 170, 190, 210, 230, 250] [462, 19] 14 1
[230, 210, 190, 190, 190, 190, 190, 190, 190, 190, 190, 190, 190, 190] [10, 10, 10, 30, 50, 70, 90, 110, 130, 150, 170, 190, 210, 230] [462, 19] 14 1
[250, 230, 210, 190, 190, 190, 190, 190, 190, 190, 190, 190, 190, 190] [10, 10, 10, 10, 30, 50, 70, 90, 110, 130, 150, 170, 190, 210] [462, 19] 14 1
[270, 250, 230, 210, 190, 190, 190, 190, 190, 190, 190, 190, 190, 190] [10, 10, 10, 10, 10, 30, 50, 70, 90, 110, 130, 150, 170, 190] [462, 19] 14 1
[290, 270, 250, 230, 210, 190, 190, 190, 190, 190, 190, 190, 190, 190] [10, 10, 10, 10, 10, 10, 30, 50, 70, 90, 110, 130, 150, 170] [462, 19] 14 1
[310, 290, 270, 250, 230, 210, 190, 190, 190, 190, 190, 190, 190, 190] [10, 10, 10, 10, 10, 10, 10, 30, 50, 70, 90, 110, 130, 150] [462, 19] 14 1
[330, 310, 290, 270, 250, 230, 210, 190, 190, 190, 190, 190, 190, 190] [10, 10, 10, 10, 10, 10, 10, 10, 30, 50, 70, 90, 110, 130] [462, 19] 14 1
[350, 330, 310, 290, 270, 250, 230, 210, 190, 190, 190, 190, 190, 190] [10, 10, 10, 10, 10, 10, 10, 10, 10, 30, 50, 70, 90, 110] [462, 19] 14 1
[370, 350, 330, 310, 290, 270, 250, 230, 210, 190, 190, 190, 190, 190] [10, 10, 10, 10, 10, 10, 10, 10, 10, 10, 30, 50, 70, 90] [462, 19] 14 1
[390, 370, 350, 330, 310, 290, 270, 250, 230, 210, 190, 190, 190, 190] [10, 10, 10, 10, 10, 10, 10, 10, 10, 10, 10, 30, 50, 70] [462, 19] 14 1
[410, 390, 370, 350, 330, 310, 290, 270, 250, 230, 210, 190, 190, 190] [10, 10, 10, 10, 10, 10, 10, 10, 10, 10, 10, 10, 30, 50] [462, 19] 14 1
[430, 410, 390, 370, 350, 330, 310, 290, 270, 250, 230, 210, 190, 190] [10, 10, 10, 10, 10, 10, 10, 10, 10, 10, 10, 10, 10, 30] [462, 19] 14 1
[430, 430, 410, 390, 370, 350, 330, 310, 290, 270, 250, 230, 210, 190] [30, 10, 10, 10, 10, 10, 10, 10, 10, 10, 10, 10, 10, 10] [462, 19] 14 0
[430, 430, 430, 410, 390, 370, 350, 330, 310, 290, 270, 250, 230, 210] [50, 30, 10, 10, 10, 10, 10, 10, 10, 10, 10, 10, 10, 10] [462, 19] 14 0
[450, 430, 430, 430, 410, 390, 370, 350, 330, 310, 290, 270, 250, 230] [50, 50, 30, 10, 10, 10, 10, 10, 10, 10, 10, 10, 10, 10] [462, 19] 14 1
[450, 450, 430, 430, 430, 410, 390, 370, 350, 330, 310, 290, 270, 250] [30, 50, 50, 30, 10, 10, 10, 10, 10, 10, 10, 10, 10, 10] [462, 19] 14 2
[450, 450, 450, 430, 430, 430, 410, 390, 370, 350, 330, 310, 290, 270] [10, 30, 50, 50, 30, 10, 10, 10, 10, 10, 10, 10, 10, 10] [462, 19] 14 2
[470, 450, 450, 450, 430, 430, 430, 410, 390, 370, 350, 330, 310, 290, 270] [10, 10, 30, 50, 50, 30, 10, 10, 10, 10, 10, 10, 10, 10, 10] [37, 247] 15 1
[470, 470, 450, 450, 450, 430, 430, 430, 410, 390, 370, 350, 330, 310, 290] [30, 10, 10, 30, 50, 50, 30, 10, 10, 10, 10, 10, 10, 10, 10] [37, 247] 15 0
[470, 470, 470, 450, 450, 450, 430, 430, 430, 410, 390, 370, 350, 330, 310] [50, 30, 10, 10, 30, 50, 50, 30, 10, 10, 10, 10, 10, 10, 10] [37, 247] 15 0
[470, 470, 470, 470, 450, 450, 450, 430, 430, 430, 410, 390, 370, 350, 330] [70, 50, 30, 10, 10, 30, 50, 50, 30, 10, 10, 10, 10, 10, 10] [37, 247] 15 0
[470, 470, 470, 470, 470, 450, 450, 450, 430, 430, 430, 410, 390, 370, 350] [90, 70, 50, 30, 10, 10, 30, 50, 50, 30, 10, 10, 10, 10, 10] [37, 247] 15 0
[470, 470, 470, 470, 470, 470, 450, 450, 450, 430, 430, 430, 410, 390, 370] [110, 90, 70, 50, 30, 10, 10, 30, 50, 50, 30, 10, 10, 10, 10] [37, 247] 15 0
[470, 470, 470, 470, 470, 470, 470, 450, 450, 450, 430, 430, 430, 410, 390] [130, 110, 90, 70, 50, 30, 10, 10, 30, 50, 50, 30, 10, 10, 10] [37, 247] 15 0
[470, 470, 470, 470, 470, 470, 470, 470, 450, 450, 450, 430, 430, 430, 410] [150, 130, 110, 90, 70, 50, 30, 10, 10, 30, 50, 50, 30, 10, 10] [37, 247] 15 0
[470, 470, 470, 470, 470, 470, 470, 470, 470, 450, 450, 450, 430, 430, 430] [170, 150, 130, 110, 90, 70, 50, 30, 10, 10, 30, 50, 50, 30, 10] [37, 247] 15 0
[470, 470, 470, 470, 470, 470, 470, 470, 470, 470, 450, 450, 450, 430, 430] [190, 170, 150, 130, 110, 90, 70, 50, 30, 10, 10, 30, 50, 50, 30] [37, 247] 15 0
[470, 470, 470, 470, 470, 470, 470, 470, 470, 470, 470, 450, 450, 450, 430] [210, 190, 170, 150, 130, 110, 90, 70, 50, 30, 10, 10, 30, 50, 50] [37, 247] 15 0
[470, 470, 470, 470, 470, 470, 470, 470, 470, 470, 470, 470, 450, 450, 450] [230, 210, 190, 170, 150, 130, 110, 90, 70, 50, 30, 10, 10, 30, 50] [37, 247] 15 0
[470, 470, 470, 470, 470, 470, 470, 470, 470, 470, 470, 470, 470, 450, 450] [250, 230, 210, 190, 170, 150, 130, 110, 90, 70, 50, 30, 10, 10, 30] [37, 247] 15 0
[470, 470, 470, 470, 470, 470, 470, 470, 470, 470, 470, 470, 470, 470, 450] [270, 250, 230, 210, 190, 170, 150, 130, 110, 90, 70, 50, 30, 10, 10] [37, 247] 15 0
[450, 470, 470, 470, 470, 470, 470, 470, 470, 470, 470, 470, 470, 470, 470] [270, 270, 250, 230, 210, 190, 170, 150, 130, 110, 90, 70, 50, 30, 10] [37, 247] 15 3
[430, 450, 470, 470, 470, 470, 470, 470, 470, 470, 470, 470, 470, 470, 470] [270, 270, 270, 250, 230, 210, 190, 170, 150, 130, 110, 90, 70, 50, 30] [37, 247] 15 3
[410, 430, 450, 470, 470, 470, 470, 470, 470, 470, 470, 470, 470, 470, 470] [270, 270, 270, 270, 250, 230, 210, 190, 170, 150, 130, 110, 90, 70, 50] [37, 247] 15 3
[390, 410, 430, 450, 470, 470, 470, 470, 470, 470, 470, 470, 470, 470, 470] [270, 270, 270, 270, 270, 250, 230, 210, 190, 170, 150, 130, 110, 90, 70] [37, 247] 15 3
[370, 390, 410, 430, 450, 470, 470, 470, 470, 470, 470, 470, 470, 470, 470] [270, 270, 270, 270, 270, 270, 250, 230, 210, 190, 170, 150, 130, 110, 90] [37, 247] 15 3
[350, 370, 390, 410, 430, 450, 470, 470, 470, 470, 470, 470, 470, 470, 470] [270, 270, 270, 270, 270, 270, 270, 250, 230, 210, 190, 170, 150, 130, 110] [37, 247] 15 3
[330, 350, 370, 390, 410, 430, 450, 470, 470, 470, 470, 470, 470, 470, 470] [270, 270, 270, 270, 270, 270, 270, 270, 250, 230, 210, 190, 170, 150, 130] [37, 247] 15 3
[310, 330, 350, 370, 390, 410, 430, 450, 470, 470, 470, 470, 470, 470, 470] [270, 270, 270, 270, 270, 270, 270, 270, 270, 250, 230, 210, 190, 170, 150] [37, 247] 15 3
[290, 310, 330, 350, 370, 390, 410, 430, 450, 470, 470, 470, 470, 470, 470] [270, 270, 270, 270, 270, 270, 270, 270, 270, 270, 250, 230, 210, 190, 170] [37, 247] 15 3
[270, 290, 310, 330, 350, 370, 390, 410, 430, 450, 470, 470, 470, 470, 470] [270, 270, 270, 270, 270, 270, 270, 270, 270, 270, 270, 250, 230, 210, 190] [37, 247] 15 3
[250, 270, 290, 310, 330, 350, 370, 390, 410, 430, 450, 470, 470, 470, 470] [270, 270, 270, 270, 270, 270, 270, 270, 270, 270, 270, 270, 250, 230, 210] [37, 247] 15 3
[230, 250, 270, 290, 310, 330, 350, 370, 390, 410, 430, 450, 470, 470, 470] [270, 270, 270, 270, 270, 270, 270, 270, 270, 270, 270, 270, 270, 250, 230] [37, 247] 15 3
[210, 230, 250, 270, 290, 310, 330, 350, 370, 390, 410, 430, 450, 470, 470] [270, 270, 270, 270, 270, 270, 270, 270, 270, 270, 270, 270, 270, 270, 250] [37, 247] 15 3
[190, 210, 230, 250, 270, 290, 310, 330, 350, 370, 390, 410, 430, 450, 470] [270, 270, 270, 270, 270, 270, 270, 270, 270, 270, 270, 270, 270, 270, 270] [37, 247] 15 3
[170, 190, 210, 230, 250, 270, 290, 310, 330, 350, 370, 390, 410, 430, 450] [270, 270, 270, 270, 270, 270, 270, 270, 270, 270, 270, 270, 270, 270, 270] [37, 247] 15 3
[150, 170, 190, 210, 230, 250, 270, 290, 310, 330, 350, 370, 390, 410, 430] [270, 270, 270, 270, 270, 270, 270, 270, 270, 270, 270, 270, 270, 270, 270] [37, 247] 15 3
[130, 150, 170, 190, 210, 230, 250, 270, 290, 310, 330, 350, 370, 390, 410] [270, 270, 270, 270, 270, 270, 270, 270, 270, 270, 270, 270, 270, 270, 270] [37, 247] 15 3
[110, 130, 150, 170, 190, 210, 230, 250, 270, 290, 310, 330, 350, 370, 390] [270, 270, 270, 270, 270, 270, 270, 270, 270, 270, 270, 270, 270, 270, 270] [37, 247] 15 3
[90, 110, 130, 150, 170, 190, 210, 230, 250, 270, 290, 310, 330, 350, 370] [270, 270, 270, 270, 270, 270, 270, 270, 270, 270, 270, 270, 270, 270, 270] [37, 247] 15 3
[70, 90, 110, 130, 150, 170, 190, 210, 230, 250, 270, 290, 310, 330, 350] [270, 270, 270, 270, 270, 270, 270, 270, 270, 270, 270, 270, 270, 270, 270] [37, 247] 15 3
[50, 70, 90, 110, 130, 150, 170, 190, 210, 230, 250, 270, 290, 310, 330] [270, 270, 270, 270, 270, 270, 270, 270, 270, 270, 270, 270, 270, 270, 270] [37, 247] 15 3
[50, 50, 70, 90, 110, 130, 150, 170, 190, 210, 230, 250, 270, 290, 310] [250, 270, 270, 270, 270, 270, 270, 270, 270, 270, 270, 270, 270, 270, 270] [37, 247] 15 2
[30, 50, 50, 70, 90, 110, 130, 150, 170, 190, 210, 230, 250, 270, 290] [250, 250, 270, 270, 270, 270, 270, 270, 270, 270, 270, 270, 270, 270, 270] [37, 247] 15 3
[30, 30, 50, 50, 70, 90, 110, 130, 150, 170, 190, 210, 230, 250, 270, 290] [230, 250, 250, 270, 270, 270, 270, 270, 270, 270, 270, 270, 270, 270, 270, 270] [471, 409] 16 2
[50, 30, 30, 50, 50, 70, 90, 110, 130, 150, 170, 190, 210, 230, 250, 270] [230, 230, 250, 250, 270, 270, 270, 270, 270, 270, 270, 270, 270, 270, 270, 270] [471, 409] 16 1
[70, 50, 30, 30, 50, 50, 70, 90, 110, 130, 150, 170, 190, 210, 230, 250] [230, 230, 230, 250, 250, 270, 270, 270, 270, 270, 270, 270, 270, 270, 270, 270] [471, 409] 16 1
[90, 70, 50, 30, 30, 50, 50, 70, 90, 110, 130, 150, 170, 190, 210, 230] [230, 230, 230, 230, 250, 250, 270, 270, 270, 270, 270, 270, 270, 270, 270, 270] [471, 409] 16 1
[110, 90, 70, 50, 30, 30, 50, 50, 70, 90, 110, 130, 150, 170, 190, 210] [230, 230, 230, 230, 230, 250, 250, 270, 270, 270, 270, 270, 270, 270, 270, 270] [471, 409] 16 1
[130, 110, 90, 70, 50, 30, 30, 50, 50, 70, 90, 110, 130, 150, 170, 190] [230, 230, 230, 230, 230, 230, 250, 250, 270, 270, 270, 270, 270, 270, 270, 270] [471, 409] 16 1
[150, 130, 110, 90, 70, 50, 30, 30, 50, 50, 70, 90, 110, 130, 150, 170] [230, 230, 230, 230, 230, 230, 230, 250, 250, 270, 270, 270, 270, 270, 270, 270] [471, 409] 16 1
[170, 150, 130, 110, 90, 70, 50, 30, 30, 50, 50, 70, 90, 110, 130, 150] [230, 230, 230, 230, 230, 230, 230, 230, 250, 250, 270, 270, 270, 270, 270, 270] [471, 409] 16 1
[190, 170, 150, 130, 110, 90, 70, 50, 30, 30, 50, 50, 70, 90, 110, 130] [230, 230, 230, 230, 230, 230, 230, 230, 230, 250, 250, 270, 270, 270, 270, 270] [471, 409] 16 1
[210, 190, 170, 150, 130, 110, 90, 70, 50, 30, 30, 50, 50, 70, 90, 110] [230, 230, 230, 230, 230, 230, 230, 230, 230, 230, 250, 250, 270, 270, 270, 270] [471, 409] 16 1
[230, 210, 190, 170, 150, 130, 110, 90, 70, 50, 30, 30, 50, 50, 70, 90] [230, 230, 230, 230, 230, 230, 230, 230, 230, 230, 230, 250, 250, 270, 270, 270] [471, 409] 16 1
[250, 230, 210, 190, 170, 150, 130, 110, 90, 70, 50, 30, 30, 50, 50, 70] [230, 230, 230, 230, 230, 230, 230, 230, 230, 230, 230, 230, 250, 250, 270, 270] [471, 409] 16 1
[270, 250, 230, 210, 190, 170, 150, 130, 110, 90, 70, 50, 30, 30, 50, 50] [230, 230, 230, 230, 230, 230, 230, 230, 230, 230, 230, 230, 230, 250, 250, 270] [471, 409] 16 1
[290, 270, 250, 230, 210, 190, 170, 150, 130, 110, 90, 70, 50, 30, 30, 50] [230, 230, 230, 230, 230, 230, 230, 230, 230, 230, 230, 230, 230, 230, 250, 250] [471, 409] 16 1
[310, 290, 270, 250, 230, 210, 190, 170, 150, 130, 110, 90, 70, 50, 30, 30] [230, 230, 230, 230, 230, 230, 230, 230, 230, 230, 230, 230, 230, 230, 230, 250] [471, 409] 16 1
[330, 310, 290, 270, 250, 230, 210, 190, 170, 150, 130, 110, 90, 70, 50, 30] [230, 230, 230, 230, 230, 230, 230, 230, 230, 230, 230, 230, 230, 230, 230, 230] [471, 409] 16 1
[350, 330, 310, 290, 270, 250, 230, 210, 190, 170, 150, 130, 110, 90, 70, 50] [230, 230, 230, 230, 230, 230, 230, 230, 230, 230, 230, 230, 230, 230, 230, 230] [471, 409] 16 1
[370, 350, 330, 310, 290, 270, 250, 230, 210, 190, 170, 150, 130, 110, 90, 70] [230, 230, 230, 230, 230, 230, 230, 230, 230, 230, 230, 230, 230, 230, 230, 230] [471, 409] 16 1
[390, 370, 350, 330, 310, 290, 270, 250, 230, 210, 190, 170, 150, 130, 110, 90] [230, 230, 230, 230, 230, 230, 230, 230, 230, 230, 230, 230, 230, 230, 230, 230] [471, 409] 16 1
[410, 390, 370, 350, 330, 310, 290, 270, 250, 230, 210, 190, 170, 150, 130, 110] [230, 230, 230, 230, 230, 230, 230, 230, 230, 230, 230, 230, 230, 230, 230, 230] [471, 409] 16 1
[430, 410, 390, 370, 350, 330, 310, 290, 270, 250, 230, 210, 190, 170, 150, 130] [230, 230, 230, 230, 230, 230, 230, 230, 230, 230, 230, 230, 230, 230, 230, 230] [471, 409] 16 1
[450, 430, 410, 390, 370, 350, 330, 310, 290, 270, 250, 230, 210, 190, 170, 150] [230, 230, 230, 230, 230, 230, 230, 230, 230, 230, 230, 230, 230, 230, 230, 230] [471, 409] 16 1
[470, 450, 430, 410, 390, 370, 350, 330, 310, 290, 270, 250, 230, 210, 190, 170] [230, 230, 230, 230, 230, 230, 230, 230, 230, 230, 230, 230, 230, 230, 230, 230] [471, 409] 16 1
[470, 470, 450, 430, 410, 390, 370, 350, 330, 310, 290, 270, 250, 230, 210, 190] [250, 230, 230, 230, 230, 230, 230, 230, 230, 230, 230, 230, 230, 230, 230, 230] [471, 409] 16 0
[470, 470, 470, 450, 430, 410, 390, 370, 350, 330, 310, 290, 270, 250, 230, 210] [270, 250, 230, 230, 230, 230, 230, 230, 230, 230, 230, 230, 230, 230, 230, 230] [471, 409] 16 0
[470, 470, 470, 470, 450, 430, 410, 390, 370, 350, 330, 310, 290, 270, 250, 230] [290, 270, 250, 230, 230, 230, 230, 230, 230, 230, 230, 230, 230, 230, 230, 230] [471, 409] 16 0
[470, 470, 470, 470, 470, 450, 430, 410, 390, 370, 350, 330, 310, 290, 270, 250] [310, 290, 270, 250, 230, 230, 230, 230, 230, 230, 230, 230, 230, 230, 230, 230] [471, 409] 16 0
[470, 470, 470, 470, 470, 470, 450, 430, 410, 390, 370, 350, 330, 310, 290, 270] [330, 310, 290, 270, 250, 230, 230, 230, 230, 230, 230, 230, 230, 230, 230, 230] [471, 409] 16 0
[470, 470, 470, 470, 470, 470, 470, 450, 430, 410, 390, 370, 350, 330, 310, 290] [350, 330, 310, 290, 270, 250, 230, 230, 230, 230, 230, 230, 230, 230, 230, 230] [471, 409] 16 0
[470, 470, 470, 470, 470, 470, 470, 470, 450, 430, 410, 390, 370, 350, 330, 310] [370, 350, 330, 310, 290, 270, 250, 230, 230, 230, 230, 230, 230, 230, 230, 230] [471, 409] 16 0
[470, 470, 470, 470, 470, 470, 470, 470, 470, 450, 430, 410, 390, 370, 350, 330] [390, 370, 350, 330, 310, 290, 270, 250, 230, 230, 230, 230, 230, 230, 230, 230] [471, 409] 16 0
[470, 470, 470, 470, 470, 470, 470, 470, 470, 470, 450, 430, 410, 390, 370, 350, 330] [410, 390, 370, 350, 330, 310, 290, 270, 250, 230, 230, 230, 230, 230, 230, 230, 230] [250, 557] 17 0
[470, 470, 470, 470, 470, 470, 470, 470, 470, 470, 470, 450, 430, 410, 390, 370, 350] [430, 410, 390, 370, 350, 330, 310, 290, 270, 250, 230, 230, 230, 230, 230, 230, 230] [250, 557] 17 0
[470, 470, 470, 470, 470, 470, 470, 470, 470, 470, 470, 470, 450, 430, 410, 390, 370] [450, 430, 410, 390, 370, 350, 330, 310, 290, 270, 250, 230, 230, 230, 230, 230, 230] [250, 557] 17 0
[470, 470, 470, 470, 470, 470, 470, 470, 470, 470, 470, 470, 470, 450, 430, 410, 390] [470, 450, 430, 410, 390, 370, 350, 330, 310, 290, 270, 250, 230, 230, 230, 230, 230] [250, 557] 17 0
[470, 470, 470, 470, 470, 470, 470, 470, 470, 470, 470, 470, 470, 470, 450, 430, 410] [490, 470, 450, 430, 410, 390, 370, 350, 330, 310, 290, 270, 250, 230, 230, 230, 230] [250, 557] 17 0
[470, 470, 470, 470, 470, 470, 470, 470, 470, 470, 470, 470, 470, 470, 470, 450, 430] [510, 490, 470, 450, 430, 410, 390, 370, 350, 330, 310, 290, 270, 250, 230, 230, 230] [250, 557] 17 0
[470, 470, 470, 470, 470, 470, 470, 470, 470, 470, 470, 470, 470, 470, 470, 470, 450] [530, 510, 490, 470, 450, 430, 410, 390, 370, 350, 330, 310, 290, 270, 250, 230, 230] [250, 557] 17 0
[470, 470, 470, 470, 470, 470, 470, 470, 470, 470, 470, 470, 470, 470, 470, 470, 470] [550, 530, 510, 490, 470, 450, 430, 410, 390, 370, 350, 330, 310, 290, 270, 250, 230] [250, 557] 17 0
[450, 470, 470, 470, 470, 470, 470, 470, 470, 470, 470, 470, 470, 470, 470, 470, 470] [550, 550, 530, 510, 490, 470, 450, 430, 410, 390, 370, 350, 330, 310, 290, 270, 250] [250, 557] 17 3
[430, 450, 470, 470, 470, 470, 470, 470, 470, 470, 470, 470, 470, 470, 470, 470, 470] [550, 550, 550, 530, 510, 490, 470, 450, 430, 410, 390, 370, 350, 330, 310, 290, 270] [250, 557] 17 3
[410, 430, 450, 470, 470, 470, 470, 470, 470, 470, 470, 470, 470, 470, 470, 470, 470] [550, 550, 550, 550, 530, 510, 490, 470, 450, 430, 410, 390, 370, 350, 330, 310, 290] [250, 557] 17 3
[390, 410, 430, 450, 470, 470, 470, 470, 470, 470, 470, 470, 470, 470, 470, 470, 470] [550, 550, 550, 550, 550, 530, 510, 490, 470, 450, 430, 410, 390, 370, 350, 330, 310] [250, 557] 17 3
[370, 390, 410, 430, 450, 470, 470, 470, 470, 470, 470, 470, 470, 470, 470, 470, 470] [550, 550, 550, 550, 550, 550, 530, 510, 490, 470, 450, 430, 410, 390, 370, 350, 330] [250, 557] 17 3
[350, 370, 390, 410, 430, 450, 470, 470, 470, 470, 470, 470, 470, 470, 470, 470, 470] [550, 550, 550, 550, 550, 550, 550, 530, 510, 490, 470, 450, 430, 410, 390, 370, 350] [250, 557] 17 3
[330, 350, 370, 390, 410, 430, 450, 470, 470, 470, 470, 470, 470, 470, 470, 470, 470] [550, 550, 550, 550, 550, 550, 550, 550, 530, 510, 490, 470, 450, 430, 410, 390, 370] [250, 557] 17 3
[310, 330, 350, 370, 390, 410, 430, 450, 470, 470, 470, 470, 470, 470, 470, 470, 470] [550, 550, 550, 550, 550, 550, 550, 550, 550, 530, 510, 490, 470, 450, 430, 410, 390] [250, 557] 17 3
[290, 310, 330, 350, 370, 390, 410, 430, 450, 470, 470, 470, 470, 470, 470, 470, 470] [550, 550, 550, 550, 550, 550, 550, 550, 550, 550, 530, 510, 490, 470, 450, 430, 410] [250, 557] 17 3
[270, 290, 310, 330, 350, 370, 390, 410, 430, 450, 470, 470, 470, 470, 470, 470, 470] [550, 550, 550, 550, 550, 550, 550, 550, 550, 550, 550, 530, 510, 490, 470, 450, 430] [250, 557] 17 3
[250, 270, 290, 310, 330, 350, 370, 390, 410, 430, 450, 470, 470, 470, 470, 470, 470] [550, 550, 550, 550, 550, 550, 550, 550, 550, 550, 550, 550, 530, 510, 490, 470, 450] [250, 557] 17 3
