[290, 290, 290, 290, 290] [290, 270, 250, 230, 210] [13, 145] 5 0
[270, 290, 290, 290, 290] [290, 290, 270, 250, 230] [13, 145] 5 3
[250, 270, 290, 290, 290] [290, 290, 290, 270, 250] [13, 145] 5 3
[230, 250, 270, 290, 290] [290, 290, 290, 290, 270] [13, 145] 5 3
[210, 230, 250, 270, 290] [290, 290, 290, 290, 290] [13, 145] 5 3
[190, 210, 230, 250, 270] [290, 290, 290, 290, 290] [13, 145] 5 3
[170, 190, 210, 230, 250] [290, 290, 290, 290, 290] [13, 145] 5 3
[150, 170, 190, 210, 230] [290, 290, 290, 290, 290] [13, 145] 5 3
[130, 150, 170, 190, 210] [290, 290, 290, 290, 290] [13, 145] 5 3
[110, 130, 150, 170, 190] [290, 290, 290, 290, 290] [13, 145] 5 3
[90, 110, 130, 150, 170] [290, 290, 290, 290, 290] [13, 145] 5 3
[70, 90, 110, 130, 150] [290, 290, 290, 290, 290] [13, 145] 5 3
[50, 70, 90, 110, 130] [290, 290, 290, 290, 290] [13, 145] 5 3
[30, 50, 70, 90, 110] [290, 290, 290, 290, 290] [13, 145] 5 3
[10, 30, 50, 70, 90] [290, 290, 290, 290, 290] [13, 145] 5 3
[10, 10, 30, 50, 70] [270, 290, 290, 290, 290] [13, 145] 5 2
[10, 10, 10, 30, 50] [250, 270, 290, 290, 290] [13, 145] 5 2
[10, 10, 10, 10, 30] [230, 250, 270, 290, 290] [13, 145] 5 2
[10, 10, 10, 10, 10] [210, 230, 250, 270, 290] [13, 145] 5 2
[10, 10, 10, 10, 10] [190, 210, 230, 250, 270] [13, 145] 5 2
[10, 10, 10, 10, 10] [170, 190, 210, 230, 250] [13, 145] 5 2
[10, 10, 10, 10, 10] [150, 170, 190, 210, 230] [13, 145] 5 2
[10, 10, 10, 10, 10, 10] [130, 150, 170, 190, 210, 230] [261, 283] 6 2
[30, 10, 10, 10, 10, 10] [130, 130, 150, 170, 190, 210] [261, 283] 6 1
[50, 30, 10, 10, 10, 10] [130, 130, 130, 150, 170, 190] [261, 283] 6 1
[70, 50, 30, 10, 10, 10] [130, 130, 130, 130, 150, 170] [261, 283] 6 1
[90, 70, 50, 30, 10, 10] [130, 130, 130, 130, 130, 150] [261, 283] 6 1
[110, 90, 70, 50, 30, 10] [130, 130, 130, 130, 130, 130] [261, 283] 6 1
[130, 110, 90, 70, 50, 30] [130, 130, 130, 130, 130, 130] [261, 283] 6 1
[150, 130, 110, 90, 70, 50] [130, 130, 130, 130, 130, 130] [261, 283] 6 1
[170, 150, 130, 110, 90, 70] [130, 130, 130, 130, 130, 130] [261, 283] 6 1
[190, 170, 150, 130, 110, 90] [130, 130, 130, 130, 130, 130] [261, 283] 6 1
[210, 190, 170, 150, 130, 110] [130, 130, 130, 130, 130, 130] [261, 283] 6 1
[230, 210, 190, 170, 150, 130] [130, 130, 130, 130, 130, 130] [261, 283] 6 1
[250, 230, 210, 190, 170, 150] [130, 130, 130, 130, 130, 130] [261, 283] 6 1
[250, 250, 230, 210, 190, 170] [150, 130, 130, 130, 130, 130] [261, 283] 6 0
[250, 250, 250, 230, 210, 190] [170, 150, 130, 130, 130, 130] [261, 283] 6 0
[250, 250, 250, 250, 230, 210] [190, 170, 150, 130, 130, 130] [261, 283] 6 0
[250, 250, 250, 250, 250, 230] [210, 190, 170, 150, 130, 130] [261, 283] 6 0
[250, 250, 250, 250, 250, 250] [230, 210, 190, 170, 150, 130] [261, 283] 6 0
[250, 250, 250, 250, 250, 250] [250, 230, 210, 190, 170, 150] [261, 283] 6 0
[250, 250, 250, 250, 250, 250] [270, 250, 230, 210, 190, 170] [261, 283] 6 0
[250, 250, 250, 250, 250, 250, 250] [290, 270, 250, 230, 210, 190, 170] [254, 440] 7 0
[250, 250, 250, 250, 250, 250, 250] [310, 290, 270, 250, 230, 210, 190] [254, 440] 7 0
[250, 250, 250, 250, 250, 250, 250] [330, 310, 290, 270, 250, 230, 210] [254, 440] 7 0
[250, 250, 250, 250, 250, 250, 250] [350, 330, 310, 290, 270, 250, 230] [254, 440] 7 0
[250, 250, 250, 250, 250, 250, 250] [370, 350, 330, 310, 290, 270, 250] [254, 440] 7 0
[250, 250, 250, 250, 250, 250, 250] [390, 370, 350, 330, 310, 290, 270] [254, 440] 7 0
[250, 250, 250, 250, 250, 250, 250] [410, 390, 370, 350, 330, 310, 290] [254, 440] 7 0
[250, 250, 250, 250, 250, 250, 250] [430, 410, 390, 370, 350, 330, 310] [254, 440] 7 0
[250, 250, 250, 250, 250, 250, 250, 250] [450, 430, 410, 390, 370, 350, 330, 310] [276, 480] 8 0
[250, 250, 250, 250, 250, 250, 250, 250] [470, 450, 430, 410, 390, 370, 350, 330] [276, 480] 8 0
[270, 250, 250, 250, 250, 250, 250, 250] [470, 470, 450, 430, 410, 390, 370, 350] [276, 480] 8 1
[290, 270, 250, 250, 250, 250, 250, 250, 250] [470, 470, 470, 450, 430, 410, 390, 370, 350] [400, 13] 9 1
[310, 290, 270, 250, 250, 250, 250, 250, 250] [470, 470, 470, 470, 450, 430, 410, 390, 370] [400, 13] 9 1
[330, 310, 290, 270, 250, 250, 250, 250, 250] [470, 470, 470, 470, 470, 450, 430, 410, 390] [400, 13] 9 1
[350, 330, 310, 290, 270, 250, 250, 250, 250] [470, 470, 470, 470, 470, 470, 450, 430, 410] [400, 13] 9 1
[370, 350, 330, 310, 290, 270, 250, 250, 250] [470, 470, 470, 470, 470, 470, 470, 450, 430] [400, 13] 9 1
[390, 370, 350, 330, 310, 290, 270, 250, 250] [470, 470, 470, 470, 470, 470, 470, 470, 450] [400, 13] 9 1
[410, 390, 370, 350, 330, 310, 290, 270, 250] [470, 470, 470, 470, 470, 470, 470, 470, 470] [400, 13] 9 1
[410, 410, 390, 370, 350, 330, 310, 290, 270] [450, 470, 470, 470, 470, 470, 470, 470, 470] [400, 13] 9 2
[410, 410, 410, 390, 370, 350, 330, 310, 290] [430, 450, 470, 470, 470, 470, 470, 470, 470] [400, 13] 9 2
[410, 410, 410, 410, 390, 370, 350, 330, 310] [410, 430, 450, 470, 470, 470, 470, 470, 470] [400, 13] 9 2
[410, 410, 410, 410, 410, 390, 370, 350, 330] [390, 410, 430, 450, 470, 470, 470, 470, 470] [400, 13] 9 2
[410, 410, 410, 410, 410, 410, 390, 370, 350] [370, 390, 410, 430, 450, 470, 470, 470, 470] [400, 13] 9 2
[410, 410, 410, 410, 410, 410, 410, 390, 370] [350, 370, 390, 410, 430, 450, 470, 470, 470] [400, 13] 9 2
[410, 410, 410, 410, 410, 410, 410, 410, 390] [330, 350, 370, 390, 410, 430, 450, 470, 470] [400, 13] 9 2
[410, 410, 410, 410, 410, 410, 410, 410, 410] [310, 330, 350, 370, 390, 410, 430, 450, 470] [400, 13] 9 2
[410, 410, 410, 410, 410, 410, 410, 410, 410] [290, 310, 330, 350, 370, 390, 410, 430, 450] [400, 13] 9 2
[410, 410, 410, 410, 410, 410, 410, 410, 410] [270, 290, 310, 330, 350, 370, 390, 410, 430] [400, 13] 9 2
[410, 410, 410, 410, 410, 410, 410, 410, 410] [250, 270, 290, 310, 330, 350, 370, 390, 410] [400, 13] 9 2
[410, 410, 410, 410, 410, 410, 410, 410, 410] [230, 250, 270, 290, 310, 330, 350, 370, 390] [400, 13] 9 2
[410, 410, 410, 410, 410, 410, 410, 410, 410] [210, 230, 250, 270, 290, 310, 330, 350, 370] [400, 13] 9 2
[410, 410, 410, 410, 410, 410, 410, 410, 410] [190, 210, 230, 250, 270, 290, 310, 330, 350] [400, 13] 9 2
[410, 410, 410, 410, 410, 410, 410, 410, 410] [170, 190, 210, 230, 250, 270, 290, 310, 330] [400, 13] 9 2
[410, 410, 410, 410, 410, 410, 410, 410, 410] [150, 170, 190, 210, 230, 250, 270, 290, 310] [400, 13] 9 2
[410, 410, 410, 410, 410, 410, 410, 410, 410] [130, 150, 170, 190, 210, 230, 250, 270, 290] [400, 13] 9 2
[410, 410, 410, 410, 410, 410, 410, 410, 410] [110, 130, 150, 170, 190, 210, 230, 250, 270] [400, 13] 9 2
[410, 410, 410, 410, 410, 410, 410, 410, 410] [90, 110, 130, 150, 170, 190, 210, 230, 250] [400, 13] 9 2
[410, 410, 410, 410, 410, 410, 410, 410, 410] [70, 90, 110, 130, 150, 170, 190, 210, 230] [400, 13] 9 2
[410, 410, 410, 410, 410, 410, 410, 410, 410] [50, 70, 90, 110, 130, 150, 170, 190, 210] [400, 13] 9 2
[410, 410, 410, 410, 410, 410, 410, 410, 410] [30, 50, 70, 90, 110, 130, 150, 170, 190] [400, 13] 9 2
[410, 410, 410, 410, 410, 410, 410, 410, 410] [10, 30, 50, 70, 90, 110, 130, 150, 170] [400, 13] 9 2
[390, 410, 410, 410, 410, 410, 410, 410, 410] [10, 10, 30, 50, 70, 90, 110, 130, 150] [400, 13] 9 3
[370, 390, 410, 410, 410, 410, 410, 410, 410, 410] [10, 10, 10, 30, 50, 70, 90, 110, 130, 150] [365, 322] 10 3
[350, 370, 390, 410, 410, 410, 410, 410, 410, 410] [10, 10, 10, 10, 30, 50, 70, 90, 110, 130] [365, 322] 10 3
[350, 350, 370, 390, 410, 410, 410, 410, 410, 410] [30, 10, 10, 10, 10, 30, 50, 70, 90, 110] [365, 322] 10 0
[350, 350, 350, 370, 390, 410, 410, 410, 410, 410] [50, 30, 10, 10, 10, 10, 30, 50, 70, 90] [365, 322] 10 0
[350, 350, 350, 350, 370, 390, 410, 410, 410, 410] [70, 50, 30, 10, 10, 10, 10, 30, 50, 70] [365, 322] 10 0
[350, 350, 350, 350, 350, 370, 390, 410, 410, 410] [90, 70, 50, 30, 10, 10, 10, 10, 30, 50] [365, 322] 10 0
[350, 350, 350, 350, 350, 350, 370, 390, 410, 410] [110, 90, 70, 50, 30, 10, 10, 10, 10, 30] [365, 322] 10 0
[350, 350, 350, 350, 350, 350, 350, 370, 390, 410] [130, 110, 90, 70, 50, 30, 10, 10, 10, 10] [365, 322] 10 0
[350, 350, 350, 350, 350, 350, 350, 350, 370, 390] [150, 130, 110, 90, 70, 50, 30, 10, 10, 10] [365, 322] 10 0
[350, 350, 350, 350, 350, 350, 350, 350, 350, 370] [170, 150, 130, 110, 90, 70, 50, 30, 10, 10] [365, 322] 10 0
[350, 350, 350, 350, 350, 350, 350, 350, 350, 350] [190, 170, 150, 130, 110, 90, 70, 50, 30, 10] [365, 322] 10 0
[350, 350, 350, 350, 350, 350, 350, 350, 350, 350] [210, 190, 170, 150, 130, 110, 90, 70, 50, 30] [365, 322] 10 0
[350, 350, 350, 350, 350, 350, 350, 350, 350, 350] [230, 210, 190, 170, 150, 130, 110, 90, 70, 50] [365, 322] 10 0
[350, 350, 350, 350, 350, 350, 350, 350, 350, 350] [250, 230, 210, 190, 170, 150, 130, 110, 90, 70] [365, 322] 10 0
[350, 350, 350, 350, 350, 350, 350, 350, 350, 350] [270, 250, 230, 210, 190, 170, 150, 130, 110, 90] [365, 322] 10 0
[350, 350, 350, 350, 350, 350, 350, 350, 350, 350] [290, 270, 250, 230, 210, 190, 170, 150, 130, 110] [365, 322] 10 0
[350, 350, 350, 350, 350, 350, 350, 350, 350, 350] [310, 290, 270, 250, 230, 210, 190, 170, 150, 130] [365, 322] 10 0
[350, 350, 350, 350, 350, 350, 350, 350, 350, 350, 350] [330, 310, 290, 270, 250, 230, 210, 190, 170, 150, 130] [57, 428] 11 0
[350, 350, 350, 350, 350, 350, 350, 350, 350, 350, 350] [350, 330, 310, 290, 270, 250, 230, 210, 190, 170, 150] [57, 428] 11 0
[350, 350, 350, 350, 350, 350, 350, 350, 350, 350, 350] [370, 350, 330, 310, 290, 270, 250, 230, 210, 190, 170] [57, 428] 11 0
[350, 350, 350, 350, 350, 350, 350, 350, 350, 350, 350] [390, 370, 350, 330, 310, 290, 270, 250, 230, 210, 190] [57, 428] 11 0
[350, 350, 350, 350, 350, 350, 350, 350, 350, 350, 350] [410, 390, 370, 350, 330, 310, 290, 270, 250, 230, 210] [57, 428] 11 0
[330, 350, 350, 350, 350, 350, 350, 350, 350, 350, 350] [410, 410, 390, 370, 350, 330, 310, 290, 270, 250, 230] [57, 428] 11 3
[310, 330, 350, 350, 350, 350, 350, 350, 350, 350, 350] [410, 410, 410, 390, 370, 350, 330, 310, 290, 270, 250] [57, 428] 11 3
[290, 310, 330, 350, 350, 350, 350, 350, 350, 350, 350] [410, 410, 410, 410, 390, 370, 350, 330, 310, 290, 270] [57, 428] 11 3
[270, 290, 310, 330, 350, 350, 350, 350, 350, 350, 350] [410, 410, 410, 410, 410, 390, 370, 350, 330, 310, 290] [57, 428] 11 3
[250, 270, 290, 310, 330, 350, 350, 350, 350, 350, 350] [410, 410, 410, 410, 410, 410, 390, 370, 350, 330, 310] [57, 428] 11 3
[230, 250, 270, 290, 310, 330, 350, 350, 350, 350, 350] [410, 410, 410, 410, 410, 410, 410, 390, 370, 350, 330] [57, 428] 11 3
[210, 230, 250, 270, 290, 310, 330, 350, 350, 350, 350] [410, 410, 410, 410, 410, 410, 410, 410, 390, 370, 350] [57, 428] 11 3
[190, 210, 230, 250, 270, 290, 310, 330, 350, 350, 350] [410, 410, 410, 410, 410, 410, 410, 410, 410, 390, 370] [57, 428] 11 3
[170, 190, 210, 230, 250, 270, 290, 310, 330, 350, 350] [410, 410, 410, 410, 410, 410, 410, 410, 410, 410, 390] [57, 428] 11 3
[150, 170, 190, 210, 230, 250, 270, 290, 310, 330, 350] [410, 410, 410, 410, 410, 410, 410, 410, 410, 410, 410] [57, 428] 11 3
[130, 150, 170, 190, 210, 230, 250, 270, 290, 310, 330] [410, 410, 410, 410, 410, 410, 410, 410, 410, 410, 410] [57, 428] 11 3
[110, 130, 150, 170, 190, 210, 230, 250, 270, 290, 310] [410, 410, 410, 410, 410, 410, 410, 410, 410, 410, 410] [57, 428] 11 3
[90, 110, 130, 150, 170, 190, 210, 230, 250, 270, 290] [410, 410, 410, 410, 410, 410, 410, 410, 410, 410, 410] [57, 428] 11 3
[70, 90, 110, 130, 150, 170, 190, 210, 230, 250, 270] [410, 410, 410, 410, 410, 410, 410, 410, 410, 410, 410] [57, 428] 11 3
[50, 70, 90, 110, 130, 150, 170, 190, 210, 230, 250] [410, 410, 410, 410, 410, 410, 410, 410, 410, 410, 410] [57, 428] 11 3
[50, 50, 70, 90, 110, 130, 150, 170, 190, 210, 230, 250] [390, 410, 410, 410, 410, 410, 410, 410, 410, 410, 410, 410] [107, 550] 12 2
[50, 50, 50, 70, 90, 110, 130, 150, 170, 190, 210, 230] [370, 390, 410, 410, 410, 410, 410, 410, 410, 410, 410, 410] [107, 550] 12 2
[50, 50, 50, 50, 70, 90, 110, 130, 150, 170, 190, 210] [350, 370, 390, 410, 410, 410, 410, 410, 410, 410, 410, 410] [107, 550] 12 2
[50, 50, 50, 50, 50, 70, 90, 110, 130, 150, 170, 190] [330, 350, 370, 390, 410, 410, 410, 410, 410, 410, 410, 410] [107, 550] 12 2
[50, 50, 50, 50, 50, 50, 70, 90, 110, 130, 150, 170] [310, 330, 350, 370, 390, 410, 410, 410, 410, 410, 410, 410] [107, 550] 12 2
[50, 50, 50, 50, 50, 50, 50, 70, 90, 110, 130, 150] [290, 310, 330, 350, 370, 390, 410, 410, 410, 410, 410, 410] [107, 550] 12 2
[70, 50, 50, 50, 50, 50, 50, 50, 70, 90, 110, 130] [290, 290, 310, 330, 350, 370, 390, 410, 410, 410, 410, 410] [107, 550] 12 1
[90, 70, 50, 50, 50, 50, 50, 50, 50, 70, 90, 110] [290, 290, 290, 310, 330, 350, 370, 390, 410, 410, 410, 410] [107, 550] 12 1
[110, 90, 70, 50, 50, 50, 50, 50, 50, 50, 70, 90] [290, 290, 290, 290, 310, 330, 350, 370, 390, 410, 410, 410] [107, 550] 12 1
[110, 110, 90, 70, 50, 50, 50, 50, 50, 50, 50, 70] [310, 290, 290, 290, 290, 310, 330, 350, 370, 390, 410, 410] [107, 550] 12 0
[110, 110, 110, 90, 70, 50, 50, 50, 50, 50, 50, 50] [330, 310, 290, 290, 290, 290, 310, 330, 350, 370, 390, 410] [107, 550] 12 0
[110, 110, 110, 110, 90, 70, 50, 50, 50, 50, 50, 50] [350, 330, 310, 290, 290, 290, 290, 310, 330, 350, 370, 390] [107, 550] 12 0
[110, 110, 110, 110, 110, 90, 70, 50, 50, 50, 50, 50] [370, 350, 330, 310, 290, 290, 290, 290, 310, 330, 350, 370] [107, 550] 12 0
[110, 110, 110, 110, 110, 110, 90, 70, 50, 50, 50, 50] [390, 370, 350, 330, 310, 290, 290, 290, 290, 310, 330, 350] [107, 550] 12 0
[110, 110, 110, 110, 110, 110, 110, 90, 70, 50, 50, 50] [410, 390, 370, 350, 330, 310, 290, 290, 290, 290, 310, 330] [107, 550] 12 0
[110, 110, 110, 110, 110, 110, 110, 110, 90, 70, 50, 50] [430, 410, 390, 370, 350, 330, 310, 290, 290, 290, 290, 310] [107, 550] 12 0
[110, 110, 110, 110, 110, 110, 110, 110, 110, 90, 70, 50] [450, 430, 410, 390, 370, 350, 330, 310, 290, 290, 290, 290] [107, 550] 12 0
[110, 110, 110, 110, 110, 110, 110, 110, 110, 110, 90, 70] [470, 450, 430, 410, 390, 370, 350, 330, 310, 290, 290, 290] [107, 550] 12 0
[110, 110, 110, 110, 110, 110, 110, 110, 110, 110, 110, 90] [490, 470, 450, 430, 410, 390, 370, 350, 330, 310, 290, 290] [107, 550] 12 0
[110, 110, 110, 110, 110, 110, 110, 110, 110, 110, 110, 110] [510, 490, 470, 450, 430, 410, 390, 370, 350, 330, 310, 290] [107, 550] 12 0
[110, 110, 110, 110, 110, 110, 110, 110, 110, 110, 110, 110] [530, 510, 490, 470, 450, 430, 410, 390, 370, 350, 330, 310] [107, 550] 12 0
[110, 110, 110, 110, 110, 110, 110, 110, 110, 110, 110, 110] [550, 530, 510, 490, 470, 450, 430, 410, 390, 370, 350, 330] [107, 550] 12 0
[130, 110, 110, 110, 110, 110, 110, 110, 110, 110, 110, 110, 110] [550, 550, 530, 510, 490, 470, 450, 430, 410, 390, 370, 350, 330] [563, 114] 13 1
[150, 130, 110, 110, 110, 110, 110, 110, 110, 110, 110, 110, 110] [550, 550, 550, 530, 510, 490, 470, 450, 430, 410, 390, 370, 350] [563, 114] 13 1
[170, 150, 130, 110, 110, 110, 110, 110, 110, 110, 110, 110, 110] [550, 550, 550, 550, 530, 510, 490, 470, 450, 430, 410, 390, 370] [563, 114] 13 1
[190, 170, 150, 130, 110, 110, 110, 110, 110, 110, 110, 110, 110] [550, 550, 550, 550, 550, 530, 510, 490, 470, 450, 430, 410, 390] [563, 114] 13 1
[210, 190, 170, 150, 130, 110, 110, 110, 110, 110, 110, 110, 110] [550, 550, 550, 550, 550, 550, 530, 510, 490, 470, 450, 430, 410] [563, 114] 13 1
[230, 210, 190, 170, 150, 130, 110, 110, 110, 110, 110, 110, 110] [550, 550, 550, 550, 550, 550, 550, 530, 510, 490, 470, 450, 430] [563, 114] 13 1
[250, 230, 210, 190, 170, 150, 130, 110, 110, 110, 110, 110, 110] [550, 550, 550, 550, 550, 550, 550, 550, 530, 510, 490, 470, 450] [563, 114] 13 1
[270, 250, 230, 210, 190, 170, 150, 130, 110, 110, 110, 110, 110] [550, 550, 550, 550, 550, 550, 550, 550, 550, 530, 510, 490, 470] [563, 114] 13 1
[290, 270, 250, 230, 210, 190, 170, 150, 130, 110, 110, 110, 110] [550, 550, 550, 550, 550, 550, 550, 550, 550, 550, 530, 510, 490] [563, 114] 13 1
[310, 290, 270, 250, 230, 210, 190, 170, 150, 130, 110, 110, 110] [550, 550, 550, 550, 550, 550, 550, 550, 550, 550, 550, 530, 510] [563, 114] 13 1
[330, 310, 290, 270, 250, 230, 210, 190, 170, 150, 130, 110, 110] [550, 550, 550, 550, 550, 550, 550, 550, 550, 550, 550, 550, 530] [563, 114] 13 1
[350, 330, 310, 290, 270, 250, 230, 210, 190, 170, 150, 130, 110] [550, 550, 550, 550, 550, 550, 550, 550, 550, 550, 550, 550, 550] [563, 114] 13 1
[370, 350, 330, 310, 290, 270, 250, 230, 210, 190, 170, 150, 130] [550, 550, 550, 550, 550, 550, 550, 550, 550, 550, 550, 550, 550] [563, 114] 13 1
[390, 370, 350, 330, 310, 290, 270, 250, 230, 210, 190, 170, 150] [550, 550, 550, 550, 550, 550, 550, 550, 550, 550, 550, 550, 550] [563, 114] 13 1
[410, 390, 370, 350, 330, 310, 290, 270, 250, 230, 210, 190, 170] [550, 550, 550, 550, 550, 550, 550, 550, 550, 550, 550, 550, 550] [563, 114] 13 1
[430, 410, 390, 370, 350, 330, 310, 290, 270, 250, 230, 210, 190] [550, 550, 550, 550, 550, 550, 550, 550, 550, 550, 550, 550, 550] [563, 114] 13 1
[450, 430, 410, 390, 370, 350, 330, 310, 290, 270, 250, 230, 210] [550, 550, 550, 550, 550, 550, 550, 550, 550, 550, 550, 550, 550] [563, 114] 13 1
[470, 450, 430, 410, 390, 370, 350, 330, 310, 290, 270, 250, 230] [550, 550, 550, 550, 550, 550, 550, 550, 550, 550, 550, 550, 550] [563, 114] 13 1
[490, 470, 450, 430, 410, 390, 370, 350, 330, 310, 290, 270, 250] [550, 550, 550, 550, 550, 550, 550, 550, 550, 550, 550, 550, 550] [563, 114] 13 1
[510, 490, 470, 450, 430, 410, 390, 370, 350, 330, 310, 290, 270] [550, 550, 550, 550, 550, 550, 550, 550, 550, 550, 550, 550, 550] [563, 114] 13 1
[530, 510, 490, 470, 450, 430, 410, 390, 370, 350, 330, 310, 290] [550, 550, 550, 550, 550, 550, 550, 550, 550, 550, 550, 550, 550] [563, 114] 13 1
[550, 530, 510, 490, 470, 450, 430, 410, 390, 370, 350, 330, 310] [550, 550, 550, 550, 550, 550, 550, 550, 550, 550, 550, 550, 550] [563, 114] 13 1
[570, 550, 530, 510, 490, 470, 450, 430, 410, 390, 370, 350, 330] [550, 550, 550, 550, 550, 550, 550, 550, 550, 550, 550, 550, 550] [563, 114] 13 1
[570, 570, 550, 530, 510, 490, 470, 450, 430, 410, 390, 370, 350] [530, 550, 550, 550, 550, 550, 550, 550, 550, 550, 550, 550, 550] [563, 114] 13 2
[570, 570, 570, 550, 530, 510, 490, 470, 450, 430, 410, 390, 370] [510, 530, 550, 550, 550, 550, 550, 550, 550, 550, 550, 550, 550] [563, 114] 13 2
[570, 570, 570, 570, 550, 530, 510, 490, 470, 450, 430, 410, 390] [490, 510, 530, 550, 550, 550, 550, 550, 550, 550, 550, 550, 550] [563, 114] 13 2
[570, 570, 570, 570, 570, 550, 530, 510, 490, 470, 450, 430, 410] [470, 490, 510, 530, 550, 550, 550, 550, 550, 550, 550, 550, 550] [563, 114] 13 2
[570, 570, 570, 570, 570, 570, 550, 530, 510, 490, 470, 450, 430] [450, 470, 490, 510, 530, 550, 550, 550, 550, 550, 550, 550, 550] [563, 114] 13 2
[570, 570, 570, 570, 570, 570, 570, 550, 530, 510, 490, 470, 450] [430, 450, 470, 490, 510, 530, 550, 550, 550, 550, 550, 550, 550] [563, 114] 13 2
[570, 570, 570, 570, 570, 570, 570, 570, 550, 530, 510, 490, 470] [410, 430, 450, 470, 490, 510, 530, 550, 550, 550, 550, 550, 550] [563, 114] 13 2
[570, 570, 570, 570, 570, 570, 570, 570, 570, 550, 530, 510, 490] [390, 410, 430, 450, 470, 490, 510, 530, 550, 550, 550, 550, 550] [563, 114] 13 2
[570, 570, 570, 570, 570, 570, 570, 570, 570, 570, 550, 530, 510] [370, 390, 410, 430, 450, 470, 490, 510, 530, 550, 550, 550, 550] [563, 114] 13 2
[570, 570, 570, 570, 570, 570, 570, 570, 570, 570, 570, 550, 530] [350, 370, 390, 410, 430, 450, 470, 490, 510, 530, 550, 550, 550] [563, 114] 13 2
[570, 570, 570, 570, 570, 570, 570, 570, 570, 570, 570, 570, 550] [330, 350, 370, 390, 410, 430, 450, 470, 490, 510, 530, 550, 550] [563, 114] 13 2
[570, 570, 570, 570, 570, 570, 570, 570, 570, 570, 570, 570, 570] [310, 330, 350, 370, 390, 410, 430, 450, 470, 490, 510, 530, 550] [563, 114] 13 2
[570, 570, 570, 570, 570, 570, 570, 570, 570, 570, 570, 570, 570] [290, 310, 330, 350, 370, 390, 410, 430, 450, 470, 490, 510, 530] [563, 114] 13 2
[570, 570, 570, 570, 570, 570, 570, 570, 570, 570, 570, 570, 570] [270, 290, 310, 330, 350, 370, 390, 410, 430, 450, 470, 490, 510] [563, 114] 13 2
[570, 570, 570, 570, 570, 570, 570, 570, 570, 570, 570, 570, 570] [250, 270, 290, 310, 330, 350, 370, 390, 410, 430, 450, 470, 490] [563, 114] 13 2
[570, 570, 570, 570, 570, 570, 570, 570, 570, 570, 570, 570, 570] [230, 250, 270, 290, 310, 330, 350, 370, 390, 410, 430, 450, 470] [563, 114] 13 2
[570, 570, 570, 570, 570, 570, 570, 570, 570, 570, 570, 570, 570] [210, 230, 250, 270, 290, 310, 330, 350, 370, 390, 410, 430, 450] [563, 114] 13 2
[570, 570, 570, 570, 570, 570, 570, 570, 570, 570, 570, 570, 570] [190, 210, 230, 250, 270, 290, 310, 330, 350, 370, 390, 410, 430] [563, 114] 13 2
[570, 570, 570, 570, 570, 570, 570, 570, 570, 570, 570, 570, 570] [170, 190, 210, 230, 250, 270, 290, 310, 330, 350, 370, 390, 410] [563, 114] 13 2
[570, 570, 570, 570, 570, 570, 570, 570, 570, 570, 570, 570, 570] [150, 170, 190, 210, 230, 250, 270, 290, 310, 330, 350, 370, 390] [563, 114] 13 2
[570, 570, 570, 570, 570, 570, 570, 570, 570, 570, 570, 570, 570] [130, 150, 170, 190, 210, 230, 250, 270, 290, 310, 330, 350, 370] [563, 114] 13 2
[570, 570, 570, 570, 570, 570, 570, 570, 570, 570, 570, 570, 570] [110, 130, 150, 170, 190, 210, 230, 250, 270, 290, 310, 330, 350] [563, 114] 13 2
[570, 570, 570, 570, 570, 570, 570, 570, 570, 570, 570, 570, 570, 570] [90, 110, 130, 150, 170, 190, 210, 230, 250, 270, 290, 310, 330, 350] [77, 496] 14 2
[550, 570, 570, 570, 570, 570, 570, 570, 570, 570, 570, 570, 570, 570] [90, 90, 110, 130, 150, 170, 190, 210, 230, 250, 270, 290, 310, 330] [77, 496] 14 3
[530, 550, 570, 570, 570, 570, 570, 570, 570, 570, 570, 570, 570, 570] [90, 90, 90, 110, 130, 150, 170, 190, 210, 230, 250, 270, 290, 310] [77, 496] 14 3
[510, 530, 550, 570, 570, 570, 570, 570, 570, 570, 570, 570, 570, 570] [90, 90, 90, 90, 110, 130, 150, 170, 190, 210, 230, 250, 270, 290] [77, 496] 14 3
[490, 510, 530, 550, 570, 570, 570, 570, 570, 570, 570, 570, 570, 570] [90, 90, 90, 90, 90, 110, 130, 150, 170, 190, 210, 230, 250, 270] [77, 496] 14 3
[470, 490, 510, 530, 550, 570, 570, 570, 570, 570, 570, 570, 570, 570] [90, 90, 90, 90, 90, 90, 110, 130, 150, 170, 190, 210, 230, 250] [77, 496] 14 3
[450, 470, 490, 510, 530, 550, 570, 570, 570, 570, 570, 570, 570, 570] [90, 90, 90, 90, 90, 90, 90, 110, 130, 150, 170, 190, 210, 230] [77, 496] 14 3
[430, 450, 470, 490, 510, 530, 550, 570, 570, 570, 570, 570, 570, 570] [90, 90, 90, 90, 90, 90, 90, 90, 110, 130, 150, 170, 190, 210] [77, 496] 14 3
[410, 430, 450, 470, 490, 510, 530, 550, 570, 570, 570, 570, 570, 570] [90, 90, 90, 90, 90, 90, 90, 90, 90, 110, 130, 150, 170, 190] [77, 496] 14 3
[390, 410, 430, 450, 470, 490, 510, 530, 550, 570, 570, 570, 570, 570] [90, 90, 90, 90, 90, 90, 90, 90, 90, 90, 110, 130, 150, 170] [77, 496] 14 3
[370, 390, 410, 430, 450, 470, 490, 510, 530, 550, 570, 570, 570, 570] [90, 90, 90, 90, 90, 90, 90, 90, 90, 90, 90, 110, 130, 150] [77, 496] 14 3
[350, 370, 390, 410, 430, 450, 470, 490, 510, 530, 550, 570, 570, 570] [90, 90, 90, 90, 90, 90, 90, 90, 90, 90, 90, 90, 110, 130] [77, 496] 14 3
[330, 350, 370, 390, 410, 430, 450, 470, 490, 510, 530, 550, 570, 570] [90, 90, 90, 90, 90, 90, 90, 90, 90, 90, 90, 90, 90, 110] [77, 496] 14 3
[310, 330, 350, 370, 390, 410, 430, 450, 470, 490, 510, 530, 550, 570] [90, 90, 90, 90, 90, 90, 90, 90, 90, 90, 90, 90, 90, 90] [77, 496] 14 3
[290, 310, 330, 350, 370, 390, 410, 430, 450, 470, 490, 510, 530, 550] [90, 90, 90, 90, 90, 90, 90, 90, 90, 90, 90, 90, 90, 90] [77, 496] 14 3
[270, 290, 310, 330, 350, 370, 390, 410, 430, 450, 470, 490, 510, 530] [90, 90, 90, 90, 90, 90, 90, 90, 90, 90, 90, 90, 90, 90] [77, 496] 14 3
[250, 270, 290, 310, 330, 350, 370, 390, 410, 430, 450, 470, 490, 510] [90, 90, 90, 90, 90, 90, 90, 90, 90, 90, 90, 90, 90, 90] [77, 496] 14 3
[230, 250, 270, 290, 310, 330, 350, 370, 390, 410, 430, 450, 470, 490] [90, 90, 90, 90, 90, 90, 90, 90, 90, 90, 90, 90, 90, 90] [77, 496] 14 3
[210, 230, 250, 270, 290, 310, 330, 350, 370, 390, 410, 430, 450, 470] [90, 90, 90, 90, 90, 90, 90, 90, 90, 90, 90, 90, 90, 90] [77, 496] 14 3
[190, 210, 230, 250, 270, 290, 310, 330, 350, 370, 390, 410, 430, 450] [90, 90, 90, 90, 90, 90, 90, 90, 90, 90, 90, 90, 90, 90] [77, 496] 14 3
[170, 190, 210, 230, 250, 270, 290, 310, 330, 350, 370, 390, 410, 430] [90, 90, 90, 90, 90, 90, 90, 90, 90, 90, 90, 90, 90, 90] [77, 496] 14 3
[150, 170, 190, 210, 230, 250, 270, 290, 310, 330, 350, 370, 390, 410] [90, 90, 90, 90, 90, 90, 90, 90, 90, 90, 90, 90, 90, 90] [77, 496] 14 3
[130, 150, 170, 190, 210, 230, 250, 270, 290, 310, 330, 350, 370, 390] [90, 90, 90, 90, 90, 90, 90, 90, 90, 90, 90, 90, 90, 90] [77, 496] 14 3
[110, 130, 150, 170, 190, 210, 230, 250, 270, 290, 310, 330, 350, 370] [90, 90, 90, 90, 90, 90, 90, 90, 90, 90, 90, 90, 90, 90] [77, 496] 14 3
[90, 110, 130, 150, 170, 190, 210, 230, 250, 270, 290, 310, 330, 350] [90, 90, 90, 90, 90, 90, 90, 90, 90, 90, 90, 90, 90, 90] [77, 496] 14 3
[70, 90, 110, 130, 150, 170, 190, 210, 230, 250, 270, 290, 310, 330] [90, 90, 90, 90, 90, 90, 90, 90, 90, 90, 90, 90, 90, 90] [77, 496] 14 3
[70, 70, 90, 110, 130, 150, 170, 190, 210, 230, 250, 270, 290, 310] [110, 90, 90, 90, 90, 90, 90, 90, 90, 90, 90, 90, 90, 90] [77, 496] 14 0
[70, 70, 70, 90, 110, 130, 150, 170, 190, 210, 230, 250, 270, 290] [130, 110, 90, 90, 90, 90, 90, 90, 90, 90, 90, 90, 90, 90] [77, 496] 14 0
[70, 70, 70, 70, 90, 110, 130, 150, 170, 190, 210, 230, 250, 270] [150, 130, 110, 90, 90, 90, 90, 90, 90, 90, 90, 90, 90, 90] [77, 496] 14 0
[70, 70, 70, 70, 70, 90, 110, 130, 150, 170, 190, 210, 230, 250] [170, 150, 130, 110, 90, 90, 90, 90, 90, 90, 90, 90, 90, 90] [77, 496] 14 0
[70, 70, 70, 70, 70, 70, 90, 110, 130, 150, 170, 190, 210, 230] [190, 170, 150, 130, 110, 90, 90, 90, 90, 90, 90, 90, 90, 90] [77, 496] 14 0
[70, 70, 70, 70, 70, 70, 70, 90, 110, 130, 150, 170, 190, 210] [210, 190, 170, 150, 130, 110, 90, 90, 90, 90, 90, 90, 90, 90] [77, 496] 14 0
[70, 70, 70, 70, 70, 70, 70, 70, 90, 110, 130, 150, 170, 190] [230, 210, 190, 170, 150, 130, 110, 90, 90, 90, 90, 90, 90, 90] [77, 496] 14 0
[70, 70, 70, 70, 70, 70, 70, 70, 70, 90, 110, 130, 150, 170] [250, 230, 210, 190, 170, 150, 130, 110, 90, 90, 90, 90, 90, 90] [77, 496] 14 0
[70, 70, 70, 70, 70, 70, 70, 70, 70, 70, 90, 110, 130, 150] [270, 250, 230, 210, 190, 170, 150, 130, 110, 90, 90, 90, 90, 90] [77, 496] 14 0
[70, 70, 70, 70, 70, 70, 70, 70, 70, 70, 70, 90, 110, 130] [290, 270, 250, 230, 210, 190, 170, 150, 130, 110, 90, 90, 90, 90] [77, 496] 14 0
[70, 70, 70, 70, 70, 70, 70, 70, 70, 70, 70, 70, 90, 110] [310, 290, 270, 250, 230, 210, 190, 170, 150, 130, 110, 90, 90, 90] [77, 496] 14 0
[70, 70, 70, 70, 70, 70, 70, 70, 70, 70, 70, 70, 70, 90] [330, 310, 290, 270, 250, 230, 210, 190, 170, 150, 130, 110, 90, 90] [77, 496] 14 0
[70, 70, 70, 70, 70, 70, 70, 70, 70, 70, 70, 70, 70, 70] [350, 330, 310, 290, 270, 250, 230, 210, 190, 170, 150, 130, 110, 90] [77, 496] 14 0
[70, 70, 70, 70, 70, 70, 70, 70, 70, 70, 70, 70, 70, 70] [370, 350, 330, 310, 290, 270, 250, 230, 210, 190, 170, 150, 130, 110] [77, 496] 14 0
[70, 70, 70, 70, 70, 70, 70, 70, 70, 70, 70, 70, 70, 70] [390, 370, 350, 330, 310, 290, 270, 250, 230, 210, 190, 170, 150, 130] [77, 496] 14 0
[70, 70, 70, 70, 70, 70, 70, 70, 70, 70, 70, 70, 70, 70] [410, 390, 370, 350, 330, 310, 290, 270, 250, 230, 210, 190, 170, 150] [77, 496] 14 0
[70, 70, 70, 70, 70, 70, 70, 70, 70, 70, 70, 70, 70, 70] [430, 410, 390, 370, 350, 330, 310, 290, 270, 250, 230, 210, 190, 170] [77, 496] 14 0
[70, 70, 70, 70, 70, 70, 70, 70, 70, 70, 70, 70, 70, 70] [450, 430, 410, 390, 370, 350, 330, 310, 290, 270, 250, 230, 210, 190] [77, 496] 14 0
[70, 70, 70, 70, 70, 70, 70, 70, 70, 70, 70, 70, 70, 70] [470, 450, 430, 410, 390, 370, 350, 330, 310, 290, 270, 250, 230, 210] [77, 496] 14 0
[70, 70, 70, 70, 70, 70, 70, 70, 70, 70, 70, 70, 70, 70] [490, 470, 450, 430, 410, 390, 370, 350, 330, 310, 290, 270, 250, 230] [77, 496] 14 0
