[290, 290, 290, 290, 290] [290, 270, 250, 230, 210] [97, 554] 5 0
[290, 290, 290, 290, 290] [310, 290, 270, 250, 230] [97, 554] 5 0
[290, 290, 290, 290, 290] [330, 310, 290, 270, 250] [97, 554] 5 0
[290, 290, 290, 290, 290] [350, 330, 310, 290, 270] [97, 554] 5 0
[290, 290, 290, 290, 290] [370, 350, 330, 310, 290] [97, 554] 5 0
[290, 290, 290, 290, 290] [390, 370, 350, 330, 310] [97, 554] 5 0
[290, 290, 290, 290, 290] [410, 390, 370, 350, 330] [97, 554] 5 0
[290, 290, 290, 290, 290] [430, 410, 390, 370, 350] [97, 554] 5 0
[290, 290, 290, 290, 290] [450, 430, 410, 390, 370] [97, 554] 5 0
[290, 290, 290, 290, 290] [470, 450, 430, 410, 390] [97, 554] 5 0
[290, 290, 290, 290, 290] [490, 470, 450, 430, 410] [97, 554] 5 0
[290, 290, 290, 290, 290] [510, 490, 470, 450, 430] [97, 554] 5 0
[290, 290, 290, 290, 290] [530, 510, 490, 470, 450] [97, 554] 5 0
[290, 290, 290, 290, 290] [550, 530, 510, 490, 470] [97, 554] 5 0
[270, 290, 290, 290, 290] [550, 550, 530, 510, 490] [97, 554] 5 3
[250, 270, 290, 290, 290] [550, 550, 550, 530, 510] [97, 554] 5 3
[230, 250, 270, 290, 290] [550, 550, 550, 550, 530] [97, 554] 5 3
[210, 230, 250, 270, 290] [550, 550, 550, 550, 550] [97, 554] 5 3
[190, 210, 230, 250, 270] [550, 550, 550, 550, 550] [97, 554] 5 3
[170, 190, 210, 230, 250] [550, 550, 550, 550, 550] [97, 554] 5 3
[150, 170, 190, 210, 230] [550, 550, 550, 550, 550] [97, 554] 5 3
[130, 150, 170, 190, 210] [550, 550, 550, 550, 550] [97, 554] 5 3
[110, 130, 150, 170, 190] [550, 550, 550, 550, 550] [97, 554] 5 3
[90, 110, 130, 150, 170] [550, 550, 550, 550, 550] [97, 554] 5 3
[90, 90, 110, 130, 150, 170] [530, 550, 550, 550, 550, 550] [211, 533] 6 2
[110, 90, 90, 110, 130, 150] [530, 530, 550, 550, 550, 550] [211, 533] 6 1
[130, 110, 90, 90, 110, 130] [530, 530, 530, 550, 550, 550] [211, 533] 6 1
[150, 130, 110, 90, 90, 110] [530, 530, 530, 530, 550, 550] [211, 533] 6 1
[170, 150, 130, 110, 90, 90] [530, 530, 530, 530, 530, 550] [211, 533] 6 1
[190, 170, 150, 130, 110, 90] [530, 530, 530, 530, 530, 530] [211, 533] 6 1
[210, 190, 170, 150, 130, 110] [530, 530, 530, 530, 530, 530] [211, 533] 6 1
[230, 210, 190, 170, 150, 130, 110] [530, 530, 530, 530, 530, 530, 530] [203, 418] 7 1
[230, 230, 210, 190, 170, 150, 130] [510, 530, 530, 530, 530, 530, 530] [203, 418] 7 2
[230, 230, 230, 210, 190, 170, 150] [490, 510, 530, 530, 530, 530, 530] [203, 418] 7 2
[230, 230, 230, 230, 210, 190, 170] [470, 490, 510, 530, 530, 530, 530] [203, 418] 7 2
[230, 230, 230, 230, 230, 210, 190] [450, 470, 490, 510, 530, 530, 530] [203, 418] 7 2
[230, 230, 230, 230, 230, 230, 210] [430, 450, 470, 490, 510, 530, 530] [203, 418] 7 2
[230, 230, 230, 230, 230, 230, 230] [410, 430, 450, 470, 490, 510, 530] [203, 418] 7 2
[210, 230, 230, 230, 230, 230, 230] [410, 410, 430, 450, 470, 490, 510] [203, 418] 7 3
[190, 210, 230, 230, 230, 230, 230, 230] [410, 410, 410, 430, 450, 470, 490, 510] [285, 438] 8 3
[170, 190, 210, 230, 230, 230, 230, 230] [410, 410, 410, 410, 430, 450, 470, 490] [285, 438] 8 3
[150, 170, 190, 210, 230, 230, 230, 230] [410, 410, 410, 410, 410, 430, 450, 470] [285, 438] 8 3
[150, 150, 170, 190, 210, 230, 230, 230] [430, 410, 410, 410, 410, 410, 430, 450] [285, 438] 8 0
[170, 150, 150, 170, 190, 210, 230, 230] [430, 430, 410, 410, 410, 410, 410, 430] [285, 438] 8 1
[190, 170, 150, 150, 170, 190, 210, 230] [430, 430, 430, 410, 410, 410, 410, 410] [285, 438] 8 1
[210, 190, 170, 150, 150, 170, 190, 210] [430, 430, 430, 430, 410, 410, 410, 410] [285, 438] 8 1
[230, 210, 190, 170, 150, 150, 170, 190] [430, 430, 430, 430, 430, 410, 410, 410] [285, 438] 8 1
[250, 230, 210, 190, 170, 150, 150, 170] [430, 430, 430, 430, 430, 430, 410, 410] [285, 438] 8 1
[270, 250, 230, 210, 190, 170, 150, 150] [430, 430, 430, 430, 430, 430, 430, 410] [285, 438] 8 1
[290, 270, 250, 230, 210, 190, 170, 150, 150] [430, 430, 430, 430, 430, 430, 430, 430, 410] [569, 14] 9 1
[310, 290, 270, 250, 230, 210, 190, 170, 150] [430, 430, 430, 430, 430, 430, 430, 430, 430] [569, 14] 9 1
[330, 310, 290, 270, 250, 230, 210, 190, 170] [430, 430, 430, 430, 430, 430, 430, 430, 430] [569, 14] 9 1
[350, 330, 310, 290, 270, 250, 230, 210, 190] [430, 430, 430, 430, 430, 430, 430, 430, 430] [569, 14] 9 1
[370, 350, 330, 310, 290, 270, 250, 230, 210] [430, 430, 430, 430, 430, 430, 430, 430, 430] [569, 14] 9 1
[390, 370, 350, 330, 310, 290, 270, 250, 230] [430, 430, 430, 430, 430, 430, 430, 430, 430] [569, 14] 9 1
[410, 390, 370, 350, 330, 310, 290, 270, 250] [430, 430, 430, 430, 430, 430, 430, 430, 430] [569, 14] 9 1
[430, 410, 390, 370, 350, 330, 310, 290, 270] [430, 430, 430, 430, 430, 430, 430, 430, 430] [569, 14] 9 1
[450, 430, 410, 390, 370, 350, 330, 310, 290] [430, 430, 430, 430, 430, 430, 430, 430, 430] [569, 14] 9 1
[470, 450, 430, 410, 390, 370, 350, 330, 310] [430, 430, 430, 430, 430, 430, 430, 430, 430] [569, 14] 9 1
[490, 470, 450, 430, 410, 390, 370, 350, 330] [430, 430, 430, 430, 430, 430, 430, 430, 430] [569, 14] 9 1
[510, 490, 470, 450, 430, 410, 390, 370, 350] [430, 430, 430, 430, 430, 430, 430, 430, 430] [569, 14] 9 1
[530, 510, 490, 470, 450, 430, 410, 390, 370] [430, 430, 430, 430, 430, 430, 430, 430, 430] [569, 14] 9 1
[550, 530, 510, 490, 470, 450, 430, 410, 390] [430, 430, 430, 430, 430, 430, 430, 430, 430] [569, 14] 9 1
[570, 550, 530, 510, 490, 470, 450, 430, 410] [430, 430, 430, 430, 430, 430, 430, 430, 430] [569, 14] 9 1
[570, 570, 550, 530, 510, 490, 470, 450, 430] [410, 430, 430, 430, 430, 430, 430, 430, 430] [569, 14] 9 2
[570, 570, 570, 550, 530, 510, 490, 470, 450] [390, 410, 430, 430, 430, 430, 430, 430, 430] [569, 14] 9 2
[570, 570, 570, 570, 550, 530, 510, 490, 470] [370, 390, 410, 430, 430, 430, 430, 430, 430] [569, 14] 9 2
[570, 570, 570, 570, 570, 550, 530, 510, 490] [350, 370, 390, 410, 430, 430, 430, 430, 430] [569, 14] 9 2
[570, 570, 570, 570, 570, 570, 550, 530, 510] [330, 350, 370, 390, 410, 430, 430, 430, 430] [569, 14] 9 2
[570, 570, 570, 570, 570, 570, 570, 550, 530] [310, 330, 350, 370, 390, 410, 430, 430, 430] [569, 14] 9 2
[570, 570, 570, 570, 570, 570, 570, 570, 550] [290, 310, 330, 350, 370, 390, 410, 430, 430] [569, 14] 9 2
[570, 570, 570, 570, 570, 570, 570, 570, 570] [270, 290, 310, 330, 350, 370, 390, 410, 430] [569, 14] 9 2
[570, 570, 570, 570, 570, 570, 570, 570, 570] [250, 270, 290, 310, 330, 350, 370, 390, 410] [569, 14] 9 2
[570, 570, 570, 570, 570, 570, 570, 570, 570] [230, 250, 270, 290, 310, 330, 350, 370, 390] [569, 14] 9 2
[570, 570, 570, 570, 570, 570, 570, 570, 570] [210, 230, 250, 270, 290, 310, 330, 350, 370] [569, 14] 9 2
[570, 570, 570, 570, 570, 570, 570, 570, 570] [190, 210, 230, 250, 270, 290, 310, 330, 350] [569, 14] 9 2
[570, 570, 570, 570, 570, 570, 570, 570, 570] [170, 190, 210, 230, 250, 270, 290, 310, 330] [569, 14] 9 2
[570, 570, 570, 570, 570, 570, 570, 570, 570] [150, 170, 190, 210, 230, 250, 270, 290, 310] [569, 14] 9 2
[570, 570, 570, 570, 570, 570, 570, 570, 570] [130, 150, 170, 190, 210, 230, 250, 270, 290] [569, 14] 9 2
[570, 570, 570, 570, 570, 570, 570, 570, 570] [110, 130, 150, 170, 190, 210, 230, 250, 270] [569, 14] 9 2
[570, 570, 570, 570, 570, 570, 570, 570, 570] [90, 110, 130, 150, 170, 190, 210, 230, 250] [569, 14] 9 2
[570, 570, 570, 570, 570, 570, 570, 570, 570] [70, 90, 110, 130, 150, 170, 190, 210, 230] [569, 14] 9 2
[570, 570, 570, 570, 570, 570, 570, 570, 570] [50, 70, 90, 110, 130, 150, 170, 190, 210] [569, 14] 9 2
[570, 570, 570, 570, 570, 570, 570, 570, 570] [30, 50, 70, 90, 110, 130, 150, 170, 190] [569, 14] 9 2
[570, 570, 570, 570, 570, 570, 570, 570, 570] [10, 30, 50, 70, 90, 110, 130, 150, 170] [569, 14] 9 2
[550, 570, 570, 570, 570, 570, 570, 570, 570, 570] [10, 10, 30, 50, 70, 90, 110, 130, 150, 170] [331, 569] 10 3
[530, 550, 570, 570, 570, 570, 570, 570, 570, 570] [10, 10, 10, 30, 50, 70, 90, 110, 130, 150] [331, 569] 10 3
[510, 530, 550, 570, 570, 570, 570, 570, 570, 570] [10, 10, 10, 10, 30, 50, 70, 90, 110, 130] [331, 569] 10 3
[490, 510, 530, 550, 570, 570, 570, 570, 570, 570] [10, 10, 10, 10, 10, 30, 50, 70, 90, 110] [331, 569] 10 3
[470, 490, 510, 530, 550, 570, 570, 570, 570, 570] [10, 10, 10, 10, 10, 10, 30, 50, 70, 90] [331, 569] 10 3
[450, 470, 490, 510, 530, 550, 570, 570, 570, 570] [10, 10, 10, 10, 10, 10, 10, 30, 50, 70] [331, 569] 10 3
[430, 450, 470, 490, 510, 530, 550, 570, 570, 570] [10, 10, 10, 10, 10, 10, 10, 10, 30, 50] [331, 569] 10 3
[410, 430, 450, 470, 490, 510, 530, 550, 570, 570] [10, 10, 10, 10, 10, 10, 10, 10, 10, 30] [331, 569] 10 3
[390, 410, 430, 450, 470, 490, 510, 530, 550, 570] [10, 10, 10, 10, 10, 10, 10, 10, 10, 10] [331, 569] 10 3
[370, 390, 410, 430, 450, 470, 490, 510, 530, 550] [10, 10, 10, 10, 10, 10, 10, 10, 10, 10] [331, 569] 10 3
[350, 370, 390, 410, 430, 450, 470, 490, 510, 530] [10, 10, 10, 10, 10, 10, 10, 10, 10, 10] [331, 569] 10 3
[330, 350, 370, 390, 410, 430, 450, 470, 490, 510] [10, 10, 10, 10, 10, 10, 10, 10, 10, 10] [331, 569] 10 3
[310, 330, 350, 370, 390, 410, 430, 450, 470, 490] [10, 10, 10, 10, 10, 10, 10, 10, 10, 10] [331, 569] 10 3
[310, 310, 330, 350, 370, 390, 410, 430, 450, 470] [30, 10, 10, 10, 10, 10, 10, 10, 10, 10] [331, 569] 10 0
[310, 310, 310, 330, 350, 370, 390, 410, 430, 450] [50, 30, 10, 10, 10, 10, 10, 10, 10, 10] [331, 569] 10 0
[310, 310, 310, 310, 330, 350, 370, 390, 410, 430] [70, 50, 30, 10, 10, 10, 10, 10, 10, 10] [331, 569] 10 0
[310, 310, 310, 310, 310, 330, 350, 370, 390, 410] [90, 70, 50, 30, 10, 10, 10, 10, 10, 10] [331, 569] 10 0
[310, 310, 310, 310, 310, 310, 330, 350, 370, 390] [110, 90, 70, 50, 30, 10, 10, 10, 10, 10] [331, 569] 10 0
[310, 310, 310, 310, 310, 310, 310, 330, 350, 370] [130, 110, 90, 70, 50, 30, 10, 10, 10, 10] [331, 569] 10 0
[310, 310, 310, 310, 310, 310, 310, 310, 330, 350] [150, 130, 110, 90, 70, 50, 30, 10, 10, 10] [331, 569] 10 0
[310, 310, 310, 310, 310, 310, 310, 310, 310, 330] [170, 150, 130, 110, 90, 70, 50, 30, 10, 10] [331, 569] 10 0
[310, 310, 310, 310, 310, 310, 310, 310, 310, 310] [190, 170, 150, 130, 110, 90, 70, 50, 30, 10] [331, 569] 10 0
[310, 310, 310, 310, 310, 310, 310, 310, 310, 310] [210, 190, 170, 150, 130, 110, 90, 70, 50, 30] [331, 569] 10 0
[310, 310, 310, 310, 310, 310, 310, 310, 310, 310] [230, 210, 190, 170, 150, 130, 110, 90, 70, 50] [331, 569] 10 0
[310, 310, 310, 310, 310, 310, 310, 310, 310, 310] [250, 230, 210, 190, 170, 150, 130, 110, 90, 70] [331, 569] 10 0
[310, 310, 310, 310, 310, 310, 310, 310, 310, 310] [270, 250, 230, 210, 190, 170, 150, 130, 110, 90] [331, 569] 10 0
[310, 310, 310, 310, 310, 310, 310, 310, 310, 310] [290, 270, 250, 230, 210, 190, 170, 150, 130, 110] [331, 569] 10 0
[310, 310, 310, 310, 310, 310, 310, 310, 310, 310] [310, 290, 270, 250, 230, 210, 190, 170, 150, 130] [331, 569] 10 0
[310, 310, 310, 310, 310, 310, 310, 310, 310, 310] [330, 310, 290, 270, 250, 230, 210, 190, 170, 150] [331, 569] 10 0
[310, 310, 310, 310, 310, 310, 310, 310, 310, 310] [350, 330, 310, 290, 270, 250, 230, 210, 190, 170] [331, 569] 10 0
[310, 310, 310, 310, 310, 310, 310, 310, 310, 310] [370, 350, 330, 310, 290, 270, 250, 230, 210, 190] [331, 569] 10 0
[310, 310, 310, 310, 310, 310, 310, 310, 310, 310] [390, 370, 350, 330, 310, 290, 270, 250, 230, 210] [331, 569] 10 0
[310, 310, 310, 310, 310, 310, 310, 310, 310, 310] [410, 390, 370, 350, 330, 310, 290, 270, 250, 230] [331, 569] 10 0
[310, 310, 310, 310, 310, 310, 310, 310, 310, 310] [430, 410, 390, 370, 350, 330, 310, 290, 270, 250] [331, 569] 10 0
[310, 310, 310, 310, 310, 310, 310, 310, 310, 310] [450, 430, 410, 390, 370, 350, 330, 310, 290, 270] [331, 569] 10 0
[310, 310, 310, 310, 310, 310, 310, 310, 310, 310] [470, 450, 430, 410, 390, 370, 350, 330, 310, 290] [331, 569] 10 0
[310, 310, 310, 310, 310, 310, 310, 310, 310, 310] [490, 470, 450, 430, 410, 390, 370, 350, 330, 310] [331, 569] 10 0
[310, 310, 310, 310, 310, 310, 310, 310, 310, 310] [510, 490, 470, 450, 430, 410, 390, 370, 350, 330] [331, 569] 10 0
[310, 310, 310, 310, 310, 310, 310, 310, 310, 310] [530, 510, 490, 470, 450, 430, 410, 390, 370, 350] [331, 569] 10 0
[310, 310, 310, 310, 310, 310, 310, 310, 310, 310] [550, 530, 510, 490, 470, 450, 430, 410, 390, 370] [331, 569] 10 0
[310, 310, 310, 310, 310, 310, 310, 310, 310, 310] [570, 550, 530, 510, 490, 470, 450, 430, 410, 390] [331, 569] 10 0
[330, 310, 310, 310, 310, 310, 310, 310, 310, 310] [570, 570, 550, 530, 510, 490, 470, 450, 430, 410] [331, 569] 10 1
[350, 330, 310, 310, 310, 310, 310, 310, 310, 310, 310] [570, 570, 570, 550, 530, 510, 490, 470, 450, 430, 410] [421, 557] 11 1
[370, 350, 330, 310, 310, 310, 310, 310, 310, 310, 310] [570, 570, 570, 570, 550, 530, 510, 490, 470, 450, 430] [421, 557] 11 1
[390, 370, 350, 330, 310, 310, 310, 310, 310, 310, 310] [570, 570, 570, 570, 570, 550, 530, 510, 490, 470, 450] [421, 557] 11 1
[410, 390, 370, 350, 330, 310, 310, 310, 310, 310, 310] [570, 570, 570, 570, 570, 570, 550, 530, 510, 490, 470] [421, 557] 11 1
[410, 410, 390, 370, 350, 330, 310, 310, 310, 310, 310] [550, 570, 570, 570, 570, 570, 570, 550, 530, 510, 490] [421, 557] 11 2
[410, 410, 410, 390, 370, 350, 330, 310, 310, 310, 310, 310] [530, 550, 570, 570, 570, 570, 570, 570, 550, 530, 510, 490] [276, 552] 12 2
[390, 410, 410, 410, 390, 370, 350, 330, 310, 310, 310, 310] [530, 530, 550, 570, 570, 570, 570, 570, 570, 550, 530, 510] [276, 552] 12 3
[370, 390, 410, 410, 410, 390, 370, 350, 330, 310, 310, 310] [530, 530, 530, 550, 570, 570, 570, 570, 570, 570, 550, 530] [276, 552] 12 3
[350, 370, 390, 410, 410, 410, 390, 370, 350, 330, 310, 310] [530, 530, 530, 530, 550, 570, 570, 570, 570, 570, 570, 550] [276, 552] 12 3
[330, 350, 370, 390, 410, 410, 410, 390, 370, 350, 330, 310] [530, 530, 530, 530, 530, 550, 570, 570, 570, 570, 570, 570] [276, 552] 12 3
[310, 330, 350, 370, 390, 410, 410, 410, 390, 370, 350, 330] [530, 530, 530, 530, 530, 530, 550, 570, 570, 570, 570, 570] [276, 552] 12 3
[290, 310, 330, 350, 370, 390, 410, 410, 410, 390, 370, 350] [530, 530, 530, 530, 530, 530, 530, 550, 570, 570, 570, 570] [276, 552] 12 3
[270, 290, 310, 330, 350, 370, 390, 410, 410, 410, 390, 370] [530, 530, 530, 530, 530, 530, 530, 530, 550, 570, 570, 570] [276, 552] 12 3
[270, 270, 290, 310, 330, 350, 370, 390, 410, 410, 410, 390] [550, 530, 530, 530, 530, 530, 530, 530, 530, 550, 570, 570] [276, 552] 12 0
[250, 270, 270, 290, 310, 330, 350, 370, 390, 410, 410, 410, 390] [550, 550, 530, 530, 530, 530, 530, 530, 530, 530, 550, 570, 570] [272, 356] 13 3
[250, 250, 270, 270, 290, 310, 330, 350, 370, 390, 410, 410, 410] [530, 550, 550, 530, 530, 530, 530, 530, 530, 530, 530, 550, 570] [272, 356] 13 2
[250, 250, 250, 270, 270, 290, 310, 330, 350, 370, 390, 410, 410] [510, 530, 550, 550, 530, 530, 530, 530, 530, 530, 530, 530, 550] [272, 356] 13 2
[250, 250, 250, 250, 270, 270, 290, 310, 330, 350, 370, 390, 410] [490, 510, 530, 550, 550, 530, 530, 530, 530, 530, 530, 530, 530] [272, 356] 13 2
[250, 250, 250, 250, 250, 270, 270, 290, 310, 330, 350, 370, 390] [470, 490, 510, 530, 550, 550, 530, 530, 530, 530, 530, 530, 530] [272, 356] 13 2
[250, 250, 250, 250, 250, 250, 270, 270, 290, 310, 330, 350, 370] [450, 470, 490, 510, 530, 550, 550, 530, 530, 530, 530, 530, 530] [272, 356] 13 2
[250, 250, 250, 250, 250, 250, 250, 270, 270, 290, 310, 330, 350] [430, 450, 470, 490, 510, 530, 550, 550, 530, 530, 530, 530, 530] [272, 356] 13 2
[250, 250, 250, 250, 250, 250, 250, 250, 270, 270, 290, 310, 330] [410, 430, 450, 470, 490, 510, 530, 550, 550, 530, 530, 530, 530] [272, 356] 13 2
[250, 250, 250, 250, 250, 250, 250, 250, 250, 270, 270, 290, 310] [390, 410, 430, 450, 470, 490, 510, 530, 550, 550, 530, 530, 530] [272, 356] 13 2
[250, 250, 250, 250, 250, 250, 250, 250, 250, 250, 270, 270, 290] [370, 390, 410, 430, 450, 470, 490, 510, 530, 550, 550, 530, 530] [272, 356] 13 2
[250, 250, 250, 250, 250, 250, 250, 250, 250, 250, 250, 270, 270] [350, 370, 390, 410, 430, 450, 470, 490, 510, 530, 550, 550, 530] [272, 356] 13 2
[270, 250, 250, 250, 250, 250, 250, 250, 250, 250, 250, 250, 270] [350, 350, 370, 390, 410, 430, 450, 470, 490, 510, 530, 550, 550] [272, 356] 13 1
[290, 270, 250, 250, 250, 250, 250, 250, 250, 250, 250, 250, 250, 270] [350, 350, 350, 370, 390, 410, 430, 450, 470, 490, 510, 530, 550, 550] [468, 567] 14 1
[310, 290, 270, 250, 250, 250, 250, 250, 250, 250, 250, 250, 250, 250] [350, 350, 350, 350, 370, 390, 410, 430, 450, 470, 490, 510, 530, 550] [468, 567] 14 1
[330, 310, 290, 270, 250, 250, 250, 250, 250, 250, 250, 250, 250, 250] [350, 350, 350, 350, 350, 370, 390, 410, 430, 450, 470, 490, 510, 530] [468, 567] 14 1
[350, 330, 310, 290, 270, 250, 250, 250, 250, 250, 250, 250, 250, 250] [350, 350, 350, 350, 350, 350, 370, 390, 410, 430, 450, 470, 490, 510] [468, 567] 14 1
[370, 350, 330, 310, 290, 270, 250, 250, 250, 250, 250, 250, 250, 250] [350, 350, 350, 350, 350, 350, 350, 370, 390, 410, 430, 450, 470, 490] [468, 567] 14 1
[390, 370, 350, 330, 310, 290, 270, 250, 250, 250, 250, 250, 250, 250] [350, 350, 350, 350, 350, 350, 350, 350, 370, 390, 410, 430, 450, 470] [468, 567] 14 1
[410, 390, 370, 350, 330, 310, 290, 270, 250, 250, 250, 250, 250, 250] [350, 350, 350, 350, 350, 350, 350, 350, 350, 370, 390, 410, 430, 450] [468, 567] 14 1
[430, 410, 390, 370, 350, 330, 310, 290, 270, 250, 250, 250, 250, 250] [350, 350, 350, 350, 350, 350, 350, 350, 350, 350, 370, 390, 410, 430] [468, 567] 14 1
[450, 430, 410, 390, 370, 350, 330, 310, 290, 270, 250, 250, 250, 250] [350, 350, 350, 350, 350, 350, 350, 350, 350, 350, 350, 370, 390, 410] [468, 567] 14 1
[470, 450, 430, 410, 390, 370, 350, 330, 310, 290, 270, 250, 250, 250] [350, 350, 350, 350, 350, 350, 350, 350, 350, 350, 350, 350, 370, 390] [468, 567] 14 1
[470, 470, 450, 430, 410, 390, 370, 350, 330, 310, 290, 270, 250, 250] [370, 350, 350, 350, 350, 350, 350, 350, 350, 350, 350, 350, 350, 370] [468, 567] 14 0
[470, 470, 470, 450, 430, 410, 390, 370, 350, 330, 310, 290, 270, 250] [390, 370, 350, 350, 350, 350, 350, 350, 350, 350, 350, 350, 350, 350] [468, 567] 14 0
[470, 470, 470, 470, 450, 430, 410, 390, 370, 350, 330, 310, 290, 270] [410, 390, 370, 350, 350, 350, 350, 350, 350, 350, 350, 350, 350, 350] [468, 567] 14 0
[470, 470, 470, 470, 470, 450, 430, 410, 390, 370, 350, 330, 310, 290] [430, 410, 390, 370, 350, 350, 350, 350, 350, 350, 350, 350, 350, 350] [468, 567] 14 0
[470, 470, 470, 470, 470, 470, 450, 430, 410, 390, 370, 350, 330, 310] [450, 430, 410, 390, 370, 350, 350, 350, 350, 350, 350, 350, 350, 350] [468, 567] 14 0
[470, 470, 470, 470, 470, 470, 470, 450, 430, 410, 390, 370, 350, 330] [470, 450, 430, 410, 390, 370, 350, 350, 350, 350, 350, 350, 350, 350] [468, 567] 14 0
[470, 470, 470, 470, 470, 470, 470, 470, 450, 430, 410, 390, 370, 350] [490, 470, 450, 430, 410, 390, 370, 350, 350, 350, 350, 350, 350, 350] [468, 567] 14 0
[470, 470, 470, 470, 470, 470, 470, 470, 470, 450, 430, 410, 390, 370] [510, 490, 470, 450, 430, 410, 390, 370, 350, 350, 350, 350, 350, 350] [468, 567] 14 0
[470, 470, 470, 470, 470, 470, 470, 470, 470, 470, 450, 430, 410, 390] [530, 510, 490, 470, 450, 430, 410, 390, 370, 350, 350, 350, 350, 350] [468, 567] 14 0
[470, 470, 470, 470, 470, 470, 470, 470, 470, 470, 470, 450, 430, 410] [550, 530, 510, 490, 470, 450, 430, 410, 390, 370, 350, 350, 350, 350] [468, 567] 14 0
[450, 470, 470, 470, 470, 470, 470, 470, 470, 470, 470, 470, 450, 430, 410] [550, 550, 530, 510, 490, 470, 450, 430, 410, 390, 370, 350, 350, 350, 350] [486, 462] 15 3
[450, 450, 470, 470, 470, 470, 470, 470, 470, 470, 470, 470, 470, 450, 430] [530, 550, 550, 530, 510, 490, 470, 450, 430, 410, 390, 370, 350, 350, 350] [486, 462] 15 2
[450, 450, 450, 470, 470, 470, 470, 470, 470, 470, 470, 470, 470, 470, 450] [510, 530, 550, 550, 530, 510, 490, 470, 450, 430, 410, 390, 370, 350, 350] [486, 462] 15 2
[450, 450, 450, 450, 470, 470, 470, 470, 470, 470, 470, 470, 470, 470, 470] [490, 510, 530, 550, 550, 530, 510, 490, 470, 450, 430, 410, 390, 370, 350] [486, 462] 15 2
[450, 450, 450, 450, 450, 470, 470, 470, 470, 470, 470, 470, 470, 470, 470] [470, 490, 510, 530, 550, 550, 530, 510, 490, 470, 450, 430, 410, 390, 370] [486, 462] 15 2
[450, 450, 450, 450, 450, 450, 470, 470, 470, 470, 470, 470, 470, 470, 470] [450, 470, 490, 510, 530, 550, 550, 530, 510, 490, 470, 450, 430, 410, 390] [486, 462] 15 2
[450, 450, 450, 450, 450, 450, 450, 470, 470, 470, 470, 470, 470, 470, 470] [430, 450, 470, 490, 510, 530, 550, 550, 530, 510, 490, 470, 450, 430, 410] [486, 462] 15 2
[450, 450, 450, 450, 450, 450, 450, 450, 470, 470, 470, 470, 470, 470, 470] [410, 430, 450, 470, 490, 510, 530, 550, 550, 530, 510, 490, 470, 450, 430] [486, 462] 15 2
[470, 450, 450, 450, 450, 450, 450, 450, 450, 470, 470, 470, 470, 470, 470] [410, 410, 430, 450, 470, 490, 510, 530, 550, 550, 530, 510, 490, 470, 450] [486, 462] 15 1
[490, 470, 450, 450, 450, 450, 450, 450, 450, 450, 470, 470, 470, 470, 470] [410, 410, 410, 430, 450, 470, 490, 510, 530, 550, 550, 530, 510, 490, 470] [486, 462] 15 1
[490, 490, 470, 450, 450, 450, 450, 450, 450, 450, 450, 470, 470, 470, 470] [430, 410, 410, 410, 430, 450, 470, 490, 510, 530, 550, 550, 530, 510, 490] [486, 462] 15 0
[490, 490, 490, 470, 450, 450, 450, 450, 450, 450, 450, 450, 470, 470, 470] [450, 430, 410, 410, 410, 430, 450, 470, 490, 510, 530, 550, 550, 530, 510] [486, 462] 15 0
[490, 490, 490, 490, 470, 450, 450, 450, 450, 450, 450, 450, 450, 470, 470, 470] [470, 450, 430, 410, 410, 410, 430, 450, 470, 490, 510, 530, 550, 550, 530, 510] [141, 164] 16 0
[490, 490, 490, 490, 490, 470, 450, 450, 450, 450, 450, 450, 450, 450, 470, 470] [490, 470, 450, 430, 410, 410, 410, 430, 450, 470, 490, 510, 530, 550, 550, 530] [141, 164] 16 0
[490, 490, 490, 490, 490, 490, 470, 450, 450, 450, 450, 450, 450, 450, 450, 470] [510, 490, 470, 450, 430, 410, 410, 410, 430, 450, 470, 490, 510, 530, 550, 550] [141, 164] 16 0
[490, 490, 490, 490, 490, 490, 490, 470, 450, 450, 450, 450, 450, 450, 450, 450] [530, 510, 490, 470, 450, 430, 410, 410, 410, 430, 450, 470, 490, 510, 530, 550] [141, 164] 16 0
[490, 490, 490, 490, 490, 490, 490, 490, 470, 450, 450, 450, 450, 450, 450, 450] [550, 530, 510, 490, 470, 450, 430, 410, 410, 410, 430, 450, 470, 490, 510, 530] [141, 164] 16 0
[470, 490, 490, 490, 490, 490, 490, 490, 490, 470, 450, 450, 450, 450, 450, 450] [550, 550, 530, 510, 490, 470, 450, 430, 410, 410, 410, 430, 450, 470, 490, 510] [141, 164] 16 3
[450, 470, 490, 490, 490, 490, 490, 490, 490, 490, 470, 450, 450, 450, 450, 450] [550, 550, 550, 530, 510, 490, 470, 450, 430, 410, 410, 410, 430, 450, 470, 490] [141, 164] 16 3
[430, 450, 470, 490, 490, 490, 490, 490, 490, 490, 490, 470, 450, 450, 450, 450] [550, 550, 550, 550, 530, 510, 490, 470, 450, 430, 410, 410, 410, 430, 450, 470] [141, 164] 16 3
[410, 430, 450, 470, 490, 490, 490, 490, 490, 490, 490, 490, 470, 450, 450, 450] [550, 550, 550, 550, 550, 530, 510, 490, 470, 450, 430, 410, 410, 410, 430, 450] [141, 164] 16 3
[390, 410, 430, 450, 470, 490, 490, 490, 490, 490, 490, 490, 490, 470, 450, 450] [550, 550, 550, 550, 550, 550, 530, 510, 490, 470, 450, 430, 410, 410, 410, 430] [141, 164] 16 3
[370, 390, 410, 430, 450, 470, 490, 490, 490, 490, 490, 490, 490, 490, 470, 450] [550, 550, 550, 550, 550, 550, 550, 530, 510, 490, 470, 450, 430, 410, 410, 410] [141, 164] 16 3
[350, 370, 390, 410, 430, 450, 470, 490, 490, 490, 490, 490, 490, 490, 490, 470] [550, 550, 550, 550, 550, 550, 550, 550, 530, 510, 490, 470, 450, 430, 410, 410] [141, 164] 16 3
[330, 350, 370, 390, 410, 430, 450, 470, 490, 490, 490, 490, 490, 490, 490, 490] [550, 550, 550, 550, 550, 550, 550, 550, 550, 530, 510, 490, 470, 450, 430, 410] [141, 164] 16 3
[310, 330, 350, 370, 390, 410, 430, 450, 470, 490, 490, 490, 490, 490, 490, 490] [550, 550, 550, 550, 550, 550, 550, 550, 550, 550, 530, 510, 490, 470, 450, 430] [141, 164] 16 3
[290, 310, 330, 350, 370, 390, 410, 430, 450, 470, 490, 490, 490, 490, 490, 490] [550, 550, 550, 550, 550, 550, 550, 550, 550, 550, 550, 530, 510, 490, 470, 450] [141, 164] 16 3
[270, 290, 310, 330, 350, 370, 390, 410, 430, 450, 470, 490, 490, 490, 490, 490] [550, 550, 550, 550, 550, 550, 550, 550, 550, 550, 550, 550, 530, 510, 490, 470] [141, 164] 16 3
[250, 270, 290, 310, 330, 350, 370, 390, 410, 430, 450, 470, 490, 490, 490, 490] [550, 550, 550, 550, 550, 550, 550, 550, 550, 550, 550, 550, 550, 530, 510, 490] [141, 164] 16 3
[230, 250, 270, 290, 310, 330, 350, 370, 390, 410, 430, 450, 470, 490, 490, 490] [550, 550, 550, 550, 550, 550, 550, 550, 550, 550, 550, 550, 550, 550, 530, 510] [141, 164] 16 3
[210, 230, 250, 270, 290, 310, 330, 350, 370, 390, 410, 430, 450, 470, 490, 490] [550, 550, 550, 550, 550, 550, 550, 550, 550, 550, 550, 550, 550, 550, 550, 530] [141, 164] 16 3
[190, 210, 230, 250, 270, 290, 310, 330, 350, 370, 390, 410, 430, 450, 470, 490] [550, 550, 550, 550, 550, 550, 550, 550, 550, 550, 550, 550, 550, 550, 550, 550] [141, 164] 16 3
[170, 190, 210, 230, 250, 270, 290, 310, 330, 350, 370, 390, 410, 430, 450, 470] [550, 550, 550, 550, 550, 550, 550, 550, 550, 550, 550, 550, 550, 550, 550, 550] [141, 164] 16 3
[150, 170, 190, 210, 230, 250, 270, 290, 310, 330, 350, 370, 390, 410, 430, 450] [550, 550, 550, 550, 550, 550, 550, 550, 550, 550, 550, 550, 550, 550, 550, 550] [141, 164] 16 3
[130, 150, 170, 190, 210, 230, 250, 270, 290, 310, 330, 350, 370, 390, 410, 430] [550, 550, 550, 550, 550, 550, 550, 550, 550, 550, 550, 550, 550, 550, 550, 550] [141, 164] 16 3
[130, 130, 150, 170, 190, 210, 230, 250, 270, 290, 310, 330, 350, 370, 390, 410] [530, 550, 550, 550, 550, 550, 550, 550, 550, 550, 550, 550, 550, 550, 550, 550] [141, 164] 16 2
[130, 130, 130, 150, 170, 190, 210, 230, 250, 270, 290, 310, 330, 350, 370, 390] [510, 530, 550, 550, 550, 550, 550, 550, 550, 550, 550, 550, 550, 550, 550, 550] [141, 164] 16 2
[130, 130, 130, 130, 150, 170, 190, 210, 230, 250, 270, 290, 310, 330, 350, 370] [490, 510, 530, 550, 550, 550, 550, 550, 550, 550, 550, 550, 550, 550, 550, 550] [141, 164] 16 2
[130, 130, 130, 130, 130, 150, 170, 190, 210, 230, 250, 270, 290, 310, 330, 350] [470, 490, 510, 530, 550, 550, 550, 550, 550, 550, 550, 550, 550, 550, 550, 550] [141, 164] 16 2
[130, 130, 130, 130, 130, 130, 150, 170, 190, 210, 230, 250, 270, 290, 310, 330] [450, 470, 490, 510, 530, 550, 550, 550, 550, 550, 550, 550, 550, 550, 550, 550] [141, 164] 16 2
[130, 130, 130, 130, 130, 130, 130, 150, 170, 190, 210, 230, 250, 270, 290, 310] [430, 450, 470, 490, 510, 530, 550, 550, 550, 550, 550, 550, 550, 550, 550, 550] [141, 164] 16 2
[130, 130, 130, 130, 130, 130, 130, 130, 150, 170, 190, 210, 230, 250, 270, 290] [410, 430, 450, 470, 490, 510, 530, 550, 550, 550, 550, 550, 550, 550, 550, 550] [141, 164] 16 2
[130, 130, 130, 130, 130, 130, 130, 130, 130, 150, 170, 190, 210, 230, 250, 270] [390, 410, 430, 450, 470, 490, 510, 530, 550, 550, 550, 550, 550, 550, 550, 550] [141, 164] 16 2
[130, 130, 130, 130, 130, 130, 130, 130, 130, 130, 150, 170, 190, 210, 230, 250] [370, 390, 410, 430, 450, 470, 490, 510, 530, 550, 550, 550, 550, 550, 550, 550] [141, 164] 16 2
[130, 130, 130, 130, 130, 130, 130, 130, 130, 130, 130, 150, 170, 190, 210, 230] [350, 370, 390, 410, 430, 450, 470, 490, 510, 530, 550, 550, 550, 550, 550, 550] [141, 164] 16 2
[130, 130, 130, 130, 130, 130, 130, 130, 130, 130, 130, 130, 150, 170, 190, 210] [330, 350, 370, 390, 410, 430, 450, 470, 490, 510, 530, 550, 550, 550, 550, 550] [141, 164] 16 2
[130, 130, 130, 130, 130, 130, 130, 130, 130, 130, 130, 130, 130, 150, 170, 190] [310, 330, 350, 370, 390, 410, 430, 450, 470, 490, 510, 530, 550, 550, 550, 550] [141, 164] 16 2
[130, 130, 130, 130, 130, 130, 130, 130, 130, 130, 130, 130, 130, 130, 150, 170] [290, 310, 330, 350, 370, 390, 410, 430, 450, 470, 490, 510, 530, 550, 550, 550] [141, 164] 16 2
[130, 130, 130, 130, 130, 130, 130, 130, 130, 130, 130, 130, 130, 130, 130, 150] [270, 290, 310, 330, 350, 370, 390, 410, 430, 450, 470, 490, 510, 530, 550, 550] [141, 164] 16 2
[130, 130, 130, 130, 130, 130, 130, 130, 130, 130, 130, 130, 130, 130, 130, 130] [250, 270, 290, 310, 330, 350, 370, 390, 410, 430, 450, 470, 490, 510, 530, 550] [141, 164] 16 2
[130, 130, 130, 130, 130, 130, 130, 130, 130, 130, 130, 130, 130, 130, 130, 130] [230, 250, 270, 290, 310, 330, 350, 370, 390, 410, 430, 450, 470, 490, 510, 530] [141, 164] 16 2
[130, 130, 130, 130, 130, 130, 130, 130, 130, 130, 130, 130, 130, 130, 130, 130] [210, 230, 250, 270, 290, 310, 330, 350, 370, 390, 410, 430, 450, 470, 490, 510] [141, 164] 16 2
[130, 130, 130, 130, 130, 130, 130, 130, 130, 130, 130, 130, 130, 130, 130, 130] [190, 210, 230, 250, 270, 290, 310, 330, 350, 370, 390, 410, 430, 450, 470, 490] [141, 164] 16 2
[130, 130, 130, 130, 130, 130, 130, 130, 130, 130, 130, 130, 130, 130, 130, 130] [170, 190, 210, 230, 250, 270, 290, 310, 330, 350, 370, 390, 410, 430, 450, 470] [141, 164] 16 2
[130, 130, 130, 130, 130, 130, 130, 130, 130, 130, 130, 130, 130, 130, 130, 130, 130] [150, 170, 190, 210, 230, 250, 270, 290, 310, 330, 350, 370, 390, 410, 430, 450, 470] [476, 204] 17 2
[150, 130, 130, 130, 130, 130, 130, 130, 130, 130, 130, 130, 130, 130, 130, 130, 130] [150, 150, 170, 190, 210, 230, 250, 270, 290, 310, 330, 350, 370, 390, 410, 430, 450] [476, 204] 17 1
[170, 150, 130, 130, 130, 130, 130, 130, 130, 130, 130, 130, 130, 130, 130, 130, 130] [150, 150, 150, 170, 190, 210, 230, 250, 270, 290, 310, 330, 350, 370, 390, 410, 430] [476, 204] 17 1
[190, 170, 150, 130, 130, 130, 130, 130, 130, 130, 130, 130, 130, 130, 130, 130, 130] [150, 150, 150, 150, 170, 190, 210, 230, 250, 270, 290, 310, 330, 350, 370, 390, 410] [476, 204] 17 1
[210, 190, 170, 150, 130, 130, 130, 130, 130, 130, 130, 130, 130, 130, 130, 130, 130] [150, 150, 150, 150, 150, 170, 190, 210, 230, 250, 270, 290, 310, 330, 350, 370, 390] [476, 204] 17 1
[230, 210, 190, 170, 150, 130, 130, 130, 130, 130, 130, 130, 130, 130, 130, 130, 130] [150, 150, 150, 150, 150, 150, 170, 190, 210, 230, 250, 270, 290, 310, 330, 350, 370] [476, 204] 17 1
[250, 230, 210, 190, 170, 150, 130, 130, 130, 130, 130, 130, 130, 130, 130, 130, 130] [150, 150, 150, 150, 150, 150, 150, 170, 190, 210, 230, 250, 270, 290, 310, 330, 350] [476, 204] 17 1
[270, 250, 230, 210, 190, 170, 150, 130, 130, 130, 130, 130, 130, 130, 130, 130, 130] [150, 150, 150, 150, 150, 150, 150, 150, 170, 190, 210, 230, 250, 270, 290, 310, 330] [476, 204] 17 1
[290, 270, 250, 230, 210, 190, 170, 150, 130, 130, 130, 130, 130, 130, 130, 130, 130] [150, 150, 150, 150, 150, 150, 150, 150, 150, 170, 190, 210, 230, 250, 270, 290, 310] [476, 204] 17 1
[310, 290, 270, 250, 230, 210, 190, 170, 150, 130, 130, 130, 130, 130, 130, 130, 130] [150, 150, 150, 150, 150, 150, 150, 150, 150, 150, 170, 190, 210, 230, 250, 270, 290] [476, 204] 17 1
[330, 310, 290, 270, 250, 230, 210, 190, 170, 150, 130, 130, 130, 130, 130, 130, 130] [150, 150, 150, 150, 150, 150, 150, 150, 150, 150, 150, 170, 190, 210, 230, 250, 270] [476, 204] 17 1
[350, 330, 310, 290, 270, 250, 230, 210, 190, 170, 150, 130, 130, 130, 130, 130, 130] [150, 150, 150, 150, 150, 150, 150, 150, 150, 150, 150, 150, 170, 190, 210, 230, 250] [476, 204] 17 1
[370, 350, 330, 310, 290, 270, 250, 230, 210, 190, 170, 150, 130, 130, 130, 130, 130] [150, 150, 150, 150, 150, 150, 150, 150, 150, 150, 150, 150, 150, 170, 190, 210, 230] [476, 204] 17 1
[390, 370, 350, 330, 310, 290, 270, 250, 230, 210, 190, 170, 150, 130, 130, 130, 130] [150, 150, 150, 150, 150, 150, 150, 150, 150, 150, 150, 150, 150, 150, 170, 190, 210] [476, 204] 17 1
[410, 390, 370, 350, 330, 310, 290, 270, 250, 230, 210, 190, 170, 150, 130, 130, 130] [150, 150, 150, 150, 150, 150, 150, 150, 150, 150, 150, 150, 150, 150, 150, 170, 190] [476, 204] 17 1
[430, 410, 390, 370, 350, 330, 310, 290, 270, 250, 230, 210, 190, 170, 150, 130, 130] [150, 150, 150, 150, 150, 150, 150, 150, 150, 150, 150, 150, 150, 150, 150, 150, 170] [476, 204] 17 1
[450, 430, 410, 390, 370, 350, 330, 310, 290, 270, 250, 230, 210, 190, 170, 150, 130] [150, 150, 150, 150, 150, 150, 150, 150, 150, 150, 150, 150, 150, 150, 150, 150, 150] [476, 204] 17 1
[470, 450, 430, 410, 390, 370, 350, 330, 310, 290, 270, 250, 230, 210, 190, 170, 150] [150, 150, 150, 150, 150, 150, 150, 150, 150, 150, 150, 150, 150, 150, 150, 150, 150] [476, 204] 17 1
[470, 470, 450, 430, 410, 390, 370, 350, 330, 310, 290, 270, 250, 230, 210, 190, 170] [170, 150, 150, 150, 150, 150, 150, 150, 150, 150, 150, 150, 150, 150, 150, 150, 150] [476, 204] 17 0
[470, 470, 470, 450, 430, 410, 390, 370, 350, 330, 310, 290, 270, 250, 230, 210, 190] [190, 170, 150, 150, 150, 150, 150, 150, 150, 150, 150, 150, 150, 150, 150, 150, 150] [476, 204] 17 0
[470, 470, 470, 470, 450, 430, 410, 390, 370, 350, 330, 310, 290, 270, 250, 230, 210, 190] [210, 190, 170, 150, 150, 150, 150, 150, 150, 150, 150, 150, 150, 150, 150, 150, 150, 150] [240, 328] 18 0
[470, 470, 470, 470, 470, 450, 430, 410, 390, 370, 350, 330, 310, 290, 270, 250, 230, 210] [230, 210, 190, 170, 150, 150, 150, 150, 150, 150, 150, 150, 150, 150, 150, 150, 150, 150] [240, 328] 18 0
[470, 470, 470, 470, 470, 470, 450, 430, 410, 390, 370, 350, 330, 310, 290, 270, 250, 230] [250, 230, 210, 190, 170, 150, 150, 150, 150, 150, 150, 150, 150, 150, 150, 150, 150, 150] [240, 328] 18 0
[470, 470, 470, 470, 470, 470, 470, 450, 430, 410, 390, 370, 350, 330, 310, 290, 270, 250] [270, 250, 230, 210, 190, 170, 150, 150, 150, 150, 150, 150, 150, 150, 150, 150, 150, 150] [240, 328] 18 0
[470, 470, 470, 470, 470, 470, 470, 470, 450, 430, 410, 390, 370, 350, 330, 310, 290, 270] [290, 270, 250, 230, 210, 190, 170, 150, 150, 150, 150, 150, 150, 150, 150, 150, 150, 150] [240, 328] 18 0
[470, 470, 470, 470, 470, 470, 470, 470, 470, 450, 430, 410, 390, 370, 350, 330, 310, 290] [310, 290, 270, 250, 230, 210, 190, 170, 150, 150, 150, 150, 150, 150, 150, 150, 150, 150] [240, 328] 18 0
[470, 470, 470, 470, 470, 470, 470, 470, 470, 470, 450, 430, 410, 390, 370, 350, 330, 310] [330, 310, 290, 270, 250, 230, 210, 190, 170, 150, 150, 150, 150, 150, 150, 150, 150, 150] [240, 328] 18 0
[450, 470, 470, 470, 470, 470, 470, 470, 470, 470, 470, 450, 430, 410, 390, 370, 350, 330] [330, 330, 310, 290, 270, 250, 230, 210, 190, 170, 150, 150, 150, 150, 150, 150, 150, 150] [240, 328] 18 3
[430, 450, 470, 470, 470, 470, 470, 470, 470, 470, 470, 470, 450, 430, 410, 390, 370, 350] [330, 330, 330, 310, 290, 270, 250, 230, 210, 190, 170, 150, 150, 150, 150, 150, 150, 150] [240, 328] 18 3
[410, 430, 450, 470, 470, 470, 470, 470, 470, 470, 470, 470, 470, 450, 430, 410, 390, 370] [330, 330, 330, 330, 310, 290, 270, 250, 230, 210, 190, 170, 150, 150, 150, 150, 150, 150] [240, 328] 18 3
[390, 410, 430, 450, 470, 470, 470, 470, 470, 470, 470, 470, 470, 470, 450, 430, 410, 390] [330, 330, 330, 330, 330, 310, 290, 270, 250, 230, 210, 190, 170, 150, 150, 150, 150, 150] [240, 328] 18 3
[370, 390, 410, 430, 450, 470, 470, 470, 470, 470, 470, 470, 470, 470, 470, 450, 430, 410] [330, 330, 330, 330, 330, 330, 310, 290, 270, 250, 230, 210, 190, 170, 150, 150, 150, 150] [240, 328] 18 3
[350, 370, 390, 410, 430, 450, 470, 470, 470, 470, 470, 470, 470, 470, 470, 470, 450, 430] [330, 330, 330, 330, 330, 330, 330, 310, 290, 270, 250, 230, 210, 190, 170, 150, 150, 150] [240, 328] 18 3
[330, 350, 370, 390, 410, 430, 450, 470, 470, 470, 470, 470, 470, 470, 470, 470, 470, 450] [330, 330, 330, 330, 330, 330, 330, 330, 310, 290, 270, 250, 230, 210, 190, 170, 150, 150] [240, 328] 18 3
[310, 330, 350, 370, 390, 410, 430, 450, 470, 470, 470, 470, 470, 470, 470, 470, 470, 470] [330, 330, 330, 330, 330, 330, 330, 330, 330, 310, 290, 270, 250, 230, 210, 190, 170, 150] [240, 328] 18 3
[290, 310, 330, 350, 370, 390, 410, 430, 450, 470, 470, 470, 470, 470, 470, 470, 470, 470] [330, 330, 330, 330, 330, 330, 330, 330, 330, 330, 310, 290, 270, 250, 230, 210, 190, 170] [240, 328] 18 3
[270, 290, 310, 330, 350, 370, 390, 410, 430, 450, 470, 470, 470, 470, 470, 470, 470, 470] [330, 330, 330, 330, 330, 330, 330, 330, 330, 330, 330, 310, 290, 270, 250, 230, 210, 190] [240, 328] 18 3
[250, 270, 290, 310, 330, 350, 370, 390, 410, 430, 450, 470, 470, 470, 470, 470, 470, 470] [330, 330, 330, 330, 330, 330, 330, 330, 330, 330, 330, 330, 310, 290, 270, 250, 230, 210] [240, 328] 18 3
[230, 250, 270, 290, 310, 330, 350, 370, 390, 410, 430, 450, 470, 470, 470, 470, 470, 470] [330, 330, 330, 330, 330, 330, 330, 330, 330, 330, 330, 330, 330, 310, 290, 270, 250, 230] [240, 328] 18 3
[210, 230, 250, 270, 290, 310, 330, 350, 370, 390, 410, 430, 450, 470, 470, 470, 470, 470, 470] [330, 330, 330, 330, 330, 330, 330, 330, 330, 330, 330, 330, 330, 330, 310, 290, 270, 250, 230] [349, 451] 19 3
[210, 210, 230, 250, 270, 290, 310, 330, 350, 370, 390, 410, 430, 450, 470, 470, 470, 470, 470] [350, 330, 330, 330, 330, 330, 330, 330, 330, 330, 330, 330, 330, 330, 330, 310, 290, 270, 250] [349, 451] 19 0
[210, 210, 210, 230, 250, 270, 290, 310, 330, 350, 370, 390, 410, 430, 450, 470, 470, 470, 470] [370, 350, 330, 330, 330, 330, 330, 330, 330, 330, 330, 330, 330, 330, 330, 330, 310, 290, 270] [349, 451] 19 0
[210, 210, 210, 210, 230, 250, 270, 290, 310, 330, 350, 370, 390, 410, 430, 450, 470, 470, 470] [390, 370, 350, 330, 330, 330, 330, 330, 330, 330, 330, 330, 330, 330, 330, 330, 330, 310, 290] [349, 451] 19 0
[210, 210, 210, 210, 210, 230, 250, 270, 290, 310, 330, 350, 370, 390, 410, 430, 450, 470, 470] [410, 390, 370, 350, 330, 330, 330, 330, 330, 330, 330, 330, 330, 330, 330, 330, 330, 330, 310] [349, 451] 19 0
[210, 210, 210, 210, 210, 210, 230, 250, 270, 290, 310, 330, 350, 370, 390, 410, 430, 450, 470] [430, 410, 390, 370, 350, 330, 330, 330, 330, 330, 330, 330, 330, 330, 330, 330, 330, 330, 330] [349, 451] 19 0
[210, 210, 210, 210, 210, 210, 210, 230, 250, 270, 290, 310, 330, 350, 370, 390, 410, 430, 450] [450, 430, 410, 390, 370, 350, 330, 330, 330, 330, 330, 330, 330, 330, 330, 330, 330, 330, 330] [349, 451] 19 0
[230, 210, 210, 210, 210, 210, 210, 210, 230, 250, 270, 290, 310, 330, 350, 370, 390, 410, 430] [450, 450, 430, 410, 390, 370, 350, 330, 330, 330, 330, 330, 330, 330, 330, 330, 330, 330, 330] [349, 451] 19 1
[250, 230, 210, 210, 210, 210, 210, 210, 210, 230, 250, 270, 290, 310, 330, 350, 370, 390, 410] [450, 450, 450, 430, 410, 390, 370, 350, 330, 330, 330, 330, 330, 330, 330, 330, 330, 330, 330] [349, 451] 19 1
[270, 250, 230, 210, 210, 210, 210, 210, 210, 210, 230, 250, 270, 290, 310, 330, 350, 370, 390] [450, 450, 450, 450, 430, 410, 390, 370, 350, 330, 330, 330, 330, 330, 330, 330, 330, 330, 330] [349, 451] 19 1
[290, 270, 250, 230, 210, 210, 210, 210, 210, 210, 210, 230, 250, 270, 290, 310, 330, 350, 370] [450, 450, 450, 450, 450, 430, 410, 390, 370, 350, 330, 330, 330, 330, 330, 330, 330, 330, 330] [349, 451] 19 1
[310, 290, 270, 250, 230, 210, 210, 210, 210, 210, 210, 210, 230, 250, 270, 290, 310, 330, 350] [450, 450, 450, 450, 450, 450, 430, 410, 390, 370, 350, 330, 330, 330, 330, 330, 330, 330, 330] [349, 451] 19 1
[330, 310, 290, 270, 250, 230, 210, 210, 210, 210, 210, 210, 210, 230, 250, 270, 290, 310, 330] [450, 450, 450, 450, 450, 450, 450, 430, 410, 390, 370, 350, 330, 330, 330, 330, 330, 330, 330] [349, 451] 19 1
[350, 330, 310, 290, 270, 250, 230, 210, 210, 210, 210, 210, 210, 210, 230, 250, 270, 290, 310, 330] [450, 450, 450, 450, 450, 450, 450, 450, 430, 410, 390, 370, 350, 330, 330, 330, 330, 330, 330, 330] [540, 413] 20 1
[370, 350, 330, 310, 290, 270, 250, 230, 210, 210, 210, 210, 210, 210, 210, 230, 250, 270, 290, 310] [450, 450, 450, 450, 450, 450, 450, 450, 450, 430, 410, 390, 370, 350, 330, 330, 330, 330, 330, 330] [540, 413] 20 1
[390, 370, 350, 330, 310, 290, 270, 250, 230, 210, 210, 210, 210, 210, 210, 210, 230, 250, 270, 290] [450, 450, 450, 450, 450, 450, 450, 450, 450, 450, 430, 410, 390, 370, 350, 330, 330, 330, 330, 330] [540, 413] 20 1
[410, 390, 370, 350, 330, 310, 290, 270, 250, 230, 210, 210, 210, 210, 210, 210, 210, 230, 250, 270] [450, 450, 450, 450, 450, 450, 450, 450, 450, 450, 450, 430, 410, 390, 370, 350, 330, 330, 330, 330] [540, 413] 20 1
[430, 410, 390, 370, 350, 330, 310, 290, 270, 250, 230, 210, 210, 210, 210, 210, 210, 210, 230, 250] [450, 450, 450, 450, 450, 450, 450, 450, 450, 450, 450, 450, 430, 410, 390, 370, 350, 330, 330, 330] [540, 413] 20 1
[450, 430, 410, 390, 370, 350, 330, 310, 290, 270, 250, 230, 210, 210, 210, 210, 210, 210, 210, 230] [450, 450, 450, 450, 450, 450, 450, 450, 450, 450, 450, 450, 450, 430, 410, 390, 370, 350, 330, 330] [540, 413] 20 1
[470, 450, 430, 410, 390, 370, 350, 330, 310, 290, 270, 250, 230, 210, 210, 210, 210, 210, 210, 210] [450, 450, 450, 450, 450, 450, 450, 450, 450, 450, 450, 450, 450, 450, 430, 410, 390, 370, 350, 330] [540, 413] 20 1
[490, 470, 450, 430, 410, 390, 370, 350, 330, 310, 290, 270, 250, 230, 210, 210, 210, 210, 210, 210] [450, 450, 450, 450, 450, 450, 450, 450, 450, 450, 450, 450, 450, 450, 450, 430, 410, 390, 370, 350] [540, 413] 20 1
[510, 490, 470, 450, 430, 410, 390, 370, 350, 330, 310, 290, 270, 250, 230, 210, 210, 210, 210, 210] [450, 450, 450, 450, 450, 450, 450, 450, 450, 450, 450, 450, 450, 450, 450, 450, 430, 410, 390, 370] [540, 413] 20 1
[530, 510, 490, 470, 450, 430, 410, 390, 370, 350, 330, 310, 290, 270, 250, 230, 210, 210, 210, 210] [450, 450, 450, 450, 450, 450, 450, 450, 450, 450, 450, 450, 450, 450, 450, 450, 450, 430, 410, 390] [540, 413] 20 1
[530, 530, 510, 490, 470, 450, 430, 410, 390, 370, 350, 330, 310, 290, 270, 250, 230, 210, 210, 210] [430, 450, 450, 450, 450, 450, 450, 450, 450, 450, 450, 450, 450, 450, 450, 450, 450, 450, 430, 410] [540, 413] 20 2
[530, 530, 530, 510, 490, 470, 450, 430, 410, 390, 370, 350, 330, 310, 290, 270, 250, 230, 210, 210] [410, 430, 450, 450, 450, 450, 450, 450, 450, 450, 450, 450, 450, 450, 450, 450, 450, 450, 450, 430] [540, 413] 20 2
[530, 530, 530, 530, 510, 490, 470, 450, 430, 410, 390, 370, 350, 330, 310, 290, 270, 250, 230, 210, 210] [390, 410, 430, 450, 450, 450, 450, 450, 450, 450, 450, 450, 450, 450, 450, 450, 450, 450, 450, 450, 430] [260, 367] 21 2
[530, 530, 530, 530, 530, 510, 490, 470, 450, 430, 410, 390, 370, 350, 330, 310, 290, 270, 250, 230, 210] [370, 390, 410, 430, 450, 450, 450, 450, 450, 450, 450, 450, 450, 450, 450, 450, 450, 450, 450, 450, 450] [260, 367] 21 2
[510, 530, 530, 530, 530, 530, 510, 490, 470, 450, 430, 410, 390, 370, 350, 330, 310, 290, 270, 250, 230] [370, 370, 390, 410, 430, 450, 450, 450, 450, 450, 450, 450, 450, 450, 450, 450, 450, 450, 450, 450, 450] [260, 367] 21 3
[490, 510, 530, 530, 530, 530, 530, 510, 490, 470, 450, 430, 410, 390, 370, 350, 330, 310, 290, 270, 250] [370, 370, 370, 390, 410, 430, 450, 450, 450, 450, 450, 450, 450, 450, 450, 450, 450, 450, 450, 450, 450] [260, 367] 21 3
[470, 490, 510, 530, 530, 530, 530, 530, 510, 490, 470, 450, 430, 410, 390, 370, 350, 330, 310, 290, 270] [370, 370, 370, 370, 390, 410, 430, 450, 450, 450, 450, 450, 450, 450, 450, 450, 450, 450, 450, 450, 450] [260, 367] 21 3
[450, 470, 490, 510, 530, 530, 530, 530, 530, 510, 490, 470, 450, 430, 410, 390, 370, 350, 330, 310, 290] [370, 370, 370, 370, 370, 390, 410, 430, 450, 450, 450, 450, 450, 450, 450, 450, 450, 450, 450, 450, 450] [260, 367] 21 3
[430, 450, 470, 490, 510, 530, 530, 530, 530, 530, 510, 490, 470, 450, 430, 410, 390, 370, 350, 330, 310] [370, 370, 370, 370, 370, 370, 390, 410, 430, 450, 450, 450, 450, 450, 450, 450, 450, 450, 450, 450, 450] [260, 367] 21 3
[410, 430, 450, 470, 490, 510, 530, 530, 530, 530, 530, 510, 490, 470, 450, 430, 410, 390, 370, 350, 330] [370, 370, 370, 370, 370, 370, 370, 390, 410, 430, 450, 450, 450, 450, 450, 450, 450, 450, 450, 450, 450] [260, 367] 21 3
[390, 410, 430, 450, 470, 490, 510, 530, 530, 530, 530, 530, 510, 490, 470, 450, 430, 410, 390, 370, 350] [370, 370, 370, 370, 370, 370, 370, 370, 390, 410, 430, 450, 450, 450, 450, 450, 450, 450, 450, 450, 450] [260, 367] 21 3
[370, 390, 410, 430, 450, 470, 490, 510, 530, 530, 530, 530, 530, 510, 490, 470, 450, 430, 410, 390, 370] [370, 370, 370, 370, 370, 370, 370, 370, 370, 390, 410, 430, 450, 450, 450, 450, 450, 450, 450, 450, 450] [260, 367] 21 3
[350, 370, 390, 410, 430, 450, 470, 490, 510, 530, 530, 530, 530, 530, 510, 490, 470, 450, 430, 410, 390] [370, 370, 370, 370, 370, 370, 370, 370, 370, 370, 390, 410, 430, 450, 450, 450, 450, 450, 450, 450, 450] [260, 367] 21 3
[330, 350, 370, 390, 410, 430, 450, 470, 490, 510, 530, 530, 530, 530, 530, 510, 490, 470, 450, 430, 410] [370, 370, 370, 370, 370, 370, 370, 370, 370, 370, 370, 390, 410, 430, 450, 450, 450, 450, 450, 450, 450] [260, 367] 21 3
[310, 330, 350, 370, 390, 410, 430, 450, 470, 490, 510, 530, 530, 530, 530, 530, 510, 490, 470, 450, 430] [370, 370, 370, 370, 370, 370, 370, 370, 370, 370, 370, 370, 390, 410, 430, 450, 450, 450, 450, 450, 450] [260, 367] 21 3
[290, 310, 330, 350, 370, 390, 410, 430, 450, 470, 490, 510, 530, 530, 530, 530, 530, 510, 490, 470, 450] [370, 370, 370, 370, 370, 370, 370, 370, 370, 370, 370, 370, 370, 390, 410, 430, 450, 450, 450, 450, 450] [260, 367] 21 3
[270, 290, 310, 330, 350, 370, 390, 410, 430, 450, 470, 490, 510, 530, 530, 530, 530, 530, 510, 490, 470] [370, 370, 370, 370, 370, 370, 370, 370, 370, 370, 370, 370, 370, 370, 390, 410, 430, 450, 450, 450, 450] [260, 367] 21 3
[250, 270, 290, 310, 330, 350, 370, 390, 410, 430, 450, 470, 490, 510, 530, 530, 530, 530, 530, 510, 490] [370, 370, 370, 370, 370, 370, 370, 370, 370, 370, 370, 370, 370, 370, 370, 390, 410, 430, 450, 450, 450] [260, 367] 21 3
