[290, 290, 290, 290, 290] [290, 270, 250, 230, 210] [232, 88] 5 0
[270, 290, 290, 290, 290] [290, 290, 270, 250, 230] [232, 88] 5 3
[250, 270, 290, 290, 290] [290, 290, 290, 270, 250] [232, 88] 5 3
[230, 250, 270, 290, 290] [290, 290, 290, 290, 270] [232, 88] 5 3
[230, 230, 250, 270, 290] [270, 290, 290, 290, 290] [232, 88] 5 2
[230, 230, 230, 250, 270] [250, 270, 290, 290, 290] [232, 88] 5 2
[230, 230, 230, 230, 250] [230, 250, 270, 290, 290] [232, 88] 5 2
[230, 230, 230, 230, 230] [210, 230, 250, 270, 290] [232, 88] 5 2
[230, 230, 230, 230, 230] [190, 210, 230, 250, 270] [232, 88] 5 2
[230, 230, 230, 230, 230] [170, 190, 210, 230, 250] [232, 88] 5 2
[230, 230, 230, 230, 230] [150, 170, 190, 210, 230] [232, 88] 5 2
[230, 230, 230, 230, 230] [130, 150, 170, 190, 210] [232, 88] 5 2
[230, 230, 230, 230, 230] [110, 130, 150, 170, 190] [232, 88] 5 2
[230, 230, 230, 230, 230] [90, 110, 130, 150, 170] [232, 88] 5 2
[230, 230, 230, 230, 230, 230] [70, 90, 110, 130, 150, 170] [359, 343] 6 2
[250, 230, 230, 230, 230, 230] [70, 70, 90, 110, 130, 150] [359, 343] 6 1
[270, 250, 230, 230, 230, 230] [70, 70, 70, 90, 110, 130] [359, 343] 6 1
[290, 270, 250, 230, 230, 230] [70, 70, 70, 70, 90, 110] [359, 343] 6 1
[310, 290, 270, 250, 230, 230] [70, 70, 70, 70, 70, 90] [359, 343] 6 1
[330, 310, 290, 270, 250, 230] [70, 70, 70, 70, 70, 70] [359, 343] 6 1
[350, 330, 310, 290, 270, 250] [70, 70, 70, 70, 70, 70] [359, 343] 6 1
[370, 350, 330, 310, 290, 270] [70, 70, 70, 70, 70, 70] [359, 343] 6 1
[370, 370, 350, 330, 310, 290] [90, 70, 70, 70, 70, 70] [359, 343] 6 0
[370, 370, 370, 350, 330, 310] [110, 90, 70, 70, 70, 70] [359, 343] 6 0
[370, 370, 370, 370, 350, 330] [130, 110, 90, 70, 70, 70] [359, 343] 6 0
[370, 370, 370, 370, 370, 350] [150, 130, 110, 90, 70, 70] [359, 343] 6 0
[370, 370, 370, 370, 370, 370] [170, 150, 130, 110, 90, 70] [359, 343] 6 0
[370, 370, 370, 370, 370, 370] [190, 170, 150, 130, 110, 90] [359, 343] 6 0
[370, 370, 370, 370, 370, 370] [210, 190, 170, 150, 130, 110] [359, 343] 6 0
[370, 370, 370, 370, 370, 370] [230, 210, 190, 170, 150, 130] [359, 343] 6 0
[370, 370, 370, 370, 370, 370] [250, 230, 210, 190, 170, 150] [359, 343] 6 0
[370, 370, 370, 370, 370, 370] [270, 250, 230, 210, 190, 170] [359, 343] 6 0
[370, 370, 370, 370, 370, 370] [290, 270, 250, 230, 210, 190] [359, 343] 6 0
[370, 370, 370, 370, 370, 370] [310, 290, 270, 250, 230, 210] [359, 343] 6 0
[370, 370, 370, 370, 370, 370] [330, 310, 290, 270, 250, 230] [359, 343] 6 0
[350, 370, 370, 370, 370, 370] [330, 330, 310, 290, 270, 250] [359, 343] 6 3
[330, 350, 370, 370, 370, 370, 370] [330, 330, 330, 310, 290, 270, 250] [397, 553] 7 3
[330, 330, 350, 370, 370, 370, 370] [350, 330, 330, 330, 310, 290, 270] [397, 553] 7 0
[330, 330, 330, 350, 370, 370, 370] [370, 350, 330, 330, 330, 310, 290] [397, 553] 7 0
[330, 330, 330, 330, 350, 370, 370] [390, 370, 350, 330, 330, 330, 310] [397, 553] 7 0
[330, 330, 330, 330, 330, 350, 370] [410, 390, 370, 350, 330, 330, 330] [397, 553] 7 0
[330, 330, 330, 330, 330, 330, 350] [430, 410, 390, 370, 350, 330, 330] [397, 553] 7 0
[330, 330, 330, 330, 330, 330, 330] [450, 430, 410, 390, 370, 350, 330] [397, 553] 7 0
[330, 330, 330, 330, 330, 330, 330] [470, 450, 430, 410, 390, 370, 350] [397, 553] 7 0
[330, 330, 330, 330, 330, 330, 330] [490, 470, 450, 430, 410, 390, 370] [397, 553] 7 0
[330, 330, 330, 330, 330, 330, 330] [510, 490, 470, 450, 430, 410, 390] [397, 553] 7 0
[330, 330, 330, 330, 330, 330, 330] [530, 510, 490, 470, 450, 430, 410] [397, 553] 7 0
[330, 330, 330, 330, 330, 330, 330] [550, 530, 510, 490, 470, 450, 430] [397, 553] 7 0
[350, 330, 330, 330, 330, 330, 330] [550, 550, 530, 510, 490, 470, 450] [397, 553] 7 1
[370, 350, 330, 330, 330, 330, 330] [550, 550, 550, 530, 510, 490, 470] [397, 553] 7 1
[390, 370, 350, 330, 330, 330, 330] [550, 550, 550, 550, 530, 510, 490] [397, 553] 7 1
[410, 390, 370, 350, 330, 330, 330, 330] [550, 550, 550, 550, 550, 530, 510, 490] [56, 278] 8 1
[410, 410, 390, 370, 350, 330, 330, 330] [530, 550, 550, 550, 550, 550, 530, 510] [56, 278] 8 2
[410, 410, 410, 390, 370, 350, 330, 330] [510, 530, 550, 550, 550, 550, 550, 530] [56, 278] 8 2
[410, 410, 410, 410, 390, 370, 350, 330] [490, 510, 530, 550, 550, 550, 550, 550] [56, 278] 8 2
[410, 410, 410, 410, 410, 390, 370, 350] [470, 490, 510, 530, 550, 550, 550, 550] [56, 278] 8 2
[410, 410, 410, 410, 410, 410, 390, 370] [450, 470, 490, 510, 530, 550, 550, 550] [56, 278] 8 2
[410, 410, 410, 410, 410, 410, 410, 390] [430, 450, 470, 490, 510, 530, 550, 550] [56, 278] 8 2
[410, 410, 410, 410, 410, 410, 410, 410] [410, 430, 450, 470, 490, 510, 530, 550] [56, 278] 8 2
[410, 410, 410, 410, 410, 410, 410, 410] [390, 410, 430, 450, 470, 490, 510, 530] [56, 278] 8 2
[410, 410, 410, 410, 410, 410, 410, 410] [370, 390, 410, 430, 450, 470, 490, 510] [56, 278] 8 2
[410, 410, 410, 410, 410, 410, 410, 410] [350, 370, 390, 410, 430, 450, 470, 490] [56, 278] 8 2
[410, 410, 410, 410, 410, 410, 410, 410] [330, 350, 370, 390, 410, 430, 450, 470] [56, 278] 8 2
[410, 410, 410, 410, 410, 410, 410, 410] [310, 330, 350, 370, 390, 410, 430, 450] [56, 278] 8 2
[410, 410, 410, 410, 410, 410, 410, 410] [290, 310, 330, 350, 370, 390, 410, 430] [56, 278] 8 2
[410, 410, 410, 410, 410, 410, 410, 410] [270, 290, 310, 330, 350, 370, 390, 410] [56, 278] 8 2
[390, 410, 410, 410, 410, 410, 410, 410] [270, 270, 290, 310, 330, 350, 370, 390] [56, 278] 8 3
[370, 390, 410, 410, 410, 410, 410, 410] [270, 270, 270, 290, 310, 330, 350, 370] [56, 278] 8 3
[350, 370, 390, 410, 410, 410, 410, 410] [270, 270, 270, 270, 290, 310, 330, 350] [56, 278] 8 3
[330, 350, 370, 390, 410, 410, 410, 410] [270, 270, 270, 270, 270, 290, 310, 330] [56, 278] 8 3
[310, 330, 350, 370, 390, 410, 410, 410] [270, 270, 270, 270, 270, 270, 290, 310] [56, 278] 8 3
[290, 310, 330, 350, 370, 390, 410, 410] [270, 270, 270, 270, 270, 270, 270, 290] [56, 278] 8 3
[270, 290, 310, 330, 350, 370, 390, 410] [270, 270, 270, 270, 270, 270, 270, 270] [56, 278] 8 3
[250, 270, 290, 310, 330, 350, 370, 390] [270, 270, 270, 270, 270, 270, 270, 270] [56, 278] 8 3
[230, 250, 270, 290, 310, 330, 350, 370] [270, 270, 270, 270, 270, 270, 270, 270] [56, 278] 8 3
[210, 230, 250, 270, 290, 310, 330, 350] [270, 270, 270, 270, 270, 270, 270, 270] [56, 278] 8 3
[190, 210, 230, 250, 270, 290, 310, 330] [270, 270, 270, 270, 270, 270, 270, 270] [56, 278] 8 3
[170, 190, 210, 230, 250, 270, 290, 310] [270, 270, 270, 270, 270, 270, 270, 270] [56, 278] 8 3
[150, 170, 190, 210, 230, 250, 270, 290] [270, 270, 270, 270, 270, 270, 270, 270] [56, 278] 8 3
[130, 150, 170, 190, 210, 230, 250, 270] [270, 270, 270, 270, 270, 270, 270, 270] [56, 278] 8 3
[110, 130, 150, 170, 190, 210, 230, 250] [270, 270, 270, 270, 270, 270, 270, 270] [56, 278] 8 3
[90, 110, 130, 150, 170, 190, 210, 230] [270, 270, 270, 270, 270, 270, 270, 270] [56, 278] 8 3
[70, 90, 110, 130, 150, 170, 190, 210] [270, 270, 270, 270, 270, 270, 270, 270] [56, 278] 8 3
[50, 70, 90, 110, 130, 150, 170, 190] [270, 270, 270, 270, 270, 270, 270, 270] [56, 278] 8 3
[50, 50, 70, 90, 110, 130, 150, 170, 190] [290, 270, 270, 270, 270, 270, 270, 270, 270] [492, 380] 9 0
[50, 50, 50, 70, 90, 110, 130, 150, 170] [310, 290, 270, 270, 270, 270, 270, 270, 270] [492, 380] 9 0
[50, 50, 50, 50, 70, 90, 110, 130, 150] [330, 310, 290, 270, 270, 270, 270, 270, 270] [492, 380] 9 0
[50, 50, 50, 50, 50, 70, 90, 110, 130] [350, 330, 310, 290, 270, 270, 270, 270, 270] [492, 380] 9 0
[50, 50, 50, 50, 50, 50, 70, 90, 110] [370, 350, 330, 310, 290, 270, 270, 270, 270] [492, 380] 9 0
[50, 50, 50, 50, 50, 50, 50, 70, 90] [390, 370, 350, 330, 310, 290, 270, 270, 270] [492, 380] 9 0
[70, 50, 50, 50, 50, 50, 50, 50, 70] [390, 390, 370, 350, 330, 310, 290, 270, 270] [492, 380] 9 1
[90, 70, 50, 50, 50, 50, 50, 50, 50] [390, 390, 390, 370, 350, 330, 310, 290, 270] [492, 380] 9 1
[110, 90, 70, 50, 50, 50, 50, 50, 50] [390, 390, 390, 390, 370, 350, 330, 310, 290] [492, 380] 9 1
[130, 110, 90, 70, 50, 50, 50, 50, 50] [390, 390, 390, 390, 390, 370, 350, 330, 310] [492, 380] 9 1
[150, 130, 110, 90, 70, 50, 50, 50, 50] [390, 390, 390, 390, 390, 390, 370, 350, 330] [492, 380] 9 1
[170, 150, 130, 110, 90, 70, 50, 50, 50] [390, 390, 390, 390, 390, 390, 390, 370, 350] [492, 380] 9 1
[190, 170, 150, 130, 110, 90, 70, 50, 50] [390, 390, 390, 390, 390, 390, 390, 390, 370] [492, 380] 9 1
[210, 190, 170, 150, 130, 110, 90, 70, 50] [390, 390, 390, 390, 390, 390, 390, 390, 390] [492, 380] 9 1
[230, 210, 190, 170, 150, 130, 110, 90, 70] [390, 390, 390, 390, 390, 390, 390, 390, 390] [492, 380] 9 1
[250, 230, 210, 190, 170, 150, 130, 110, 90] [390, 390, 390, 390, 390, 390, 390, 390, 390] [492, 380] 9 1
[270, 250, 230, 210, 190, 170, 150, 130, 110] [390, 390, 390, 390, 390, 390, 390, 390, 390] [492, 380] 9 1
[290, 270, 250, 230, 210, 190, 170, 150, 130] [390, 390, 390, 390, 390, 390, 390, 390, 390] [492, 380] 9 1
[310, 290, 270, 250, 230, 210, 190, 170, 150] [390, 390, 390, 390, 390, 390, 390, 390, 390] [492, 380] 9 1
[330, 310, 290, 270, 250, 230, 210, 190, 170] [390, 390, 390, 390, 390, 390, 390, 390, 390] [492, 380] 9 1
[350, 330, 310, 290, 270, 250, 230, 210, 190] [390, 390, 390, 390, 390, 390, 390, 390, 390] [492, 380] 9 1
[370, 350, 330, 310, 290, 270, 250, 230, 210] [390, 390, 390, 390, 390, 390, 390, 390, 390] [492, 380] 9 1
[390, 370, 350, 330, 310, 290, 270, 250, 230] [390, 390, 390, 390, 390, 390, 390, 390, 390] [492, 380] 9 1
[410, 390, 370, 350, 330, 310, 290, 270, 250] [390, 390, 390, 390, 390, 390, 390, 390, 390] [492, 380] 9 1
[430, 410, 390, 370, 350, 330, 310, 290, 270] [390, 390, 390, 390, 390, 390, 390, 390, 390] [492, 380] 9 1
[450, 430, 410, 390, 370, 350, 330, 310, 290] [390, 390, 390, 390, 390, 390, 390, 390, 390] [492, 380] 9 1
[470, 450, 430, 410, 390, 370, 350, 330, 310] [390, 390, 390, 390, 390, 390, 390, 390, 390] [492, 380] 9 1
[490, 470, 450, 430, 410, 390, 370, 350, 330] [390, 390, 390, 390, 390, 390, 390, 390, 390] [492, 380] 9 1
[490, 490, 470, 450, 430, 410, 390, 370, 350] [370, 390, 390, 390, 390, 390, 390, 390, 390] [492, 380] 9 2
[490, 490, 490, 470, 450, 430, 410, 390, 370, 350] [350, 370, 390, 390, 390, 390, 390, 390, 390, 390] [564, 243] 10 2
[490, 490, 490, 490, 470, 450, 430, 410, 390, 370] [330, 350, 370, 390, 390, 390, 390, 390, 390, 390] [564, 243] 10 2
[490, 490, 490, 490, 490, 470, 450, 430, 410, 390] [310, 330, 350, 370, 390, 390, 390, 390, 390, 390] [564, 243] 10 2
[490, 490, 490, 490, 490, 490, 470, 450, 430, 410] [290, 310, 330, 350, 370, 390, 390, 390, 390, 390] [564, 243] 10 2
[490, 490, 490, 490, 490, 490, 490, 470, 450, 430] [270, 290, 310, 330, 350, 370, 390, 390, 390, 390] [564, 243] 10 2
[490, 490, 490, 490, 490, 490, 490, 490, 470, 450] [250, 270, 290, 310, 330, 350, 370, 390, 390, 390] [564, 243] 10 2
[490, 490, 490, 490, 490, 490, 490, 490, 490, 470] [230, 250, 270, 290, 310, 330, 350, 370, 390, 390] [564, 243] 10 2
[510, 490, 490, 490, 490, 490, 490, 490, 490, 490] [230, 230, 250, 270, 290, 310, 330, 350, 370, 390] [564, 243] 10 1
[530, 510, 490, 490, 490, 490, 490, 490, 490, 490] [230, 230, 230, 250, 270, 290, 310, 330, 350, 370] [564, 243] 10 1
[550, 530, 510, 490, 490, 490, 490, 490, 490, 490] [230, 230, 230, 230, 250, 270, 290, 310, 330, 350] [564, 243] 10 1
[570, 550, 530, 510, 490, 490, 490, 490, 490, 490, 490] [230, 230, 230, 230, 230, 250, 270, 290, 310, 330, 350] [542, 289] 11 1
[570, 570, 550, 530, 510, 490, 490, 490, 490, 490, 490] [250, 230, 230, 230, 230, 230, 250, 270, 290, 310, 330] [542, 289] 11 0
[570, 570, 570, 550, 530, 510, 490, 490, 490, 490, 490] [270, 250, 230, 230, 230, 230, 230, 250, 270, 290, 310] [542, 289] 11 0
[570, 570, 570, 570, 550, 530, 510, 490, 490, 490, 490] [290, 270, 250, 230, 230, 230, 230, 230, 250, 270, 290] [542, 289] 11 0
[550, 570, 570, 570, 570, 550, 530, 510, 490, 490, 490] [290, 290, 270, 250, 230, 230, 230, 230, 230, 250, 270] [542, 289] 11 3
[530, 550, 570, 570, 570, 570, 550, 530, 510, 490, 490, 490] [290, 290, 290, 270, 250, 230, 230, 230, 230, 230, 250, 270] [110, 327] 12 3
[510, 530, 550, 570, 570, 570, 570, 550, 530, 510, 490, 490] [290, 290, 290, 290, 270, 250, 230, 230, 230, 230, 230, 250] [110, 327] 12 3
[490, 510, 530, 550, 570, 570, 570, 570, 550, 530, 510, 490] [290, 290, 290, 290, 290, 270, 250, 230, 230, 230, 230, 230] [110, 327] 12 3
[470, 490, 510, 530, 550, 570, 570, 570, 570, 550, 530, 510] [290, 290, 290, 290, 290, 290, 270, 250, 230, 230, 230, 230] [110, 327] 12 3
[450, 470, 490, 510, 530, 550, 570, 570, 570, 570, 550, 530] [290, 290, 290, 290, 290, 290, 290, 270, 250, 230, 230, 230] [110, 327] 12 3
[430, 450, 470, 490, 510, 530, 550, 570, 570, 570, 570, 550] [290, 290, 290, 290, 290, 290, 290, 290, 270, 250, 230, 230] [110, 327] 12 3
[410, 430, 450, 470, 490, 510, 530, 550, 570, 570, 570, 570] [290, 290, 290, 290, 290, 290, 290, 290, 290, 270, 250, 230] [110, 327] 12 3
[390, 410, 430, 450, 470, 490, 510, 530, 550, 570, 570, 570] [290, 290, 290, 290, 290, 290, 290, 290, 290, 290, 270, 250] [110, 327] 12 3
[370, 390, 410, 430, 450, 470, 490, 510, 530, 550, 570, 570] [290, 290, 290, 290, 290, 290, 290, 290, 290, 290, 290, 270] [110, 327] 12 3
[350, 370, 390, 410, 430, 450, 470, 490, 510, 530, 550, 570] [290, 290, 290, 290, 290, 290, 290, 290, 290, 290, 290, 290] [110, 327] 12 3
[330, 350, 370, 390, 410, 430, 450, 470, 490, 510, 530, 550] [290, 290, 290, 290, 290, 290, 290, 290, 290, 290, 290, 290] [110, 327] 12 3
[310, 330, 350, 370, 390, 410, 430, 450, 470, 490, 510, 530] [290, 290, 290, 290, 290, 290, 290, 290, 290, 290, 290, 290] [110, 327] 12 3
[290, 310, 330, 350, 370, 390, 410, 430, 450, 470, 490, 510] [290, 290, 290, 290, 290, 290, 290, 290, 290, 290, 290, 290] [110, 327] 12 3
[270, 290, 310, 330, 350, 370, 390, 410, 430, 450, 470, 490] [290, 290, 290, 290, 290, 290, 290, 290, 290, 290, 290, 290] [110, 327] 12 3
[250, 270, 290, 310, 330, 350, 370, 390, 410, 430, 450, 470] [290, 290, 290, 290, 290, 290, 290, 290, 290, 290, 290, 290] [110, 327] 12 3
[230, 250, 270, 290, 310, 330, 350, 370, 390, 410, 430, 450] [290, 290, 290, 290, 290, 290, 290, 290, 290, 290, 290, 290] [110, 327] 12 3
[210, 230, 250, 270, 290, 310, 330, 350, 370, 390, 410, 430] [290, 290, 290, 290, 290, 290, 290, 290, 290, 290, 290, 290] [110, 327] 12 3
[190, 210, 230, 250, 270, 290, 310, 330, 350, 370, 390, 410] [290, 290, 290, 290, 290, 290, 290, 290, 290, 290, 290, 290] [110, 327] 12 3
[170, 190, 210, 230, 250, 270, 290, 310, 330, 350, 370, 390] [290, 290, 290, 290, 290, 290, 290, 290, 290, 290, 290, 290] [110, 327] 12 3
[150, 170, 190, 210, 230, 250, 270, 290, 310, 330, 350, 370] [290, 290, 290, 290, 290, 290, 290, 290, 290, 290, 290, 290] [110, 327] 12 3
[130, 150, 170, 190, 210, 230, 250, 270, 290, 310, 330, 350] [290, 290, 290, 290, 290, 290, 290, 290, 290, 290, 290, 290] [110, 327] 12 3
[110, 130, 150, 170, 190, 210, 230, 250, 270, 290, 310, 330] [290, 290, 290, 290, 290, 290, 290, 290, 290, 290, 290, 290] [110, 327] 12 3
[110, 110, 130, 150, 170, 190, 210, 230, 250, 270, 290, 310] [310, 290, 290, 290, 290, 290, 290, 290, 290, 290, 290, 290] [110, 327] 12 0
[110, 110, 110, 130, 150, 170, 190, 210, 230, 250, 270, 290, 310] [330, 310, 290, 290, 290, 290, 290, 290, 290, 290, 290, 290, 290] [301, 520] 13 0
[110, 110, 110, 110, 130, 150, 170, 190, 210, 230, 250, 270, 290] [350, 330, 310, 290, 290, 290, 290, 290, 290, 290, 290, 290, 290] [301, 520] 13 0
[110, 110, 110, 110, 110, 130, 150, 170, 190, 210, 230, 250, 270] [370, 350, 330, 310, 290, 290, 290, 290, 290, 290, 290, 290, 290] [301, 520] 13 0
[110, 110, 110, 110, 110, 110, 130, 150, 170, 190, 210, 230, 250] [390, 370, 350, 330, 310, 290, 290, 290, 290, 290, 290, 290, 290] [301, 520] 13 0
[110, 110, 110, 110, 110, 110, 110, 130, 150, 170, 190, 210, 230] [410, 390, 370, 350, 330, 310, 290, 290, 290, 290, 290, 290, 290] [301, 520] 13 0
[110, 110, 110, 110, 110, 110, 110, 110, 130, 150, 170, 190, 210] [430, 410, 390, 370, 350, 330, 310, 290, 290, 290, 290, 290, 290] [301, 520] 13 0
[110, 110, 110, 110, 110, 110, 110, 110, 110, 130, 150, 170, 190] [450, 430, 410, 390, 370, 350, 330, 310, 290, 290, 290, 290, 290] [301, 520] 13 0
[110, 110, 110, 110, 110, 110, 110, 110, 110, 110, 130, 150, 170] [470, 450, 430, 410, 390, 370, 350, 330, 310, 290, 290, 290, 290] [301, 520] 13 0
[110, 110, 110, 110, 110, 110, 110, 110, 110, 110, 110, 130, 150] [490, 470, 450, 430, 410, 390, 370, 350, 330, 310, 290, 290, 290] [301, 520] 13 0
[110, 110, 110, 110, 110, 110, 110, 110, 110, 110, 110, 110, 130] [510, 490, 470, 450, 430, 410, 390, 370, 350, 330, 310, 290, 290] [301, 520] 13 0
[130, 110, 110, 110, 110, 110, 110, 110, 110, 110, 110, 110, 110] [510, 510, 490, 470, 450, 430, 410, 390, 370, 350, 330, 310, 290] [301, 520] 13 1
[150, 130, 110, 110, 110, 110, 110, 110, 110, 110, 110, 110, 110] [510, 510, 510, 490, 470, 450, 430, 410, 390, 370, 350, 330, 310] [301, 520] 13 1
[170, 150, 130, 110, 110, 110, 110, 110, 110, 110, 110, 110, 110] [510, 510, 510, 510, 490, 470, 450, 430, 410, 390, 370, 350, 330] [301, 520] 13 1
[190, 170, 150, 130, 110, 110, 110, 110, 110, 110, 110, 110, 110] [510, 510, 510, 510, 510, 490, 470, 450, 430, 410, 390, 370, 350] [301, 520] 13 1
[210, 190, 170, 150, 130, 110, 110, 110, 110, 110, 110, 110, 110] [510, 510, 510, 510, 510, 510, 490, 470, 450, 430, 410, 390, 370] [301, 520] 13 1
[230, 210, 190, 170, 150, 130, 110, 110, 110, 110, 110, 110, 110] [510, 510, 510, 510, 510, 510, 510, 490, 470, 450, 430, 410, 390] [301, 520] 13 1
[250, 230, 210, 190, 170, 150, 130, 110, 110, 110, 110, 110, 110] [510, 510, 510, 510, 510, 510, 510, 510, 490, 470, 450, 430, 410] [301, 520] 13 1
[270, 250, 230, 210, 190, 170, 150, 130, 110, 110, 110, 110, 110] [510, 510, 510, 510, 510, 510, 510, 510, 510, 490, 470, 450, 430] [301, 520] 13 1
[290, 270, 250, 230, 210, 190, 170, 150, 130, 110, 110, 110, 110] [510, 510, 510, 510, 510, 510, 510, 510, 510, 510, 490, 470, 450] [301, 520] 13 1
[310, 290, 270, 250, 230, 210, 190, 170, 150, 130, 110, 110, 110, 110] [510, 510, 510, 510, 510, 510, 510, 510, 510, 510, 510, 490, 470, 450] [482, 22] 14 1
[330, 310, 290, 270, 250, 230, 210, 190, 170, 150, 130, 110, 110, 110] [510, 510, 510, 510, 510, 510, 510, 510, 510, 510, 510, 510, 490, 470] [482, 22] 14 1
[350, 330, 310, 290, 270, 250, 230, 210, 190, 170, 150, 130, 110, 110] [510, 510, 510, 510, 510, 510, 510, 510, 510, 510, 510, 510, 510, 490] [482, 22] 14 1
[370, 350, 330, 310, 290, 270, 250, 230, 210, 190, 170, 150, 130, 110] [510, 510, 510, 510, 510, 510, 510, 510, 510, 510, 510, 510, 510, 510] [482, 22] 14 1
[390, 370, 350, 330, 310, 290, 270, 250, 230, 210, 190, 170, 150, 130] [510, 510, 510, 510, 510, 510, 510, 510, 510, 510, 510, 510, 510, 510] [482, 22] 14 1
[410, 390, 370, 350, 330, 310, 290, 270, 250, 230, 210, 190, 170, 150] [510, 510, 510, 510, 510, 510, 510, 510, 510, 510, 510, 510, 510, 510] [482, 22] 14 1
[430, 410, 390, 370, 350, 330, 310, 290, 270, 250, 230, 210, 190, 170] [510, 510, 510, 510, 510, 510, 510, 510, 510, 510, 510, 510, 510, 510] [482, 22] 14 1
[450, 430, 410, 390, 370, 350, 330, 310, 290, 270, 250, 230, 210, 190] [510, 510, 510, 510, 510, 510, 510, 510, 510, 510, 510, 510, 510, 510] [482, 22] 14 1
[470, 450, 430, 410, 390, 370, 350, 330, 310, 290, 270, 250, 230, 210] [510, 510, 510, 510, 510, 510, 510, 510, 510, 510, 510, 510, 510, 510] [482, 22] 14 1
[490, 470, 450, 430, 410, 390, 370, 350, 330, 310, 290, 270, 250, 230] [510, 510, 510, 510, 510, 510, 510, 510, 510, 510, 510, 510, 510, 510] [482, 22] 14 1
[490, 490, 470, 450, 430, 410, 390, 370, 350, 330, 310, 290, 270, 250] [490, 510, 510, 510, 510, 510, 510, 510, 510, 510, 510, 510, 510, 510] [482, 22] 14 2
[490, 490, 490, 470, 450, 430, 410, 390, 370, 350, 330, 310, 290, 270] [470, 490, 510, 510, 510, 510, 510, 510, 510, 510, 510, 510, 510, 510] [482, 22] 14 2
[490, 490, 490, 490, 470, 450, 430, 410, 390, 370, 350, 330, 310, 290] [450, 470, 490, 510, 510, 510, 510, 510, 510, 510, 510, 510, 510, 510] [482, 22] 14 2
[490, 490, 490, 490, 490, 470, 450, 430, 410, 390, 370, 350, 330, 310] [430, 450, 470, 490, 510, 510, 510, 510, 510, 510, 510, 510, 510, 510] [482, 22] 14 2
[490, 490, 490, 490, 490, 490, 470, 450, 430, 410, 390, 370, 350, 330] [410, 430, 450, 470, 490, 510, 510, 510, 510, 510, 510, 510, 510, 510] [482, 22] 14 2
[490, 490, 490, 490, 490, 490, 490, 470, 450, 430, 410, 390, 370, 350] [390, 410, 430, 450, 470, 490, 510, 510, 510, 510, 510, 510, 510, 510] [482, 22] 14 2
[490, 490, 490, 490, 490, 490, 490, 490, 470, 450, 430, 410, 390, 370] [370, 390, 410, 430, 450, 470, 490, 510, 510, 510, 510, 510, 510, 510] [482, 22] 14 2
[490, 490, 490, 490, 490, 490, 490, 490, 490, 470, 450, 430, 410, 390] [350, 370, 390, 410, 430, 450, 470, 490, 510, 510, 510, 510, 510, 510] [482, 22] 14 2
[490, 490, 490, 490, 490, 490, 490, 490, 490, 490, 470, 450, 430, 410] [330, 350, 370, 390, 410, 430, 450, 470, 490, 510, 510, 510, 510, 510] [482, 22] 14 2
[490, 490, 490, 490, 490, 490, 490, 490, 490, 490, 490, 470, 450, 430] [310, 330, 350, 370, 390, 410, 430, 450, 470, 490, 510, 510, 510, 510] [482, 22] 14 2
[490, 490, 490, 490, 490, 490, 490, 490, 490, 490, 490, 490, 470, 450] [290, 310, 330, 350, 370, 390, 410, 430, 450, 470, 490, 510, 510, 510] [482, 22] 14 2
[490, 490, 490, 490, 490, 490, 490, 490, 490, 490, 490, 490, 490, 470] [270, 290, 310, 330, 350, 370, 390, 410, 430, 450, 470, 490, 510, 510] [482, 22] 14 2
[490, 490, 490, 490, 490, 490, 490, 490, 490, 490, 490, 490, 490, 490] [250, 270, 290, 310, 330, 350, 370, 390, 410, 430, 450, 470, 490, 510] [482, 22] 14 2
[490, 490, 490, 490, 490, 490, 490, 490, 490, 490, 490, 490, 490, 490] [230, 250, 270, 290, 310, 330, 350, 370, 390, 410, 430, 450, 470, 490] [482, 22] 14 2
[490, 490, 490, 490, 490, 490, 490, 490, 490, 490, 490, 490, 490, 490] [210, 230, 250, 270, 290, 310, 330, 350, 370, 390, 410, 430, 450, 470] [482, 22] 14 2
[490, 490, 490, 490, 490, 490, 490, 490, 490, 490, 490, 490, 490, 490] [190, 210, 230, 250, 270, 290, 310, 330, 350, 370, 390, 410, 430, 450] [482, 22] 14 2
[490, 490, 490, 490, 490, 490, 490, 490, 490, 490, 490, 490, 490, 490] [170, 190, 210, 230, 250, 270, 290, 310, 330, 350, 370, 390, 410, 430] [482, 22] 14 2
[490, 490, 490, 490, 490, 490, 490, 490, 490, 490, 490, 490, 490, 490] [150, 170, 190, 210, 230, 250, 270, 290, 310, 330, 350, 370, 390, 410] [482, 22] 14 2
[490, 490, 490, 490, 490, 490, 490, 490, 490, 490, 490, 490, 490, 490] [130, 150, 170, 190, 210, 230, 250, 270, 290, 310, 330, 350, 370, 390] [482, 22] 14 2
[490, 490, 490, 490, 490, 490, 490, 490, 490, 490, 490, 490, 490, 490] [110, 130, 150, 170, 190, 210, 230, 250, 270, 290, 310, 330, 350, 370] [482, 22] 14 2
[490, 490, 490, 490, 490, 490, 490, 490, 490, 490, 490, 490, 490, 490] [90, 110, 130, 150, 170, 190, 210, 230, 250, 270, 290, 310, 330, 350] [482, 22] 14 2
[490, 490, 490, 490, 490, 490, 490, 490, 490, 490, 490, 490, 490, 490] [70, 90, 110, 130, 150, 170, 190, 210, 230, 250, 270, 290, 310, 330] [482, 22] 14 2
[490, 490, 490, 490, 490, 490, 490, 490, 490, 490, 490, 490, 490, 490] [50, 70, 90, 110, 130, 150, 170, 190, 210, 230, 250, 270, 290, 310] [482, 22] 14 2
[490, 490, 490, 490, 490, 490, 490, 490, 490, 490, 490, 490, 490, 490] [30, 50, 70, 90, 110, 130, 150, 170, 190, 210, 230, 250, 270, 290] [482, 22] 14 2
[470, 490, 490, 490, 490, 490, 490, 490, 490, 490, 490, 490, 490, 490, 490] [30, 30, 50, 70, 90, 110, 130, 150, 170, 190, 210, 230, 250, 270, 290] [79, 102] 15 3
[450, 470, 490, 490, 490, 490, 490, 490, 490, 490, 490, 490, 490, 490, 490] [30, 30, 30, 50, 70, 90, 110, 130, 150, 170, 190, 210, 230, 250, 270] [79, 102] 15 3
[430, 450, 470, 490, 490, 490, 490, 490, 490, 490, 490, 490, 490, 490, 490] [30, 30, 30, 30, 50, 70, 90, 110, 130, 150, 170, 190, 210, 230, 250] [79, 102] 15 3
[410, 430, 450, 470, 490, 490, 490, 490, 490, 490, 490, 490, 490, 490, 490] [30, 30, 30, 30, 30, 50, 70, 90, 110, 130, 150, 170, 190, 210, 230] [79, 102] 15 3
[390, 410, 430, 450, 470, 490, 490, 490, 490, 490, 490, 490, 490, 490, 490] [30, 30, 30, 30, 30, 30, 50, 70, 90, 110, 130, 150, 170, 190, 210] [79, 102] 15 3
[370, 390, 410, 430, 450, 470, 490, 490, 490, 490, 490, 490, 490, 490, 490] [30, 30, 30, 30, 30, 30, 30, 50, 70, 90, 110, 130, 150, 170, 190] [79, 102] 15 3
[350, 370, 390, 410, 430, 450, 470, 490, 490, 490, 490, 490, 490, 490, 490] [30, 30, 30, 30, 30, 30, 30, 30, 50, 70, 90, 110, 130, 150, 170] [79, 102] 15 3
[330, 350, 370, 390, 410, 430, 450, 470, 490, 490, 490, 490, 490, 490, 490] [30, 30, 30, 30, 30, 30, 30, 30, 30, 50, 70, 90, 110, 130, 150] [79, 102] 15 3
[310, 330, 350, 370, 390, 410, 430, 450, 470, 490, 490, 490, 490, 490, 490] [30, 30, 30, 30, 30, 30, 30, 30, 30, 30, 50, 70, 90, 110, 130] [79, 102] 15 3
[290, 310, 330, 350, 370, 390, 410, 430, 450, 470, 490, 490, 490, 490, 490] [30, 30, 30, 30, 30, 30, 30, 30, 30, 30, 30, 50, 70, 90, 110] [79, 102] 15 3
[270, 290, 310, 330, 350, 370, 390, 410, 430, 450, 470, 490, 490, 490, 490] [30, 30, 30, 30, 30, 30, 30, 30, 30, 30, 30, 30, 50, 70, 90] [79, 102] 15 3
[250, 270, 290, 310, 330, 350, 370, 390, 410, 430, 450, 470, 490, 490, 490] [30, 30, 30, 30, 30, 30, 30, 30, 30, 30, 30, 30, 30, 50, 70] [79, 102] 15 3
[230, 250, 270, 290, 310, 330, 350, 370, 390, 410, 430, 450, 470, 490, 490] [30, 30, 30, 30, 30, 30, 30, 30, 30, 30, 30, 30, 30, 30, 50] [79, 102] 15 3
[210, 230, 250, 270, 290, 310, 330, 350, 370, 390, 410, 430, 450, 470, 490] [30, 30, 30, 30, 30, 30, 30, 30, 30, 30, 30, 30, 30, 30, 30] [79, 102] 15 3
[190, 210, 230, 250, 270, 290, 310, 330, 350, 370, 390, 410, 430, 450, 470] [30, 30, 30, 30, 30, 30, 30, 30, 30, 30, 30, 30, 30, 30, 30] [79, 102] 15 3
[170, 190, 210, 230, 250, 270, 290, 310, 330, 350, 370, 390, 410, 430, 450] [30, 30, 30, 30, 30, 30, 30, 30, 30, 30, 30, 30, 30, 30, 30] [79, 102] 15 3
[150, 170, 190, 210, 230, 250, 270, 290, 310, 330, 350, 370, 390, 410, 430] [30, 30, 30, 30, 30, 30, 30, 30, 30, 30, 30, 30, 30, 30, 30] [79, 102] 15 3
[130, 150, 170, 190, 210, 230, 250, 270, 290, 310, 330, 350, 370, 390, 410] [30, 30, 30, 30, 30, 30, 30, 30, 30, 30, 30, 30, 30, 30, 30] [79, 102] 15 3
[110, 130, 150, 170, 190, 210, 230, 250, 270, 290, 310, 330, 350, 370, 390] [30, 30, 30, 30, 30, 30, 30, 30, 30, 30, 30, 30, 30, 30, 30] [79, 102] 15 3
[90, 110, 130, 150, 170, 190, 210, 230, 250, 270, 290, 310, 330, 350, 370] [30, 30, 30, 30, 30, 30, 30, 30, 30, 30, 30, 30, 30, 30, 30] [79, 102] 15 3
[70, 90, 110, 130, 150, 170, 190, 210, 230, 250, 270, 290, 310, 330, 350] [30, 30, 30, 30, 30, 30, 30, 30, 30, 30, 30, 30, 30, 30, 30] [79, 102] 15 3
[70, 70, 90, 110, 130, 150, 170, 190, 210, 230, 250, 270, 290, 310, 330] [50, 30, 30, 30, 30, 30, 30, 30, 30, 30, 30, 30, 30, 30, 30] [79, 102] 15 0
[70, 70, 70, 90, 110, 130, 150, 170, 190, 210, 230, 250, 270, 290, 310] [70, 50, 30, 30, 30, 30, 30, 30, 30, 30, 30, 30, 30, 30, 30] [79, 102] 15 0
[70, 70, 70, 70, 90, 110, 130, 150, 170, 190, 210, 230, 250, 270, 290] [90, 70, 50, 30, 30, 30, 30, 30, 30, 30, 30, 30, 30, 30, 30] [79, 102] 15 0
