[290, 290, 290, 290, 290] [290, 270, 250, 230, 210] [466, 369] 5 0
[290, 290, 290, 290, 290] [310, 290, 270, 250, 230] [466, 369] 5 0
[290, 290, 290, 290, 290] [330, 310, 290, 270, 250] [466, 369] 5 0
[290, 290, 290, 290, 290] [350, 330, 310, 290, 270] [466, 369] 5 0
[290, 290, 290, 290, 290] [370, 350, 330, 310, 290] [466, 369] 5 0
[310, 290, 290, 290, 290] [370, 370, 350, 330, 310] [466, 369] 5 1
[330, 310, 290, 290, 290] [370, 370, 370, 350, 330] [466, 369] 5 1
[350, 330, 310, 290, 290] [370, 370, 370, 370, 350] [466, 369] 5 1
[370, 350, 330, 310, 290] [370, 370, 370, 370, 370] [466, 369] 5 1
[390, 370, 350, 330, 310] [370, 370, 370, 370, 370] [466, 369] 5 1
[410, 390, 370, 350, 330] [370, 370, 370, 370, 370] [466, 369] 5 1
[430, 410, 390, 370, 350] [370, 370, 370, 370, 370] [466, 369] 5 1
[450, 430, 410, 390, 370] [370, 370, 370, 370, 370] [466, 369] 5 1
[470, 450, 430, 410, 390, 370] [370, 370, 370, 370, 370, 370] [221, 559] 6 1
[470, 470, 450, 430, 410, 390] [390, 370, 370, 370, 370, 370] [221, 559] 6 0
[470, 470, 470, 450, 430, 410] [410, 390, 370, 370, 370, 370] [221, 559] 6 0
[470, 470, 470, 470, 450, 430] [430, 410, 390, 370, 370, 370] [221, 559] 6 0
[470, 470, 470, 470, 470, 450] [450, 430, 410, 390, 370, 370] [221, 559] 6 0
[470, 470, 470, 470, 470, 470] [470, 450, 430, 410, 390, 370] [221, 559] 6 0
[470, 470, 470, 470, 470, 470] [490, 470, 450, 430, 410, 390] [221, 559] 6 0
[470, 470, 470, 470, 470, 470] [510, 490, 470, 450, 430, 410] [221, 559] 6 0
[470, 470, 470, 470, 470, 470] [530, 510, 490, 470, 450, 430] [221, 559] 6 0
[470, 470, 470, 470, 470, 470] [550, 530, 510, 490, 470, 450] [221, 559] 6 0
[450, 470, 470, 470, 470, 470] [550, 550, 530, 510, 490, 470] [221, 559] 6 3
[430, 450, 470, 470, 470, 470] [550, 550, 550, 530, 510, 490] [221, 559] 6 3
[410, 430, 450, 470, 470, 470] [550, 550, 550, 550, 530, 510] [221, 559] 6 3
[390, 410, 430, 450, 470, 470] [550, 550, 550, 550, 550, 530] [221, 559] 6 3
[370, 390, 410, 430, 450, 470] [550, 550, 550, 550, 550, 550] [221, 559] 6 3
[350, 370, 390, 410, 430, 450] [550, 550, 550, 550, 550, 550] [221, 559] 6 3
[330, 350, 370, 390, 410, 430] [550, 550, 550, 550, 550, 550] [221, 559] 6 3
[310, 330, 350, 370, 390, 410] [550, 550, 550, 550, 550, 550] [221, 559] 6 3
[290, 310, 330, 350, 370, 390] [550, 550, 550, 550, 550, 550] [221, 559] 6 3
[270, 290, 310, 330, 350, 370] [550, 550, 550, 550, 550, 550] [221, 559] 6 3
[250, 270, 290, 310, 330, 350] [550, 550, 550, 550, 550, 550] [221, 559] 6 3
[230, 250, 270, 290, 310, 330] [550, 550, 550, 550, 550, 550] [221, 559] 6 3
[210, 230, 250, 270, 290, 310, 330] [550, 550, 550, 550, 550, 550, 550] [589, 63] 7 3
[210, 210, 230, 250, 270, 290, 310] [530, 550, 550, 550, 550, 550, 550] [589, 63] 7 2
[210, 210, 210, 230, 250, 270, 290] [510, 530, 550, 550, 550, 550, 550] [589, 63] 7 2
[210, 210, 210, 210, 230, 250, 270] [490, 510, 530, 550, 550, 550, 550] [589, 63] 7 2
[210, 210, 210, 210, 210, 230, 250] [470, 490, 510, 530, 550, 550, 550] [589, 63] 7 2
[210, 210, 210, 210, 210, 210, 230] [450, 470, 490, 510, 530, 550, 550] [589, 63] 7 2
[210, 210, 210, 210, 210, 210, 210] [430, 450, 470, 490, 510, 530, 550] [589, 63] 7 2
[210, 210, 210, 210, 210, 210, 210] [410, 430, 450, 470, 490, 510, 530] [589, 63] 7 2
[210, 210, 210, 210, 210, 210, 210] [390, 410, 430, 450, 470, 490, 510] [589, 63] 7 2
[210, 210, 210, 210, 210, 210, 210] [370, 390, 410, 430, 450, 470, 490] [589, 63] 7 2
[210, 210, 210, 210, 210, 210, 210] [350, 370, 390, 410, 430, 450, 470] [589, 63] 7 2
[210, 210, 210, 210, 210, 210, 210] [330, 350, 370, 390, 410, 430, 450] [589, 63] 7 2
[210, 210, 210, 210, 210, 210, 210] [310, 330, 350, 370, 390, 410, 430] [589, 63] 7 2
[210, 210, 210, 210, 210, 210, 210] [290, 310, 330, 350, 370, 390, 410] [589, 63] 7 2
[210, 210, 210, 210, 210, 210, 210] [270, 290, 310, 330, 350, 370, 390] [589, 63] 7 2
[210, 210, 210, 210, 210, 210, 210] [250, 270, 290, 310, 330, 350, 370] [589, 63] 7 2
[210, 210, 210, 210, 210, 210, 210] [230, 250, 270, 290, 310, 330, 350] [589, 63] 7 2
[210, 210, 210, 210, 210, 210, 210] [210, 230, 250, 270, 290, 310, 330] [589, 63] 7 2
[210, 210, 210, 210, 210, 210, 210] [190, 210, 230, 250, 270, 290, 310] [589, 63] 7 2
[210, 210, 210, 210, 210, 210, 210] [170, 190, 210, 230, 250, 270, 290] [589, 63] 7 2
[210, 210, 210, 210, 210, 210, 210] [150, 170, 190, 210, 230, 250, 270] [589, 63] 7 2
[210, 210, 210, 210, 210, 210, 210] [130, 150, 170, 190, 210, 230, 250] [589, 63] 7 2
[210, 210, 210, 210, 210, 210, 210] [110, 130, 150, 170, 190, 210, 230] [589, 63] 7 2
[210, 210, 210, 210, 210, 210, 210] [90, 110, 130, 150, 170, 190, 210] [589, 63] 7 2
[210, 210, 210, 210, 210, 210, 210] [70, 90, 110, 130, 150, 170, 190] [589, 63] 7 2
[210, 210, 210, 210, 210, 210, 210] [50, 70, 90, 110, 130, 150, 170] [589, 63] 7 2
[230, 210, 210, 210, 210, 210, 210] [50, 50, 70, 90, 110, 130, 150] [589, 63] 7 1
[250, 230, 210, 210, 210, 210, 210] [50, 50, 50, 70, 90, 110, 130] [589, 63] 7 1
[270, 250, 230, 210, 210, 210, 210] [50, 50, 50, 50, 70, 90, 110] [589, 63] 7 1
[290, 270, 250, 230, 210, 210, 210] [50, 50, 50, 50, 50, 70, 90] [589, 63] 7 1
[310, 290, 270, 250, 230, 210, 210] [50, 50, 50, 50, 50, 50, 70] [589, 63] 7 1
[330, 310, 290, 270, 250, 230, 210] [50, 50, 50, 50, 50, 50, 50] [589, 63] 7 1
[350, 330, 310, 290, 270, 250, 230] [50, 50, 50, 50, 50, 50, 50] [589, 63] 7 1
[370, 350, 330, 310, 290, 270, 250] [50, 50, 50, 50, 50, 50, 50] [589, 63] 7 1
[390, 370, 350, 330, 310, 290, 270] [50, 50, 50, 50, 50, 50, 50] [589, 63] 7 1
[410, 390, 370, 350, 330, 310, 290] [50, 50, 50, 50, 50, 50, 50] [589, 63] 7 1
[430, 410, 390, 370, 350, 330, 310] [50, 50, 50, 50, 50, 50, 50] [589, 63] 7 1
[450, 430, 410, 390, 370, 350, 330] [50, 50, 50, 50, 50, 50, 50] [589, 63] 7 1
[470, 450, 430, 410, 390, 370, 350] [50, 50, 50, 50, 50, 50, 50] [589, 63] 7 1
[490, 470, 450, 430, 410, 390, 370] [50, 50, 50, 50, 50, 50, 50] [589, 63] 7 1
[510, 490, 470, 450, 430, 410, 390] [50, 50, 50, 50, 50, 50, 50] [589, 63] 7 1
[530, 510, 490, 470, 450, 430, 410] [50, 50, 50, 50, 50, 50, 50] [589, 63] 7 1
[550, 530, 510, 490, 470, 450, 430] [50, 50, 50, 50, 50, 50, 50] [589, 63] 7 1
[570, 550, 530, 510, 490, 470, 450] [50, 50, 50, 50, 50, 50, 50] [589, 63] 7 1
[570, 570, 550, 530, 510, 490, 470, 450] [70, 50, 50, 50, 50, 50, 50, 50] [41, 456] 8 0
[570, 570, 570, 550, 530, 510, 490, 470] [90, 70, 50, 50, 50, 50, 50, 50] [41, 456] 8 0
[570, 570, 570, 570, 550, 530, 510, 490] [110, 90, 70, 50, 50, 50, 50, 50] [41, 456] 8 0
[570, 570, 570, 570, 570, 550, 530, 510] [130, 110, 90, 70, 50, 50, 50, 50] [41, 456] 8 0
[570, 570, 570, 570, 570, 570, 550, 530] [150, 130, 110, 90, 70, 50, 50, 50] [41, 456] 8 0
[570, 570, 570, 570, 570, 570, 570, 550] [170, 150, 130, 110, 90, 70, 50, 50] [41, 456] 8 0
[570, 570, 570, 570, 570, 570, 570, 570] [190, 170, 150, 130, 110, 90, 70, 50] [41, 456] 8 0
[570, 570, 570, 570, 570, 570, 570, 570] [210, 190, 170, 150, 130, 110, 90, 70] [41, 456] 8 0
[570, 570, 570, 570, 570, 570, 570, 570] [230, 210, 190, 170, 150, 130, 110, 90] [41, 456] 8 0
[570, 570, 570, 570, 570, 570, 570, 570] [250, 230, 210, 190, 170, 150, 130, 110] [41, 456] 8 0
[570, 570, 570, 570, 570, 570, 570, 570] [270, 250, 230, 210, 190, 170, 150, 130] [41, 456] 8 0
[570, 570, 570, 570, 570, 570, 570, 570] [290, 270, 250, 230, 210, 190, 170, 150] [41, 456] 8 0
[570, 570, 570, 570, 570, 570, 570, 570] [310, 290, 270, 250, 230, 210, 190, 170] [41, 456] 8 0
[570, 570, 570, 570, 570, 570, 570, 570] [330, 310, 290, 270, 250, 230, 210, 190] [41, 456] 8 0
[570, 570, 570, 570, 570, 570, 570, 570] [350, 330, 310, 290, 270, 250, 230, 210] [41, 456] 8 0
[570, 570, 570, 570, 570, 570, 570, 570] [370, 350, 330, 310, 290, 270, 250, 230] [41, 456] 8 0
[570, 570, 570, 570, 570, 570, 570, 570] [390, 370, 350, 330, 310, 290, 270, 250] [41, 456] 8 0
[570, 570, 570, 570, 570, 570, 570, 570] [410, 390, 370, 350, 330, 310, 290, 270] [41, 456] 8 0
[570, 570, 570, 570, 570, 570, 570, 570] [430, 410, 390, 370, 350, 330, 310, 290] [41, 456] 8 0
[570, 570, 570, 570, 570, 570, 570, 570] [450, 430, 410, 390, 370, 350, 330, 310] [41, 456] 8 0
[550, 570, 570, 570, 570, 570, 570, 570] [450, 450, 430, 410, 390, 370, 350, 330] [41, 456] 8 3
[530, 550, 570, 570, 570, 570, 570, 570] [450, 450, 450, 430, 410, 390, 370, 350] [41, 456] 8 3
[510, 530, 550, 570, 570, 570, 570, 570] [450, 450, 450, 450, 430, 410, 390, 370] [41, 456] 8 3
[490, 510, 530, 550, 570, 570, 570, 570] [450, 450, 450, 450, 450, 430, 410, 390] [41, 456] 8 3
[470, 490, 510, 530, 550, 570, 570, 570] [450, 450, 450, 450, 450, 450, 430, 410] [41, 456] 8 3
[450, 470, 490, 510, 530, 550, 570, 570] [450, 450, 450, 450, 450, 450, 450, 430] [41, 456] 8 3
[430, 450, 470, 490, 510, 530, 550, 570] [450, 450, 450, 450, 450, 450, 450, 450] [41, 456] 8 3
[410, 430, 450, 470, 490, 510, 530, 550] [450, 450, 450, 450, 450, 450, 450, 450] [41, 456] 8 3
[390, 410, 430, 450, 470, 490, 510, 530] [450, 450, 450, 450, 450, 450, 450, 450] [41, 456] 8 3
[370, 390, 410, 430, 450, 470, 490, 510] [450, 450, 450, 450, 450, 450, 450, 450] [41, 456] 8 3
[350, 370, 390, 410, 430, 450, 470, 490] [450, 450, 450, 450, 450, 450, 450, 450] [41, 456] 8 3
[330, 350, 370, 390, 410, 430, 450, 470] [450, 450, 450, 450, 450, 450, 450, 450] [41, 456] 8 3
[310, 330, 350, 370, 390, 410, 430, 450] [450, 450, 450, 450, 450, 450, 450, 450] [41, 456] 8 3
[290, 310, 330, 350, 370, 390, 410, 430] [450, 450, 450, 450, 450, 450, 450, 450] [41, 456] 8 3
[270, 290, 310, 330, 350, 370, 390, 410] [450, 450, 450, 450, 450, 450, 450, 450] [41, 456] 8 3
[250, 270, 290, 310, 330, 350, 370, 390] [450, 450, 450, 450, 450, 450, 450, 450] [41, 456] 8 3
[230, 250, 270, 290, 310, 330, 350, 370] [450, 450, 450, 450, 450, 450, 450, 450] [41, 456] 8 3
[210, 230, 250, 270, 290, 310, 330, 350] [450, 450, 450, 450, 450, 450, 450, 450] [41, 456] 8 3
[190, 210, 230, 250, 270, 290, 310, 330] [450, 450, 450, 450, 450, 450, 450, 450] [41, 456] 8 3
[170, 190, 210, 230, 250, 270, 290, 310] [450, 450, 450, 450, 450, 450, 450, 450] [41, 456] 8 3
[150, 170, 190, 210, 230, 250, 270, 290] [450, 450, 450, 450, 450, 450, 450, 450] [41, 456] 8 3
[130, 150, 170, 190, 210, 230, 250, 270] [450, 450, 450, 450, 450, 450, 450, 450] [41, 456] 8 3
[110, 130, 150, 170, 190, 210, 230, 250] [450, 450, 450, 450, 450, 450, 450, 450] [41, 456] 8 3
[90, 110, 130, 150, 170, 190, 210, 230] [450, 450, 450, 450, 450, 450, 450, 450] [41, 456] 8 3
[70, 90, 110, 130, 150, 170, 190, 210] [450, 450, 450, 450, 450, 450, 450, 450] [41, 456] 8 3
[50, 70, 90, 110, 130, 150, 170, 190] [450, 450, 450, 450, 450, 450, 450, 450] [41, 456] 8 3
[30, 50, 70, 90, 110, 130, 150, 170, 190] [450, 450, 450, 450, 450, 450, 450, 450, 450] [177, 356] 9 3
[30, 30, 50, 70, 90, 110, 130, 150, 170] [430, 450, 450, 450, 450, 450, 450, 450, 450] [177, 356] 9 2
[30, 30, 30, 50, 70, 90, 110, 130, 150] [410, 430, 450, 450, 450, 450, 450, 450, 450] [177, 356] 9 2
[30, 30, 30, 30, 50, 70, 90, 110, 130] [390, 410, 430, 450, 450, 450, 450, 450, 450] [177, 356] 9 2
[30, 30, 30, 30, 30, 50, 70, 90, 110] [370, 390, 410, 430, 450, 450, 450, 450, 450] [177, 356] 9 2
[30, 30, 30, 30, 30, 30, 50, 70, 90] [350, 370, 390, 410, 430, 450, 450, 450, 450] [177, 356] 9 2
[50, 30, 30, 30, 30, 30, 30, 50, 70] [350, 350, 370, 390, 410, 430, 450, 450, 450] [177, 356] 9 1
[70, 50, 30, 30, 30, 30, 30, 30, 50] [350, 350, 350, 370, 390, 410, 430, 450, 450] [177, 356] 9 1
[90, 70, 50, 30, 30, 30, 30, 30, 30] [350, 350, 350, 350, 370, 390, 410, 430, 450] [177, 356] 9 1
[110, 90, 70, 50, 30, 30, 30, 30, 30] [350, 350, 350, 350, 350, 370, 390, 410, 430] [177, 356] 9 1
[130, 110, 90, 70, 50, 30, 30, 30, 30] [350, 350, 350, 350, 350, 350, 370, 390, 410] [177, 356] 9 1
[150, 130, 110, 90, 70, 50, 30, 30, 30] [350, 350, 350, 350, 350, 350, 350, 370, 390] [177, 356] 9 1
[170, 150, 130, 110, 90, 70, 50, 30, 30] [350, 350, 350, 350, 350, 350, 350, 350, 370] [177, 356] 9 1
[190, 170, 150, 130, 110, 90, 70, 50, 30, 30] [350, 350, 350, 350, 350, 350, 350, 350, 350, 370] [38, 589] 10 1
[190, 190, 170, 150, 130, 110, 90, 70, 50, 30] [370, 350, 350, 350, 350, 350, 350, 350, 350, 350] [38, 589] 10 0
[190, 190, 190, 170, 150, 130, 110, 90, 70, 50] [390, 370, 350, 350, 350, 350, 350, 350, 350, 350] [38, 589] 10 0
[190, 190, 190, 190, 170, 150, 130, 110, 90, 70] [410, 390, 370, 350, 350, 350, 350, 350, 350, 350] [38, 589] 10 0
[190, 190, 190, 190, 190, 170, 150, 130, 110, 90] [430, 410, 390, 370, 350, 350, 350, 350, 350, 350] [38, 589] 10 0
[190, 190, 190, 190, 190, 190, 170, 150, 130, 110] [450, 430, 410, 390, 370, 350, 350, 350, 350, 350] [38, 589] 10 0
[190, 190, 190, 190, 190, 190, 190, 170, 150, 130] [470, 450, 430, 410, 390, 370, 350, 350, 350, 350] [38, 589] 10 0
[190, 190, 190, 190, 190, 190, 190, 190, 170, 150] [490, 470, 450, 430, 410, 390, 370, 350, 350, 350] [38, 589] 10 0
[190, 190, 190, 190, 190, 190, 190, 190, 190, 170] [510, 490, 470, 450, 430, 410, 390, 370, 350, 350] [38, 589] 10 0
[190, 190, 190, 190, 190, 190, 190, 190, 190, 190] [530, 510, 490, 470, 450, 430, 410, 390, 370, 350] [38, 589] 10 0
[190, 190, 190, 190, 190, 190, 190, 190, 190, 190] [550, 530, 510, 490, 470, 450, 430, 410, 390, 370] [38, 589] 10 0
[190, 190, 190, 190, 190, 190, 190, 190, 190, 190] [570, 550, 530, 510, 490, 470, 450, 430, 410, 390] [38, 589] 10 0
[170, 190, 190, 190, 190, 190, 190, 190, 190, 190] [570, 570, 550, 530, 510, 490, 470, 450, 430, 410] [38, 589] 10 3
[150, 170, 190, 190, 190, 190, 190, 190, 190, 190] [570, 570, 570, 550, 530, 510, 490, 470, 450, 430] [38, 589] 10 3
[130, 150, 170, 190, 190, 190, 190, 190, 190, 190] [570, 570, 570, 570, 550, 530, 510, 490, 470, 450] [38, 589] 10 3
[110, 130, 150, 170, 190, 190, 190, 190, 190, 190] [570, 570, 570, 570, 570, 550, 530, 510, 490, 470] [38, 589] 10 3
[90, 110, 130, 150, 170, 190, 190, 190, 190, 190] [570, 570, 570, 570, 570, 570, 550, 530, 510, 490] [38, 589] 10 3
[70, 90, 110, 130, 150, 170, 190, 190, 190, 190] [570, 570, 570, 570, 570, 570, 570, 550, 530, 510] [38, 589] 10 3
[50, 70, 90, 110, 130, 150, 170, 190, 190, 190] [570, 570, 570, 570, 570, 570, 570, 570, 550, 530] [38, 589] 10 3
[30, 50, 70, 90, 110, 130, 150, 170, 190, 190] [570, 570, 570, 570, 570, 570, 570, 570, 570, 550] [38, 589] 10 3
[30, 30, 50, 70, 90, 110, 130, 150, 170, 190, 190] [550, 570, 570, 570, 570, 570, 570, 570, 570, 570, 550] [448, 82] 11 2
[30, 30, 30, 50, 70, 90, 110, 130, 150, 170, 190] [530, 550, 570, 570, 570, 570, 570, 570, 570, 570, 570] [448, 82] 11 2
[30, 30, 30, 30, 50, 70, 90, 110, 130, 150, 170] [510, 530, 550, 570, 570, 570, 570, 570, 570, 570, 570] [448, 82] 11 2
[30, 30, 30, 30, 30, 50, 70, 90, 110, 130, 150] [490, 510, 530, 550, 570, 570, 570, 570, 570, 570, 570] [448, 82] 11 2
[30, 30, 30, 30, 30, 30, 50, 70, 90, 110, 130] [470, 490, 510, 530, 550, 570, 570, 570, 570, 570, 570] [448, 82] 11 2
[30, 30, 30, 30, 30, 30, 30, 50, 70, 90, 110] [450, 470, 490, 510, 530, 550, 570, 570, 570, 570, 570] [448, 82] 11 2
[30, 30, 30, 30, 30, 30, 30, 30, 50, 70, 90] [430, 450, 470, 490, 510, 530, 550, 570, 570, 570, 570] [448, 82] 11 2
[30, 30, 30, 30, 30, 30, 30, 30, 30, 50, 70] [410, 430, 450, 470, 490, 510, 530, 550, 570, 570, 570] [448, 82] 11 2
[30, 30, 30, 30, 30, 30, 30, 30, 30, 30, 50] [390, 410, 430, 450, 470, 490, 510, 530, 550, 570, 570] [448, 82] 11 2
[30, 30, 30, 30, 30, 30, 30, 30, 30, 30, 30] [370, 390, 410, 430, 450, 470, 490, 510, 530, 550, 570] [448, 82] 11 2
[30, 30, 30, 30, 30, 30, 30, 30, 30, 30, 30] [350, 370, 390, 410, 430, 450, 470, 490, 510, 530, 550] [448, 82] 11 2
[30, 30, 30, 30, 30, 30, 30, 30, 30, 30, 30] [330, 350, 370, 390, 410, 430, 450, 470, 490, 510, 530] [448, 82] 11 2
[30, 30, 30, 30, 30, 30, 30, 30, 30, 30, 30] [310, 330, 350, 370, 390, 410, 430, 450, 470, 490, 510] [448, 82] 11 2
[30, 30, 30, 30, 30, 30, 30, 30, 30, 30, 30] [290, 310, 330, 350, 370, 390, 410, 430, 450, 470, 490] [448, 82] 11 2
[30, 30, 30, 30, 30, 30, 30, 30, 30, 30, 30] [270, 290, 310, 330, 350, 370, 390, 410, 430, 450, 470] [448, 82] 11 2
[30, 30, 30, 30, 30, 30, 30, 30, 30, 30, 30] [250, 270, 290, 310, 330, 350, 370, 390, 410, 430, 450] [448, 82] 11 2
[30, 30, 30, 30, 30, 30, 30, 30, 30, 30, 30] [230, 250, 270, 290, 310, 330, 350, 370, 390, 410, 430] [448, 82] 11 2
[30, 30, 30, 30, 30, 30, 30, 30, 30, 30, 30] [210, 230, 250, 270, 290, 310, 330, 350, 370, 390, 410] [448, 82] 11 2
[30, 30, 30, 30, 30, 30, 30, 30, 30, 30, 30] [190, 210, 230, 250, 270, 290, 310, 330, 350, 370, 390] [448, 82] 11 2
[30, 30, 30, 30, 30, 30, 30, 30, 30, 30, 30] [170, 190, 210, 230, 250, 270, 290, 310, 330, 350, 370] [448, 82] 11 2
[30, 30, 30, 30, 30, 30, 30, 30, 30, 30, 30] [150, 170, 190, 210, 230, 250, 270, 290, 310, 330, 350] [448, 82] 11 2
[30, 30, 30, 30, 30, 30, 30, 30, 30, 30, 30] [130, 150, 170, 190, 210, 230, 250, 270, 290, 310, 330] [448, 82] 11 2
[30, 30, 30, 30, 30, 30, 30, 30, 30, 30, 30] [110, 130, 150, 170, 190, 210, 230, 250, 270, 290, 310] [448, 82] 11 2
[30, 30, 30, 30, 30, 30, 30, 30, 30, 30, 30] [90, 110, 130, 150, 170, 190, 210, 230, 250, 270, 290] [448, 82] 11 2
[30, 30, 30, 30, 30, 30, 30, 30, 30, 30, 30] [70, 90, 110, 130, 150, 170, 190, 210, 230, 250, 270] [448, 82] 11 2
[50, 30, 30, 30, 30, 30, 30, 30, 30, 30, 30] [70, 70, 90, 110, 130, 150, 170, 190, 210, 230, 250] [448, 82] 11 1
[70, 50, 30, 30, 30, 30, 30, 30, 30, 30, 30] [70, 70, 70, 90, 110, 130, 150, 170, 190, 210, 230] [448, 82] 11 1
[90, 70, 50, 30, 30, 30, 30, 30, 30, 30, 30] [70, 70, 70, 70, 90, 110, 130, 150, 170, 190, 210] [448, 82] 11 1
[110, 90, 70, 50, 30, 30, 30, 30, 30, 30, 30] [70, 70, 70, 70, 70, 90, 110, 130, 150, 170, 190] [448, 82] 11 1
[130, 110, 90, 70, 50, 30, 30, 30, 30, 30, 30] [70, 70, 70, 70, 70, 70, 90, 110, 130, 150, 170] [448, 82] 11 1
[150, 130, 110, 90, 70, 50, 30, 30, 30, 30, 30] [70, 70, 70, 70, 70, 70, 70, 90, 110, 130, 150] [448, 82] 11 1
[170, 150, 130, 110, 90, 70, 50, 30, 30, 30, 30] [70, 70, 70, 70, 70, 70, 70, 70, 90, 110, 130] [448, 82] 11 1
[190, 170, 150, 130, 110, 90, 70, 50, 30, 30, 30] [70, 70, 70, 70, 70, 70, 70, 70, 70, 90, 110] [448, 82] 11 1
[210, 190, 170, 150, 130, 110, 90, 70, 50, 30, 30] [70, 70, 70, 70, 70, 70, 70, 70, 70, 70, 90] [448, 82] 11 1
[230, 210, 190, 170, 150, 130, 110, 90, 70, 50, 30] [70, 70, 70, 70, 70, 70, 70, 70, 70, 70, 70] [448, 82] 11 1
[250, 230, 210, 190, 170, 150, 130, 110, 90, 70, 50] [70, 70, 70, 70, 70, 70, 70, 70, 70, 70, 70] [448, 82] 11 1
[270, 250, 230, 210, 190, 170, 150, 130, 110, 90, 70] [70, 70, 70, 70, 70, 70, 70, 70, 70, 70, 70] [448, 82] 11 1
[290, 270, 250, 230, 210, 190, 170, 150, 130, 110, 90] [70, 70, 70, 70, 70, 70, 70, 70, 70, 70, 70] [448, 82] 11 1
[310, 290, 270, 250, 230, 210, 190, 170, 150, 130, 110] [70, 70, 70, 70, 70, 70, 70, 70, 70, 70, 70] [448, 82] 11 1
[330, 310, 290, 270, 250, 230, 210, 190, 170, 150, 130] [70, 70, 70, 70, 70, 70, 70, 70, 70, 70, 70] [448, 82] 11 1
[350, 330, 310, 290, 270, 250, 230, 210, 190, 170, 150] [70, 70, 70, 70, 70, 70, 70, 70, 70, 70, 70] [448, 82] 11 1
[370, 350, 330, 310, 290, 270, 250, 230, 210, 190, 170] [70, 70, 70, 70, 70, 70, 70, 70, 70, 70, 70] [448, 82] 11 1
[390, 370, 350, 330, 310, 290, 270, 250, 230, 210, 190] [70, 70, 70, 70, 70, 70, 70, 70, 70, 70, 70] [448, 82] 11 1
[410, 390, 370, 350, 330, 310, 290, 270, 250, 230, 210] [70, 70, 70, 70, 70, 70, 70, 70, 70, 70, 70] [448, 82] 11 1
[430, 410, 390, 370, 350, 330, 310, 290, 270, 250, 230] [70, 70, 70, 70, 70, 70, 70, 70, 70, 70, 70] [448, 82] 11 1
[450, 430, 410, 390, 370, 350, 330, 310, 290, 270, 250, 230] [70, 70, 70, 70, 70, 70, 70, 70, 70, 70, 70, 70] [442, 181] 12 1
[450, 450, 430, 410, 390, 370, 350, 330, 310, 290, 270, 250] [90, 70, 70, 70, 70, 70, 70, 70, 70, 70, 70, 70] [442, 181] 12 0
[450, 450, 450, 430, 410, 390, 370, 350, 330, 310, 290, 270] [110, 90, 70, 70, 70, 70, 70, 70, 70, 70, 70, 70] [442, 181] 12 0
[450, 450, 450, 450, 430, 410, 390, 370, 350, 330, 310, 290] [130, 110, 90, 70, 70, 70, 70, 70, 70, 70, 70, 70] [442, 181] 12 0
[450, 450, 450, 450, 450, 430, 410, 390, 370, 350, 330, 310] [150, 130, 110, 90, 70, 70, 70, 70, 70, 70, 70, 70] [442, 181] 12 0
[450, 450, 450, 450, 450, 450, 430, 410, 390, 370, 350, 330] [170, 150, 130, 110, 90, 70, 70, 70, 70, 70, 70, 70] [442, 181] 12 0
[450, 450, 450, 450, 450, 450, 450, 430, 410, 390, 370, 350, 330] [190, 170, 150, 130, 110, 90, 70, 70, 70, 70, 70, 70, 70] [169, 132] 13 0
[430, 450, 450, 450, 450, 450, 450, 450, 430, 410, 390, 370, 350] [190, 190, 170, 150, 130, 110, 90, 70, 70, 70, 70, 70, 70] [169, 132] 13 3
[410, 430, 450, 450, 450, 450, 450, 450, 450, 430, 410, 390, 370] [190, 190, 190, 170, 150, 130, 110, 90, 70, 70, 70, 70, 70] [169, 132] 13 3
[390, 410, 430, 450, 450, 450, 450, 450, 450, 450, 430, 410, 390] [190, 190, 190, 190, 170, 150, 130, 110, 90, 70, 70, 70, 70] [169, 132] 13 3
[370, 390, 410, 430, 450, 450, 450, 450, 450, 450, 450, 430, 410] [190, 190, 190, 190, 190, 170, 150, 130, 110, 90, 70, 70, 70] [169, 132] 13 3
[350, 370, 390, 410, 430, 450, 450, 450, 450, 450, 450, 450, 430] [190, 190, 190, 190, 190, 190, 170, 150, 130, 110, 90, 70, 70] [169, 132] 13 3
[330, 350, 370, 390, 410, 430, 450, 450, 450, 450, 450, 450, 450] [190, 190, 190, 190, 190, 190, 190, 170, 150, 130, 110, 90, 70] [169, 132] 13 3
[310, 330, 350, 370, 390, 410, 430, 450, 450, 450, 450, 450, 450] [190, 190, 190, 190, 190, 190, 190, 190, 170, 150, 130, 110, 90] [169, 132] 13 3
[290, 310, 330, 350, 370, 390, 410, 430, 450, 450, 450, 450, 450] [190, 190, 190, 190, 190, 190, 190, 190, 190, 170, 150, 130, 110] [169, 132] 13 3
[270, 290, 310, 330, 350, 370, 390, 410, 430, 450, 450, 450, 450] [190, 190, 190, 190, 190, 190, 190, 190, 190, 190, 170, 150, 130] [169, 132] 13 3
[250, 270, 290, 310, 330, 350, 370, 390, 410, 430, 450, 450, 450] [190, 190, 190, 190, 190, 190, 190, 190, 190, 190, 190, 170, 150] [169, 132] 13 3
[230, 250, 270, 290, 310, 330, 350, 370, 390, 410, 430, 450, 450] [190, 190, 190, 190, 190, 190, 190, 190, 190, 190, 190, 190, 170] [169, 132] 13 3
[210, 230, 250, 270, 290, 310, 330, 350, 370, 390, 410, 430, 450] [190, 190, 190, 190, 190, 190, 190, 190, 190, 190, 190, 190, 190] [169, 132] 13 3
[190, 210, 230, 250, 270, 290, 310, 330, 350, 370, 390, 410, 430] [190, 190, 190, 190, 190, 190, 190, 190, 190, 190, 190, 190, 190] [169, 132] 13 3
[170, 190, 210, 230, 250, 270, 290, 310, 330, 350, 370, 390, 410] [190, 190, 190, 190, 190, 190, 190, 190, 190, 190, 190, 190, 190] [169, 132] 13 3
[170, 170, 190, 210, 230, 250, 270, 290, 310, 330, 350, 370, 390] [170, 190, 190, 190, 190, 190, 190, 190, 190, 190, 190, 190, 190] [169, 132] 13 2
[170, 170, 170, 190, 210, 230, 250, 270, 290, 310, 330, 350, 370] [150, 170, 190, 190, 190, 190, 190, 190, 190, 190, 190, 190, 190] [169, 132] 13 2
[170, 170, 170, 170, 190, 210, 230, 250, 270, 290, 310, 330, 350] [130, 150, 170, 190, 190, 190, 190, 190, 190, 190, 190, 190, 190] [169, 132] 13 2
