[290, 290, 290, 290, 290] [290, 270, 250, 230, 210] [125, 496] 5 0
[290, 290, 290, 290, 290] [310, 290, 270, 250, 230] [125, 496] 5 0
[290, 290, 290, 290, 290] [330, 310, 290, 270, 250] [125, 496] 5 0
[290, 290, 290, 290, 290] [350, 330, 310, 290, 270] [125, 496] 5 0
[290, 290, 290, 290, 290] [370, 350, 330, 310, 290] [125, 496] 5 0
[290, 290, 290, 290, 290] [390, 370, 350, 330, 310] [125, 496] 5 0
[290, 290, 290, 290, 290] [410, 390, 370, 350, 330] [125, 496] 5 0
[290, 290, 290, 290, 290] [430, 410, 390, 370, 350] [125, 496] 5 0
[290, 290, 290, 290, 290] [450, 430, 410, 390, 370] [125, 496] 5 0
[290, 290, 290, 290, 290] [470, 450, 430, 410, 390] [125, 496] 5 0
[290, 290, 290, 290, 290] [490, 470, 450, 430, 410] [125, 496] 5 0
[270, 290, 290, 290, 290] [490, 490, 470, 450, 430] [125, 496] 5 3
[250, 270, 290, 290, 290] [490, 490, 490, 470, 450] [125, 496] 5 3
[230, 250, 270, 290, 290] [490, 490, 490, 490, 470] [125, 496] 5 3
[210, 230, 250, 270, 290] [490, 490, 490, 490, 490] [125, 496] 5 3
[190, 210, 230, 250, 270] [490, 490, 490, 490, 490] [125, 496] 5 3
[170, 190, 210, 230, 250] [490, 490, 490, 490, 490] [125, 496] 5 3
[150, 170, 190, 210, 230] [490, 490, 490, 490, 490] [125, 496] 5 3
[130, 150, 170, 190, 210] [490, 490, 490, 490, 490] [125, 496] 5 3
[110, 130, 150, 170, 190, 210] [490, 490, 490, 490, 490, 490] [224, 68] 6 3
[110, 110, 130, 150, 170, 190] [470, 490, 490, 490, 490, 490] [224, 68] 6 2
[110, 110, 110, 130, 150, 170] [450, 470, 490, 490, 490, 490] [224, 68] 6 2
[110, 110, 110, 110, 130, 150] [430, 450, 470, 490, 490, 490] [224, 68] 6 2
[110, 110, 110, 110, 110, 130] [410, 430, 450, 470, 490, 490] [224, 68] 6 2
[110, 110, 110, 110, 110, 110] [390, 410, 430, 450, 470, 490] [224, 68] 6 2
[110, 110, 110, 110, 110, 110] [370, 390, 410, 430, 450, 470] [224, 68] 6 2
[110, 110, 110, 110, 110, 110] [350, 370, 390, 410, 430, 450] [224, 68] 6 2
[110, 110, 110, 110, 110, 110] [330, 350, 370, 390, 410, 430] [224, 68] 6 2
[110, 110, 110, 110, 110, 110] [310, 330, 350, 370, 390, 410] [224, 68] 6 2
[110, 110, 110, 110, 110, 110] [290, 310, 330, 350, 370, 390] [224, 68] 6 2
[110, 110, 110, 110, 110, 110] [270, 290, 310, 330, 350, 370] [224, 68] 6 2
[110, 110, 110, 110, 110, 110] [250, 270, 290, 310, 330, 350] [224, 68] 6 2
[110, 110, 110, 110, 110, 110] [230, 250, 270, 290, 310, 330] [224, 68] 6 2
[110, 110, 110, 110, 110, 110] [210, 230, 250, 270, 290, 310] [224, 68] 6 2
[110, 110, 110, 110, 110, 110] [190, 210, 230, 250, 270, 290] [224, 68] 6 2
[110, 110, 110, 110, 110, 110] [170, 190, 210, 230, 250, 270] [224, 68] 6 2
[110, 110, 110, 110, 110, 110] [150, 170, 190, 210, 230, 250] [224, 68] 6 2
[110, 110, 110, 110, 110, 110] [130, 150, 170, 190, 210, 230] [224, 68] 6 2
[110, 110, 110, 110, 110, 110] [110, 130, 150, 170, 190, 210] [224, 68] 6 2
[110, 110, 110, 110, 110, 110] [90, 110, 130, 150, 170, 190] [224, 68] 6 2
[110, 110, 110, 110, 110, 110] [70, 90, 110, 130, 150, 170] [224, 68] 6 2
[130, 110, 110, 110, 110, 110] [70, 70, 90, 110, 130, 150] [224, 68] 6 1
[150, 130, 110, 110, 110, 110] [70, 70, 70, 90, 110, 130] [224, 68] 6 1
[170, 150, 130, 110, 110, 110] [70, 70, 70, 70, 90, 110] [224, 68] 6 1
[190, 170, 150, 130, 110, 110] [70, 70, 70, 70, 70, 90] [224, 68] 6 1
[210, 190, 170, 150, 130, 110] [70, 70, 70, 70, 70, 70] [224, 68] 6 1
[230, 210, 190, 170, 150, 130, 110] [70, 70, 70, 70, 70, 70, 70] [517, 56] 7 1
[250, 230, 210, 190, 170, 150, 130] [70, 70, 70, 70, 70, 70, 70] [517, 56] 7 1
[270, 250, 230, 210, 190, 170, 150] [70, 70, 70, 70, 70, 70, 70] [517, 56] 7 1
[290, 270, 250, 230, 210, 190, 170] [70, 70, 70, 70, 70, 70, 70] [517, 56] 7 1
[310, 290, 270, 250, 230, 210, 190] [70, 70, 70, 70, 70, 70, 70] [517, 56] 7 1
[330, 310, 290, 270, 250, 230, 210] [70, 70, 70, 70, 70, 70, 70] [517, 56] 7 1
[350, 330, 310, 290, 270, 250, 230] [70, 70, 70, 70, 70, 70, 70] [517, 56] 7 1
[370, 350, 330, 310, 290, 270, 250] [70, 70, 70, 70, 70, 70, 70] [517, 56] 7 1
[390, 370, 350, 330, 310, 290, 270] [70, 70, 70, 70, 70, 70, 70] [517, 56] 7 1
[410, 390, 370, 350, 330, 310, 290] [70, 70, 70, 70, 70, 70, 70] [517, 56] 7 1
[430, 410, 390, 370, 350, 330, 310] [70, 70, 70, 70, 70, 70, 70] [517, 56] 7 1
[450, 430, 410, 390, 370, 350, 330] [70, 70, 70, 70, 70, 70, 70] [517, 56] 7 1
[450, 450, 430, 410, 390, 370, 350] [50, 70, 70, 70, 70, 70, 70] [517, 56] 7 2
[470, 450, 450, 430, 410, 390, 370] [50, 50, 70, 70, 70, 70, 70] [517, 56] 7 1
[490, 470, 450, 450, 430, 410, 390] [50, 50, 50, 70, 70, 70, 70] [517, 56] 7 1
[510, 490, 470, 450, 450, 430, 410] [50, 50, 50, 50, 70, 70, 70] [517, 56] 7 1
[530, 510, 490, 470, 450, 450, 430, 410] [50, 50, 50, 50, 50, 70, 70, 70] [118, 516] 8 1
[530, 530, 510, 490, 470, 450, 450, 430] [70, 50, 50, 50, 50, 50, 70, 70] [118, 516] 8 0
[530, 530, 530, 510, 490, 470, 450, 450] [90, 70, 50, 50, 50, 50, 50, 70] [118, 516] 8 0
[530, 530, 530, 530, 510, 490, 470, 450] [110, 90, 70, 50, 50, 50, 50, 50] [118, 516] 8 0
[530, 530, 530, 530, 530, 510, 490, 470] [130, 110, 90, 70, 50, 50, 50, 50] [118, 516] 8 0
[530, 530, 530, 530, 530, 530, 510, 490] [150, 130, 110, 90, 70, 50, 50, 50] [118, 516] 8 0
[530, 530, 530, 530, 530, 530, 530, 510] [170, 150, 130, 110, 90, 70, 50, 50] [118, 516] 8 0
[530, 530, 530, 530, 530, 530, 530, 530] [190, 170, 150, 130, 110, 90, 70, 50] [118, 516] 8 0
[530, 530, 530, 530, 530, 530, 530, 530] [210, 190, 170, 150, 130, 110, 90, 70] [118, 516] 8 0
[530, 530, 530, 530, 530, 530, 530, 530] [230, 210, 190, 170, 150, 130, 110, 90] [118, 516] 8 0
[530, 530, 530, 530, 530, 530, 530, 530] [250, 230, 210, 190, 170, 150, 130, 110] [118, 516] 8 0
[530, 530, 530, 530, 530, 530, 530, 530] [270, 250, 230, 210, 190, 170, 150, 130] [118, 516] 8 0
[530, 530, 530, 530, 530, 530, 530, 530] [290, 270, 250, 230, 210, 190, 170, 150] [118, 516] 8 0
[530, 530, 530, 530, 530, 530, 530, 530] [310, 290, 270, 250, 230, 210, 190, 170] [118, 516] 8 0
[530, 530, 530, 530, 530, 530, 530, 530] [330, 310, 290, 270, 250, 230, 210, 190] [118, 516] 8 0
[530, 530, 530, 530, 530, 530, 530, 530] [350, 330, 310, 290, 270, 250, 230, 210] [118, 516] 8 0
[530, 530, 530, 530, 530, 530, 530, 530] [370, 350, 330, 310, 290, 270, 250, 230] [118, 516] 8 0
[530, 530, 530, 530, 530, 530, 530, 530] [390, 370, 350, 330, 310, 290, 270, 250] [118, 516] 8 0
[530, 530, 530, 530, 530, 530, 530, 530] [410, 390, 370, 350, 330, 310, 290, 270] [118, 516] 8 0
[530, 530, 530, 530, 530, 530, 530, 530] [430, 410, 390, 370, 350, 330, 310, 290] [118, 516] 8 0
[530, 530, 530, 530, 530, 530, 530, 530] [450, 430, 410, 390, 370, 350, 330, 310] [118, 516] 8 0
[530, 530, 530, 530, 530, 530, 530, 530] [470, 450, 430, 410, 390, 370, 350, 330] [118, 516] 8 0
[530, 530, 530, 530, 530, 530, 530, 530] [490, 470, 450, 430, 410, 390, 370, 350] [118, 516] 8 0
[530, 530, 530, 530, 530, 530, 530, 530] [510, 490, 470, 450, 430, 410, 390, 370] [118, 516] 8 0
[510, 530, 530, 530, 530, 530, 530, 530] [510, 510, 490, 470, 450, 430, 410, 390] [118, 516] 8 3
[490, 510, 530, 530, 530, 530, 530, 530] [510, 510, 510, 490, 470, 450, 430, 410] [118, 516] 8 3
[470, 490, 510, 530, 530, 530, 530, 530] [510, 510, 510, 510, 490, 470, 450, 430] [118, 516] 8 3
[450, 470, 490, 510, 530, 530, 530, 530] [510, 510, 510, 510, 510, 490, 470, 450] [118, 516] 8 3
[430, 450, 470, 490, 510, 530, 530, 530] [510, 510, 510, 510, 510, 510, 490, 470] [118, 516] 8 3
[410, 430, 450, 470, 490, 510, 530, 530] [510, 510, 510, 510, 510, 510, 510, 490] [118, 516] 8 3
[390, 410, 430, 450, 470, 490, 510, 530] [510, 510, 510, 510, 510, 510, 510, 510] [118, 516] 8 3
[370, 390, 410, 430, 450, 470, 490, 510] [510, 510, 510, 510, 510, 510, 510, 510] [118, 516] 8 3
[350, 370, 390, 410, 430, 450, 470, 490] [510, 510, 510, 510, 510, 510, 510, 510] [118, 516] 8 3
[330, 350, 370, 390, 410, 430, 450, 470] [510, 510, 510, 510, 510, 510, 510, 510] [118, 516] 8 3
[310, 330, 350, 370, 390, 410, 430, 450] [510, 510, 510, 510, 510, 510, 510, 510] [118, 516] 8 3
[290, 310, 330, 350, 370, 390, 410, 430] [510, 510, 510, 510, 510, 510, 510, 510] [118, 516] 8 3
[270, 290, 310, 330, 350, 370, 390, 410] [510, 510, 510, 510, 510, 510, 510, 510] [118, 516] 8 3
[250, 270, 290, 310, 330, 350, 370, 390] [510, 510, 510, 510, 510, 510, 510, 510] [118, 516] 8 3
[230, 250, 270, 290, 310, 330, 350, 370] [510, 510, 510, 510, 510, 510, 510, 510] [118, 516] 8 3
[210, 230, 250, 270, 290, 310, 330, 350] [510, 510, 510, 510, 510, 510, 510, 510] [118, 516] 8 3
[190, 210, 230, 250, 270, 290, 310, 330] [510, 510, 510, 510, 510, 510, 510, 510] [118, 516] 8 3
[170, 190, 210, 230, 250, 270, 290, 310] [510, 510, 510, 510, 510, 510, 510, 510] [118, 516] 8 3
[150, 170, 190, 210, 230, 250, 270, 290] [510, 510, 510, 510, 510, 510, 510, 510] [118, 516] 8 3
[130, 150, 170, 190, 210, 230, 250, 270] [510, 510, 510, 510, 510, 510, 510, 510] [118, 516] 8 3
[110, 130, 150, 170, 190, 210, 230, 250] [510, 510, 510, 510, 510, 510, 510, 510] [118, 516] 8 3
[110, 110, 130, 150, 170, 190, 210, 230, 250] [490, 510, 510, 510, 510, 510, 510, 510, 510] [237, 455] 9 2
[110, 110, 110, 130, 150, 170, 190, 210, 230] [470, 490, 510, 510, 510, 510, 510, 510, 510] [237, 455] 9 2
[110, 110, 110, 110, 130, 150, 170, 190, 210] [450, 470, 490, 510, 510, 510, 510, 510, 510] [237, 455] 9 2
[130, 110, 110, 110, 110, 130, 150, 170, 190] [450, 450, 470, 490, 510, 510, 510, 510, 510] [237, 455] 9 1
[150, 130, 110, 110, 110, 110, 130, 150, 170] [450, 450, 450, 470, 490, 510, 510, 510, 510] [237, 455] 9 1
[170, 150, 130, 110, 110, 110, 110, 130, 150] [450, 450, 450, 450, 470, 490, 510, 510, 510] [237, 455] 9 1
[190, 170, 150, 130, 110, 110, 110, 110, 130] [450, 450, 450, 450, 450, 470, 490, 510, 510] [237, 455] 9 1
[210, 190, 170, 150, 130, 110, 110, 110, 110] [450, 450, 450, 450, 450, 450, 470, 490, 510] [237, 455] 9 1
[230, 210, 190, 170, 150, 130, 110, 110, 110] [450, 450, 450, 450, 450, 450, 450, 470, 490] [237, 455] 9 1
[250, 230, 210, 190, 170, 150, 130, 110, 110, 110] [450, 450, 450, 450, 450, 450, 450, 450, 470, 490] [373, 340] 10 1
[270, 250, 230, 210, 190, 170, 150, 130, 110, 110] [450, 450, 450, 450, 450, 450, 450, 450, 450, 470] [373, 340] 10 1
[290, 270, 250, 230, 210, 190, 170, 150, 130, 110] [450, 450, 450, 450, 450, 450, 450, 450, 450, 450] [373, 340] 10 1
[310, 290, 270, 250, 230, 210, 190, 170, 150, 130] [450, 450, 450, 450, 450, 450, 450, 450, 450, 450] [373, 340] 10 1
[330, 310, 290, 270, 250, 230, 210, 190, 170, 150] [450, 450, 450, 450, 450, 450, 450, 450, 450, 450] [373, 340] 10 1
[350, 330, 310, 290, 270, 250, 230, 210, 190, 170] [450, 450, 450, 450, 450, 450, 450, 450, 450, 450] [373, 340] 10 1
[370, 350, 330, 310, 290, 270, 250, 230, 210, 190] [450, 450, 450, 450, 450, 450, 450, 450, 450, 450] [373, 340] 10 1
[370, 370, 350, 330, 310, 290, 270, 250, 230, 210] [430, 450, 450, 450, 450, 450, 450, 450, 450, 450] [373, 340] 10 2
[370, 370, 370, 350, 330, 310, 290, 270, 250, 230] [410, 430, 450, 450, 450, 450, 450, 450, 450, 450] [373, 340] 10 2
[370, 370, 370, 370, 350, 330, 310, 290, 270, 250] [390, 410, 430, 450, 450, 450, 450, 450, 450, 450] [373, 340] 10 2
[370, 370, 370, 370, 370, 350, 330, 310, 290, 270] [370, 390, 410, 430, 450, 450, 450, 450, 450, 450] [373, 340] 10 2
[370, 370, 370, 370, 370, 370, 350, 330, 310, 290] [350, 370, 390, 410, 430, 450, 450, 450, 450, 450] [373, 340] 10 2
[370, 370, 370, 370, 370, 370, 370, 350, 330, 310] [330, 350, 370, 390, 410, 430, 450, 450, 450, 450] [373, 340] 10 2
[370, 370, 370, 370, 370, 370, 370, 370, 350, 330, 310] [310, 330, 350, 370, 390, 410, 430, 450, 450, 450, 450] [547, 168] 11 2
[370, 370, 370, 370, 370, 370, 370, 370, 370, 350, 330] [290, 310, 330, 350, 370, 390, 410, 430, 450, 450, 450] [547, 168] 11 2
[370, 370, 370, 370, 370, 370, 370, 370, 370, 370, 350] [270, 290, 310, 330, 350, 370, 390, 410, 430, 450, 450] [547, 168] 11 2
[370, 370, 370, 370, 370, 370, 370, 370, 370, 370, 370] [250, 270, 290, 310, 330, 350, 370, 390, 410, 430, 450] [547, 168] 11 2
[370, 370, 370, 370, 370, 370, 370, 370, 370, 370, 370] [230, 250, 270, 290, 310, 330, 350, 370, 390, 410, 430] [547, 168] 11 2
[370, 370, 370, 370, 370, 370, 370, 370, 370, 370, 370] [210, 230, 250, 270, 290, 310, 330, 350, 370, 390, 410] [547, 168] 11 2
[370, 370, 370, 370, 370, 370, 370, 370, 370, 370, 370] [190, 210, 230, 250, 270, 290, 310, 330, 350, 370, 390] [547, 168] 11 2
[370, 370, 370, 370, 370, 370, 370, 370, 370, 370, 370] [170, 190, 210, 230, 250, 270, 290, 310, 330, 350, 370] [547, 168] 11 2
[390, 370, 370, 370, 370, 370, 370, 370, 370, 370, 370] [170, 170, 190, 210, 230, 250, 270, 290, 310, 330, 350] [547, 168] 11 1
[410, 390, 370, 370, 370, 370, 370, 370, 370, 370, 370] [170, 170, 170, 190, 210, 230, 250, 270, 290, 310, 330] [547, 168] 11 1
[430, 410, 390, 370, 370, 370, 370, 370, 370, 370, 370] [170, 170, 170, 170, 190, 210, 230, 250, 270, 290, 310] [547, 168] 11 1
[450, 430, 410, 390, 370, 370, 370, 370, 370, 370, 370] [170, 170, 170, 170, 170, 190, 210, 230, 250, 270, 290] [547, 168] 11 1
[470, 450, 430, 410, 390, 370, 370, 370, 370, 370, 370] [170, 170, 170, 170, 170, 170, 190, 210, 230, 250, 270] [547, 168] 11 1
[490, 470, 450, 430, 410, 390, 370, 370, 370, 370, 370] [170, 170, 170, 170, 170, 170, 170, 190, 210, 230, 250] [547, 168] 11 1
[510, 490, 470, 450, 430, 410, 390, 370, 370, 370, 370] [170, 170, 170, 170, 170, 170, 170, 170, 190, 210, 230] [547, 168] 11 1
[530, 510, 490, 470, 450, 430, 410, 390, 370, 370, 370] [170, 170, 170, 170, 170, 170, 170, 170, 170, 190, 210] [547, 168] 11 1
[550, 530, 510, 490, 470, 450, 430, 410, 390, 370, 370, 370] [170, 170, 170, 170, 170, 170, 170, 170, 170, 170, 190, 210] [254, 218] 12 1
[550, 550, 530, 510, 490, 470, 450, 430, 410, 390, 370, 370] [190, 170, 170, 170, 170, 170, 170, 170, 170, 170, 170, 190] [254, 218] 12 0
[550, 550, 550, 530, 510, 490, 470, 450, 430, 410, 390, 370] [210, 190, 170, 170, 170, 170, 170, 170, 170, 170, 170, 170] [254, 218] 12 0
[530, 550, 550, 550, 530, 510, 490, 470, 450, 430, 410, 390] [210, 210, 190, 170, 170, 170, 170, 170, 170, 170, 170, 170] [254, 218] 12 3
[510, 530, 550, 550, 550, 530, 510, 490, 470, 450, 430, 410] [210, 210, 210, 190, 170, 170, 170, 170, 170, 170, 170, 170] [254, 218] 12 3
[490, 510, 530, 550, 550, 550, 530, 510, 490, 470, 450, 430] [210, 210, 210, 210, 190, 170, 170, 170, 170, 170, 170, 170] [254, 218] 12 3
[470, 490, 510, 530, 550, 550, 550, 530, 510, 490, 470, 450] [210, 210, 210, 210, 210, 190, 170, 170, 170, 170, 170, 170] [254, 218] 12 3
[450, 470, 490, 510, 530, 550, 550, 550, 530, 510, 490, 470] [210, 210, 210, 210, 210, 210, 190, 170, 170, 170, 170, 170] [254, 218] 12 3
[430, 450, 470, 490, 510, 530, 550, 550, 550, 530, 510, 490] [210, 210, 210, 210, 210, 210, 210, 190, 170, 170, 170, 170] [254, 218] 12 3
[410, 430, 450, 470, 490, 510, 530, 550, 550, 550, 530, 510] [210, 210, 210, 210, 210, 210, 210, 210, 190, 170, 170, 170] [254, 218] 12 3
[390, 410, 430, 450, 470, 490, 510, 530, 550, 550, 550, 530] [210, 210, 210, 210, 210, 210, 210, 210, 210, 190, 170, 170] [254, 218] 12 3
[370, 390, 410, 430, 450, 470, 490, 510, 530, 550, 550, 550] [210, 210, 210, 210, 210, 210, 210, 210, 210, 210, 190, 170] [254, 218] 12 3
[350, 370, 390, 410, 430, 450, 470, 490, 510, 530, 550, 550] [210, 210, 210, 210, 210, 210, 210, 210, 210, 210, 210, 190] [254, 218] 12 3
[330, 350, 370, 390, 410, 430, 450, 470, 490, 510, 530, 550] [210, 210, 210, 210, 210, 210, 210, 210, 210, 210, 210, 210] [254, 218] 12 3
[310, 330, 350, 370, 390, 410, 430, 450, 470, 490, 510, 530] [210, 210, 210, 210, 210, 210, 210, 210, 210, 210, 210, 210] [254, 218] 12 3
[290, 310, 330, 350, 370, 390, 410, 430, 450, 470, 490, 510] [210, 210, 210, 210, 210, 210, 210, 210, 210, 210, 210, 210] [254, 218] 12 3
[270, 290, 310, 330, 350, 370, 390, 410, 430, 450, 470, 490] [210, 210, 210, 210, 210, 210, 210, 210, 210, 210, 210, 210] [254, 218] 12 3
[250, 270, 290, 310, 330, 350, 370, 390, 410, 430, 450, 470] [210, 210, 210, 210, 210, 210, 210, 210, 210, 210, 210, 210] [254, 218] 12 3
[230, 250, 270, 290, 310, 330, 350, 370, 390, 410, 430, 450, 470] [210, 210, 210, 210, 210, 210, 210, 210, 210, 210, 210, 210, 210] [352, 109] 13 3
[230, 230, 250, 270, 290, 310, 330, 350, 370, 390, 410, 430, 450] [190, 210, 210, 210, 210, 210, 210, 210, 210, 210, 210, 210, 210] [352, 109] 13 2
[230, 230, 230, 250, 270, 290, 310, 330, 350, 370, 390, 410, 430] [170, 190, 210, 210, 210, 210, 210, 210, 210, 210, 210, 210, 210] [352, 109] 13 2
[230, 230, 230, 230, 250, 270, 290, 310, 330, 350, 370, 390, 410] [150, 170, 190, 210, 210, 210, 210, 210, 210, 210, 210, 210, 210] [352, 109] 13 2
[230, 230, 230, 230, 230, 250, 270, 290, 310, 330, 350, 370, 390] [130, 150, 170, 190, 210, 210, 210, 210, 210, 210, 210, 210, 210] [352, 109] 13 2
[230, 230, 230, 230, 230, 230, 250, 270, 290, 310, 330, 350, 370] [110, 130, 150, 170, 190, 210, 210, 210, 210, 210, 210, 210, 210] [352, 109] 13 2
[250, 230, 230, 230, 230, 230, 230, 250, 270, 290, 310, 330, 350] [110, 110, 130, 150, 170, 190, 210, 210, 210, 210, 210, 210, 210] [352, 109] 13 1
[270, 250, 230, 230, 230, 230, 230, 230, 250, 270, 290, 310, 330] [110, 110, 110, 130, 150, 170, 190, 210, 210, 210, 210, 210, 210] [352, 109] 13 1
[290, 270, 250, 230, 230, 230, 230, 230, 230, 250, 270, 290, 310] [110, 110, 110, 110, 130, 150, 170, 190, 210, 210, 210, 210, 210] [352, 109] 13 1
[310, 290, 270, 250, 230, 230, 230, 230, 230, 230, 250, 270, 290] [110, 110, 110, 110, 110, 130, 150, 170, 190, 210, 210, 210, 210] [352, 109] 13 1
[330, 310, 290, 270, 250, 230, 230, 230, 230, 230, 230, 250, 270] [110, 110, 110, 110, 110, 110, 130, 150, 170, 190, 210, 210, 210] [352, 109] 13 1
[350, 330, 310, 290, 270, 250, 230, 230, 230, 230, 230, 230, 250] [110, 110, 110, 110, 110, 110, 110, 130, 150, 170, 190, 210, 210] [352, 109] 13 1
[370, 350, 330, 310, 290, 270, 250, 230, 230, 230, 230, 230, 230, 250] [110, 110, 110, 110, 110, 110, 110, 110, 130, 150, 170, 190, 210, 210] [56, 297] 14 1
[370, 370, 350, 330, 310, 290, 270, 250, 230, 230, 230, 230, 230, 230] [130, 110, 110, 110, 110, 110, 110, 110, 110, 130, 150, 170, 190, 210] [56, 297] 14 0
[370, 370, 370, 350, 330, 310, 290, 270, 250, 230, 230, 230, 230, 230] [150, 130, 110, 110, 110, 110, 110, 110, 110, 110, 130, 150, 170, 190] [56, 297] 14 0
[370, 370, 370, 370, 350, 330, 310, 290, 270, 250, 230, 230, 230, 230] [170, 150, 130, 110, 110, 110, 110, 110, 110, 110, 110, 130, 150, 170] [56, 297] 14 0
[370, 370, 370, 370, 370, 350, 330, 310, 290, 270, 250, 230, 230, 230] [190, 170, 150, 130, 110, 110, 110, 110, 110, 110, 110, 110, 130, 150] [56, 297] 14 0
[370, 370, 370, 370, 370, 370, 350, 330, 310, 290, 270, 250, 230, 230] [210, 190, 170, 150, 130, 110, 110, 110, 110, 110, 110, 110, 110, 130] [56, 297] 14 0
[370, 370, 370, 370, 370, 370, 370, 350, 330, 310, 290, 270, 250, 230] [230, 210, 190, 170, 150, 130, 110, 110, 110, 110, 110, 110, 110, 110] [56, 297] 14 0
[370, 370, 370, 370, 370, 370, 370, 370, 350, 330, 310, 290, 270, 250] [250, 230, 210, 190, 170, 150, 130, 110, 110, 110, 110, 110, 110, 110] [56, 297] 14 0
[370, 370, 370, 370, 370, 370, 370, 370, 370, 350, 330, 310, 290, 270] [270, 250, 230, 210, 190, 170, 150, 130, 110, 110, 110, 110, 110, 110] [56, 297] 14 0
[370, 370, 370, 370, 370, 370, 370, 370, 370, 370, 350, 330, 310, 290] [290, 270, 250, 230, 210, 190, 170, 150, 130, 110, 110, 110, 110, 110] [56, 297] 14 0
[350, 370, 370, 370, 370, 370, 370, 370, 370, 370, 370, 350, 330, 310] [290, 290, 270, 250, 230, 210, 190, 170, 150, 130, 110, 110, 110, 110] [56, 297] 14 3
[330, 350, 370, 370, 370, 370, 370, 370, 370, 370, 370, 370, 350, 330] [290, 290, 290, 270, 250, 230, 210, 190, 170, 150, 130, 110, 110, 110] [56, 297] 14 3
[310, 330, 350, 370, 370, 370, 370, 370, 370, 370, 370, 370, 370, 350] [290, 290, 290, 290, 270, 250, 230, 210, 190, 170, 150, 130, 110, 110] [56, 297] 14 3
[290, 310, 330, 350, 370, 370, 370, 370, 370, 370, 370, 370, 370, 370] [290, 290, 290, 290, 290, 270, 250, 230, 210, 190, 170, 150, 130, 110] [56, 297] 14 3
[270, 290, 310, 330, 350, 370, 370, 370, 370, 370, 370, 370, 370, 370] [290, 290, 290, 290, 290, 290, 270, 250, 230, 210, 190, 170, 150, 130] [56, 297] 14 3
[250, 270, 290, 310, 330, 350, 370, 370, 370, 370, 370, 370, 370, 370] [290, 290, 290, 290, 290, 290, 290, 270, 250, 230, 210, 190, 170, 150] [56, 297] 14 3
[230, 250, 270, 290, 310, 330, 350, 370, 370, 370, 370, 370, 370, 370] [290, 290, 290, 290, 290, 290, 290, 290, 270, 250, 230, 210, 190, 170] [56, 297] 14 3
[210, 230, 250, 270, 290, 310, 330, 350, 370, 370, 370, 370, 370, 370] [290, 290, 290, 290, 290, 290, 290, 290, 290, 270, 250, 230, 210, 190] [56, 297] 14 3
[190, 210, 230, 250, 270, 290, 310, 330, 350, 370, 370, 370, 370, 370] [290, 290, 290, 290, 290, 290, 290, 290, 290, 290, 270, 250, 230, 210] [56, 297] 14 3
[170, 190, 210, 230, 250, 270, 290, 310, 330, 350, 370, 370, 370, 370] [290, 290, 290, 290, 290, 290, 290, 290, 290, 290, 290, 270, 250, 230] [56, 297] 14 3
[150, 170, 190, 210, 230, 250, 270, 290, 310, 330, 350, 370, 370, 370] [290, 290, 290, 290, 290, 290, 290, 290, 290, 290, 290, 290, 270, 250] [56, 297] 14 3
[130, 150, 170, 190, 210, 230, 250, 270, 290, 310, 330, 350, 370, 370] [290, 290, 290, 290, 290, 290, 290, 290, 290, 290, 290, 290, 290, 270] [56, 297] 14 3
[110, 130, 150, 170, 190, 210, 230, 250, 270, 290, 310, 330, 350, 370] [290, 290, 290, 290, 290, 290, 290, 290, 290, 290, 290, 290, 290, 290] [56, 297] 14 3
[90, 110, 130, 150, 170, 190, 210, 230, 250, 270, 290, 310, 330, 350] [290, 290, 290, 290, 290, 290, 290, 290, 290, 290, 290, 290, 290, 290] [56, 297] 14 3
[70, 90, 110, 130, 150, 170, 190, 210, 230, 250, 270, 290, 310, 330] [290, 290, 290, 290, 290, 290, 290, 290, 290, 290, 290, 290, 290, 290] [56, 297] 14 3
[50, 70, 90, 110, 130, 150, 170, 190, 210, 230, 250, 270, 290, 310] [290, 290, 290, 290, 290, 290, 290, 290, 290, 290, 290, 290, 290, 290] [56, 297] 14 3
[50, 50, 70, 90, 110, 130, 150, 170, 190, 210, 230, 250, 270, 290, 310] [270, 290, 290, 290, 290, 290, 290, 290, 290, 290, 290, 290, 290, 290, 290] [322, 515] 15 2
[50, 50, 50, 70, 90, 110, 130, 150, 170, 190, 210, 230, 250, 270, 290] [250, 270, 290, 290, 290, 290, 290, 290, 290, 290, 290, 290, 290, 290, 290] [322, 515] 15 2
[70, 50, 50, 50, 70, 90, 110, 130, 150, 170, 190, 210, 230, 250, 270] [250, 250, 270, 290, 290, 290, 290, 290, 290, 290, 290, 290, 290, 290, 290] [322, 515] 15 1
[90, 70, 50, 50, 50, 70, 90, 110, 130, 150, 170, 190, 210, 230, 250] [250, 250, 250, 270, 290, 290, 290, 290, 290, 290, 290, 290, 290, 290, 290] [322, 515] 15 1
[110, 90, 70, 50, 50, 50, 70, 90, 110, 130, 150, 170, 190, 210, 230] [250, 250, 250, 250, 270, 290, 290, 290, 290, 290, 290, 290, 290, 290, 290] [322, 515] 15 1
[130, 110, 90, 70, 50, 50, 50, 70, 90, 110, 130, 150, 170, 190, 210] [250, 250, 250, 250, 250, 270, 290, 290, 290, 290, 290, 290, 290, 290, 290] [322, 515] 15 1
[150, 130, 110, 90, 70, 50, 50, 50, 70, 90, 110, 130, 150, 170, 190] [250, 250, 250, 250, 250, 250, 270, 290, 290, 290, 290, 290, 290, 290, 290] [322, 515] 15 1
[170, 150, 130, 110, 90, 70, 50, 50, 50, 70, 90, 110, 130, 150, 170] [250, 250, 250, 250, 250, 250, 250, 270, 290, 290, 290, 290, 290, 290, 290] [322, 515] 15 1
[190, 170, 150, 130, 110, 90, 70, 50, 50, 50, 70, 90, 110, 130, 150] [250, 250, 250, 250, 250, 250, 250, 250, 270, 290, 290, 290, 290, 290, 290] [322, 515] 15 1
[210, 190, 170, 150, 130, 110, 90, 70, 50, 50, 50, 70, 90, 110, 130] [250, 250, 250, 250, 250, 250, 250, 250, 250, 270, 290, 290, 290, 290, 290] [322, 515] 15 1
[230, 210, 190, 170, 150, 130, 110, 90, 70, 50, 50, 50, 70, 90, 110] [250, 250, 250, 250, 250, 250, 250, 250, 250, 250, 270, 290, 290, 290, 290] [322, 515] 15 1
[250, 230, 210, 190, 170, 150, 130, 110, 90, 70, 50, 50, 50, 70, 90] [250, 250, 250, 250, 250, 250, 250, 250, 250, 250, 250, 270, 290, 290, 290] [322, 515] 15 1
[270, 250, 230, 210, 190, 170, 150, 130, 110, 90, 70, 50, 50, 50, 70] [250, 250, 250, 250, 250, 250, 250, 250, 250, 250, 250, 250, 270, 290, 290] [322, 515] 15 1
[290, 270, 250, 230, 210, 190, 170, 150, 130, 110, 90, 70, 50, 50, 50] [250, 250, 250, 250, 250, 250, 250, 250, 250, 250, 250, 250, 250, 270, 290] [322, 515] 15 1
[310, 290, 270, 250, 230, 210, 190, 170, 150, 130, 110, 90, 70, 50, 50] [250, 250, 250, 250, 250, 250, 250, 250, 250, 250, 250, 250, 250, 250, 270] [322, 515] 15 1
[310, 310, 290, 270, 250, 230, 210, 190, 170, 150, 130, 110, 90, 70, 50] [270, 250, 250, 250, 250, 250, 250, 250, 250, 250, 250, 250, 250, 250, 250] [322, 515] 15 0
[310, 310, 310, 290, 270, 250, 230, 210, 190, 170, 150, 130, 110, 90, 70] [290, 270, 250, 250, 250, 250, 250, 250, 250, 250, 250, 250, 250, 250, 250] [322, 515] 15 0
[310, 310, 310, 310, 290, 270, 250, 230, 210, 190, 170, 150, 130, 110, 90] [310, 290, 270, 250, 250, 250, 250, 250, 250, 250, 250, 250, 250, 250, 250] [322, 515] 15 0
[310, 310, 310, 310, 310, 290, 270, 250, 230, 210, 190, 170, 150, 130, 110] [330, 310, 290, 270, 250, 250, 250, 250, 250, 250, 250, 250, 250, 250, 250] [322, 515] 15 0
[310, 310, 310, 310, 310, 310, 290, 270, 250, 230, 210, 190, 170, 150, 130] [350, 330, 310, 290, 270, 250, 250, 250, 250, 250, 250, 250, 250, 250, 250] [322, 515] 15 0
[310, 310, 310, 310, 310, 310, 310, 290, 270, 250, 230, 210, 190, 170, 150] [370, 350, 330, 310, 290, 270, 250, 250, 250, 250, 250, 250, 250, 250, 250] [322, 515] 15 0
[310, 310, 310, 310, 310, 310, 310, 310, 290, 270, 250, 230, 210, 190, 170] [390, 370, 350, 330, 310, 290, 270, 250, 250, 250, 250, 250, 250, 250, 250] [322, 515] 15 0
[310, 310, 310, 310, 310, 310, 310, 310, 310, 290, 270, 250, 230, 210, 190] [410, 390, 370, 350, 330, 310, 290, 270, 250, 250, 250, 250, 250, 250, 250] [322, 515] 15 0
[310, 310, 310, 310, 310, 310, 310, 310, 310, 310, 290, 270, 250, 230, 210] [430, 410, 390, 370, 350, 330, 310, 290, 270, 250, 250, 250, 250, 250, 250] [322, 515] 15 0
[310, 310, 310, 310, 310, 310, 310, 310, 310, 310, 310, 290, 270, 250, 230] [450, 430, 410, 390, 370, 350, 330, 310, 290, 270, 250, 250, 250, 250, 250] [322, 515] 15 0
[310, 310, 310, 310, 310, 310, 310, 310, 310, 310, 310, 310, 290, 270, 250] [470, 450, 430, 410, 390, 370, 350, 330, 310, 290, 270, 250, 250, 250, 250] [322, 515] 15 0
[310, 310, 310, 310, 310, 310, 310, 310, 310, 310, 310, 310, 310, 290, 270] [490, 470, 450, 430, 410, 390, 370, 350, 330, 310, 290, 270, 250, 250, 250] [322, 515] 15 0
[310, 310, 310, 310, 310, 310, 310, 310, 310, 310, 310, 310, 310, 310, 290] [510, 490, 470, 450, 430, 410, 390, 370, 350, 330, 310, 290, 270, 250, 250] [322, 515] 15 0
