[290, 290, 290, 290, 290] [290, 270, 250, 230, 210] [544, 422] 5 0
[290, 290, 290, 290, 290] [310, 290, 270, 250, 230] [544, 422] 5 0
[290, 290, 290, 290, 290] [330, 310, 290, 270, 250] [544, 422] 5 0
[290, 290, 290, 290, 290] [350, 330, 310, 290, 270] [544, 422] 5 0
[290, 290, 290, 290, 290] [370, 350, 330, 310, 290] [544, 422] 5 0
[290, 290, 290, 290, 290] [390, 370, 350, 330, 310] [544, 422] 5 0
[290, 290, 290, 290, 290] [410, 390, 370, 350, 330] [544, 422] 5 0
[310, 290, 290, 290, 290] [410, 410, 390, 370, 350] [544, 422] 5 1
[330, 310, 290, 290, 290] [410, 410, 410, 390, 370] [544, 422] 5 1
[350, 330, 310, 290, 290] [410, 410, 410, 410, 390] [544, 422] 5 1
[370, 350, 330, 310, 290] [410, 410, 410, 410, 410] [544, 422] 5 1
[390, 370, 350, 330, 310] [410, 410, 410, 410, 410] [544, 422] 5 1
[410, 390, 370, 350, 330] [410, 410, 410, 410, 410] [544, 422] 5 1
[430, 410, 390, 370, 350] [410, 410, 410, 410, 410] [544, 422] 5 1
[450, 430, 410, 390, 370] [410, 410, 410, 410, 410] [544, 422] 5 1
[470, 450, 430, 410, 390] [410, 410, 410, 410, 410] [544, 422] 5 1
[490, 470, 450, 430, 410] [410, 410, 410, 410, 410] [544, 422] 5 1
[510, 490, 470, 450, 430] [410, 410, 410, 410, 410] [544, 422] 5 1
[530, 510, 490, 470, 450] [410, 410, 410, 410, 410] [544, 422] 5 1
[550, 530, 510, 490, 470, 450] [410, 410, 410, 410, 410, 410] [499, 528] 6 1
[550, 550, 530, 510, 490, 470] [430, 410, 410, 410, 410, 410] [499, 528] 6 0
[550, 550, 550, 530, 510, 490] [450, 430, 410, 410, 410, 410] [499, 528] 6 0
[550, 550, 550, 550, 530, 510] [470, 450, 430, 410, 410, 410] [499, 528] 6 0
[550, 550, 550, 550, 550, 530] [490, 470, 450, 430, 410, 410] [499, 528] 6 0
[550, 550, 550, 550, 550, 550] [510, 490, 470, 450, 430, 410] [499, 528] 6 0
[550, 550, 550, 550, 550, 550] [530, 510, 490, 470, 450, 430] [499, 528] 6 0
[530, 550, 550, 550, 550, 550] [530, 530, 510, 490, 470, 450] [499, 528] 6 3
[510, 530, 550, 550, 550, 550] [530, 530, 530, 510, 490, 470] [499, 528] 6 3
[490, 510, 530, 550, 550, 550] [530, 530, 530, 530, 510, 490] [499, 528] 6 3
[470, 490, 510, 530, 550, 550, 550] [530, 530, 530, 530, 530, 510, 490] [8, 467] 7 3
[450, 470, 490, 510, 530, 550, 550] [530, 530, 530, 530, 530, 530, 510] [8, 467] 7 3
[430, 450, 470, 490, 510, 530, 550] [530, 530, 530, 530, 530, 530, 530] [8, 467] 7 3
[410, 430, 450, 470, 490, 510, 530] [530, 530, 530, 530, 530, 530, 530] [8, 467] 7 3
[390, 410, 430, 450, 470, 490, 510] [530, 530, 530, 530, 530, 530, 530] [8, 467] 7 3
[370, 390, 410, 430, 450, 470, 490] [530, 530, 530, 530, 530, 530, 530] [8, 467] 7 3
[350, 370, 390, 410, 430, 450, 470] [530, 530, 530, 530, 530, 530, 530] [8, 467] 7 3
[330, 350, 370, 390, 410, 430, 450] [530, 530, 530, 530, 530, 530, 530] [8, 467] 7 3
[310, 330, 350, 370, 390, 410, 430] [530, 530, 530, 530, 530, 530, 530] [8, 467] 7 3
[290, 310, 330, 350, 370, 390, 410] [530, 530, 530, 530, 530, 530, 530] [8, 467] 7 3
[270, 290, 310, 330, 350, 370, 390] [530, 530, 530, 530, 530, 530, 530] [8, 467] 7 3
[250, 270, 290, 310, 330, 350, 370] [530, 530, 530, 530, 530, 530, 530] [8, 467] 7 3
[230, 250, 270, 290, 310, 330, 350] [530, 530, 530, 530, 530, 530, 530] [8, 467] 7 3
[210, 230, 250, 270, 290, 310, 330] [530, 530, 530, 530, 530, 530, 530] [8, 467] 7 3
[190, 210, 230, 250, 270, 290, 310] [530, 530, 530, 530, 530, 530, 530] [8, 467] 7 3
[170, 190, 210, 230, 250, 270, 290] [530, 530, 530, 530, 530, 530, 530] [8, 467] 7 3
[150, 170, 190, 210, 230, 250, 270] [530, 530, 530, 530, 530, 530, 530] [8, 467] 7 3
[130, 150, 170, 190, 210, 230, 250] [530, 530, 530, 530, 530, 530, 530] [8, 467] 7 3
[110, 130, 150, 170, 190, 210, 230] [530, 530, 530, 530, 530, 530, 530] [8, 467] 7 3
[90, 110, 130, 150, 170, 190, 210] [530, 530, 530, 530, 530, 530, 530] [8, 467] 7 3
[70, 90, 110, 130, 150, 170, 190] [530, 530, 530, 530, 530, 530, 530] [8, 467] 7 3
[50, 70, 90, 110, 130, 150, 170] [530, 530, 530, 530, 530, 530, 530] [8, 467] 7 3
[30, 50, 70, 90, 110, 130, 150] [530, 530, 530, 530, 530, 530, 530] [8, 467] 7 3
[10, 30, 50, 70, 90, 110, 130] [530, 530, 530, 530, 530, 530, 530] [8, 467] 7 3
[10, 10, 30, 50, 70, 90, 110] [510, 530, 530, 530, 530, 530, 530] [8, 467] 7 2
[10, 10, 10, 30, 50, 70, 90] [490, 510, 530, 530, 530, 530, 530] [8, 467] 7 2
[10, 10, 10, 10, 30, 50, 70] [470, 490, 510, 530, 530, 530, 530] [8, 467] 7 2
[10, 10, 10, 10, 10, 30, 50, 70] [450, 470, 490, 510, 530, 530, 530, 530] [566, 274] 8 2
[10, 10, 10, 10, 10, 10, 30, 50] [430, 450, 470, 490, 510, 530, 530, 530] [566, 274] 8 2
[10, 10, 10, 10, 10, 10, 10, 30] [410, 430, 450, 470, 490, 510, 530, 530] [566, 274] 8 2
[10, 10, 10, 10, 10, 10, 10, 10] [390, 410, 430, 450, 470, 490, 510, 530] [566, 274] 8 2
[10, 10, 10, 10, 10, 10, 10, 10] [370, 390, 410, 430, 450, 470, 490, 510] [566, 274] 8 2
[10, 10, 10, 10, 10, 10, 10, 10] [350, 370, 390, 410, 430, 450, 470, 490] [566, 274] 8 2
[10, 10, 10, 10, 10, 10, 10, 10] [330, 350, 370, 390, 410, 430, 450, 470] [566, 274] 8 2
[10, 10, 10, 10, 10, 10, 10, 10] [310, 330, 350, 370, 390, 410, 430, 450] [566, 274] 8 2
[10, 10, 10, 10, 10, 10, 10, 10] [290, 310, 330, 350, 370, 390, 410, 430] [566, 274] 8 2
[10, 10, 10, 10, 10, 10, 10, 10] [270, 290, 310, 330, 350, 370, 390, 410] [566, 274] 8 2
[10, 10, 10, 10, 10, 10, 10, 10] [250, 270, 290, 310, 330, 350, 370, 390] [566, 274] 8 2
[30, 10, 10, 10, 10, 10, 10, 10] [250, 250, 270, 290, 310, 330, 350, 370] [566, 274] 8 1
[50, 30, 10, 10, 10, 10, 10, 10] [250, 250, 250, 270, 290, 310, 330, 350] [566, 274] 8 1
[70, 50, 30, 10, 10, 10, 10, 10] [250, 250, 250, 250, 270, 290, 310, 330] [566, 274] 8 1
[90, 70, 50, 30, 10, 10, 10, 10] [250, 250, 250, 250, 250, 270, 290, 310] [566, 274] 8 1
[110, 90, 70, 50, 30, 10, 10, 10] [250, 250, 250, 250, 250, 250, 270, 290] [566, 274] 8 1
[130, 110, 90, 70, 50, 30, 10, 10] [250, 250, 250, 250, 250, 250, 250, 270] [566, 274] 8 1
[150, 130, 110, 90, 70, 50, 30, 10] [250, 250, 250, 250, 250, 250, 250, 250] [566, 274] 8 1
[170, 150, 130, 110, 90, 70, 50, 30] [250, 250, 250, 250, 250, 250, 250, 250] [566, 274] 8 1
[190, 170, 150, 130, 110, 90, 70, 50] [250, 250, 250, 250, 250, 250, 250, 250] [566, 274] 8 1
[210, 190, 170, 150, 130, 110, 90, 70] [250, 250, 250, 250, 250, 250, 250, 250] [566, 274] 8 1
[230, 210, 190, 170, 150, 130, 110, 90] [250, 250, 250, 250, 250, 250, 250, 250] [566, 274] 8 1
[250, 230, 210, 190, 170, 150, 130, 110] [250, 250, 250, 250, 250, 250, 250, 250] [566, 274] 8 1
[270, 250, 230, 210, 190, 170, 150, 130] [250, 250, 250, 250, 250, 250, 250, 250] [566, 274] 8 1
[290, 270, 250, 230, 210, 190, 170, 150] [250, 250, 250, 250, 250, 250, 250, 250] [566, 274] 8 1
[310, 290, 270, 250, 230, 210, 190, 170] [250, 250, 250, 250, 250, 250, 250, 250] [566, 274] 8 1
[330, 310, 290, 270, 250, 230, 210, 190] [250, 250, 250, 250, 250, 250, 250, 250] [566, 274] 8 1
[350, 330, 310, 290, 270, 250, 230, 210] [250, 250, 250, 250, 250, 250, 250, 250] [566, 274] 8 1
[370, 350, 330, 310, 290, 270, 250, 230] [250, 250, 250, 250, 250, 250, 250, 250] [566, 274] 8 1
[390, 370, 350, 330, 310, 290, 270, 250] [250, 250, 250, 250, 250, 250, 250, 250] [566, 274] 8 1
[410, 390, 370, 350, 330, 310, 290, 270] [250, 250, 250, 250, 250, 250, 250, 250] [566, 274] 8 1
[430, 410, 390, 370, 350, 330, 310, 290] [250, 250, 250, 250, 250, 250, 250, 250] [566, 274] 8 1
[450, 430, 410, 390, 370, 350, 330, 310] [250, 250, 250, 250, 250, 250, 250, 250] [566, 274] 8 1
[470, 450, 430, 410, 390, 370, 350, 330] [250, 250, 250, 250, 250, 250, 250, 250] [566, 274] 8 1
[490, 470, 450, 430, 410, 390, 370, 350] [250, 250, 250, 250, 250, 250, 250, 250] [566, 274] 8 1
[510, 490, 470, 450, 430, 410, 390, 370] [250, 250, 250, 250, 250, 250, 250, 250] [566, 274] 8 1
[530, 510, 490, 470, 450, 430, 410, 390] [250, 250, 250, 250, 250, 250, 250, 250] [566, 274] 8 1
[550, 530, 510, 490, 470, 450, 430, 410] [250, 250, 250, 250, 250, 250, 250, 250] [566, 274] 8 1
[550, 550, 530, 510, 490, 470, 450, 430] [270, 250, 250, 250, 250, 250, 250, 250] [566, 274] 8 0
[550, 550, 550, 530, 510, 490, 470, 450, 430] [290, 270, 250, 250, 250, 250, 250, 250, 250] [186, 294] 9 0
[550, 550, 550, 550, 530, 510, 490, 470, 450] [310, 290, 270, 250, 250, 250, 250, 250, 250] [186, 294] 9 0
[530, 550, 550, 550, 550, 530, 510, 490, 470] [310, 310, 290, 270, 250, 250, 250, 250, 250] [186, 294] 9 3
[510, 530, 550, 550, 550, 550, 530, 510, 490] [310, 310, 310, 290, 270, 250, 250, 250, 250] [186, 294] 9 3
[490, 510, 530, 550, 550, 550, 550, 530, 510] [310, 310, 310, 310, 290, 270, 250, 250, 250] [186, 294] 9 3
[470, 490, 510, 530, 550, 550, 550, 550, 530] [310, 310, 310, 310, 310, 290, 270, 250, 250] [186, 294] 9 3
[450, 470, 490, 510, 530, 550, 550, 550, 550] [310, 310, 310, 310, 310, 310, 290, 270, 250] [186, 294] 9 3
[430, 450, 470, 490, 510, 530, 550, 550, 550] [310, 310, 310, 310, 310, 310, 310, 290, 270] [186, 294] 9 3
[410, 430, 450, 470, 490, 510, 530, 550, 550] [310, 310, 310, 310, 310, 310, 310, 310, 290] [186, 294] 9 3
[390, 410, 430, 450, 470, 490, 510, 530, 550] [310, 310, 310, 310, 310, 310, 310, 310, 310] [186, 294] 9 3
[370, 390, 410, 430, 450, 470, 490, 510, 530] [310, 310, 310, 310, 310, 310, 310, 310, 310] [186, 294] 9 3
[350, 370, 390, 410, 430, 450, 470, 490, 510] [310, 310, 310, 310, 310, 310, 310, 310, 310] [186, 294] 9 3
[330, 350, 370, 390, 410, 430, 450, 470, 490] [310, 310, 310, 310, 310, 310, 310, 310, 310] [186, 294] 9 3
[310, 330, 350, 370, 390, 410, 430, 450, 470] [310, 310, 310, 310, 310, 310, 310, 310, 310] [186, 294] 9 3
[290, 310, 330, 350, 370, 390, 410, 430, 450] [310, 310, 310, 310, 310, 310, 310, 310, 310] [186, 294] 9 3
[270, 290, 310, 330, 350, 370, 390, 410, 430] [310, 310, 310, 310, 310, 310, 310, 310, 310] [186, 294] 9 3
[250, 270, 290, 310, 330, 350, 370, 390, 410] [310, 310, 310, 310, 310, 310, 310, 310, 310] [186, 294] 9 3
[230, 250, 270, 290, 310, 330, 350, 370, 390] [310, 310, 310, 310, 310, 310, 310, 310, 310] [186, 294] 9 3
[210, 230, 250, 270, 290, 310, 330, 350, 370] [310, 310, 310, 310, 310, 310, 310, 310, 310] [186, 294] 9 3
[190, 210, 230, 250, 270, 290, 310, 330, 350] [310, 310, 310, 310, 310, 310, 310, 310, 310] [186, 294] 9 3
[190, 190, 210, 230, 250, 270, 290, 310, 330] [290, 310, 310, 310, 310, 310, 310, 310, 310] [186, 294] 9 2
[190, 190, 190, 210, 230, 250, 270, 290, 310, 330] [270, 290, 310, 310, 310, 310, 310, 310, 310, 310] [231, 110] 10 2
[190, 190, 190, 190, 210, 230, 250, 270, 290, 310] [250, 270, 290, 310, 310, 310, 310, 310, 310, 310] [231, 110] 10 2
[190, 190, 190, 190, 190, 210, 230, 250, 270, 290] [230, 250, 270, 290, 310, 310, 310, 310, 310, 310] [231, 110] 10 2
[190, 190, 190, 190, 190, 190, 210, 230, 250, 270] [210, 230, 250, 270, 290, 310, 310, 310, 310, 310] [231, 110] 10 2
[190, 190, 190, 190, 190, 190, 190, 210, 230, 250] [190, 210, 230, 250, 270, 290, 310, 310, 310, 310] [231, 110] 10 2
[190, 190, 190, 190, 190, 190, 190, 190, 210, 230] [170, 190, 210, 230, 250, 270, 290, 310, 310, 310] [231, 110] 10 2
[190, 190, 190, 190, 190, 190, 190, 190, 190, 210] [150, 170, 190, 210, 230, 250, 270, 290, 310, 310] [231, 110] 10 2
[190, 190, 190, 190, 190, 190, 190, 190, 190, 190] [130, 150, 170, 190, 210, 230, 250, 270, 290, 310] [231, 110] 10 2
[190, 190, 190, 190, 190, 190, 190, 190, 190, 190] [110, 130, 150, 170, 190, 210, 230, 250, 270, 290] [231, 110] 10 2
[210, 190, 190, 190, 190, 190, 190, 190, 190, 190] [110, 110, 130, 150, 170, 190, 210, 230, 250, 270] [231, 110] 10 1
[230, 210, 190, 190, 190, 190, 190, 190, 190, 190] [110, 110, 110, 130, 150, 170, 190, 210, 230, 250] [231, 110] 10 1
[250, 230, 210, 190, 190, 190, 190, 190, 190, 190, 190] [110, 110, 110, 110, 130, 150, 170, 190, 210, 230, 250] [61, 411] 11 1
[250, 250, 230, 210, 190, 190, 190, 190, 190, 190, 190] [130, 110, 110, 110, 110, 130, 150, 170, 190, 210, 230] [61, 411] 11 0
[250, 250, 250, 230, 210, 190, 190, 190, 190, 190, 190] [150, 130, 110, 110, 110, 110, 130, 150, 170, 190, 210] [61, 411] 11 0
[250, 250, 250, 250, 230, 210, 190, 190, 190, 190, 190] [170, 150, 130, 110, 110, 110, 110, 130, 150, 170, 190] [61, 411] 11 0
[250, 250, 250, 250, 250, 230, 210, 190, 190, 190, 190] [190, 170, 150, 130, 110, 110, 110, 110, 130, 150, 170] [61, 411] 11 0
[250, 250, 250, 250, 250, 250, 230, 210, 190, 190, 190] [210, 190, 170, 150, 130, 110, 110, 110, 110, 130, 150] [61, 411] 11 0
[250, 250, 250, 250, 250, 250, 250, 230, 210, 190, 190] [230, 210, 190, 170, 150, 130, 110, 110, 110, 110, 130] [61, 411] 11 0
[250, 250, 250, 250, 250, 250, 250, 250, 230, 210, 190] [250, 230, 210, 190, 170, 150, 130, 110, 110, 110, 110] [61, 411] 11 0
[250, 250, 250, 250, 250, 250, 250, 250, 250, 230, 210] [270, 250, 230, 210, 190, 170, 150, 130, 110, 110, 110] [61, 411] 11 0
[250, 250, 250, 250, 250, 250, 250, 250, 250, 250, 230] [290, 270, 250, 230, 210, 190, 170, 150, 130, 110, 110] [61, 411] 11 0
[250, 250, 250, 250, 250, 250, 250, 250, 250, 250, 250] [310, 290, 270, 250, 230, 210, 190, 170, 150, 130, 110] [61, 411] 11 0
[250, 250, 250, 250, 250, 250, 250, 250, 250, 250, 250] [330, 310, 290, 270, 250, 230, 210, 190, 170, 150, 130] [61, 411] 11 0
[250, 250, 250, 250, 250, 250, 250, 250, 250, 250, 250] [350, 330, 310, 290, 270, 250, 230, 210, 190, 170, 150] [61, 411] 11 0
[250, 250, 250, 250, 250, 250, 250, 250, 250, 250, 250] [370, 350, 330, 310, 290, 270, 250, 230, 210, 190, 170] [61, 411] 11 0
[250, 250, 250, 250, 250, 250, 250, 250, 250, 250, 250] [390, 370, 350, 330, 310, 290, 270, 250, 230, 210, 190] [61, 411] 11 0
[250, 250, 250, 250, 250, 250, 250, 250, 250, 250, 250] [410, 390, 370, 350, 330, 310, 290, 270, 250, 230, 210] [61, 411] 11 0
[230, 250, 250, 250, 250, 250, 250, 250, 250, 250, 250] [410, 410, 390, 370, 350, 330, 310, 290, 270, 250, 230] [61, 411] 11 3
[210, 230, 250, 250, 250, 250, 250, 250, 250, 250, 250] [410, 410, 410, 390, 370, 350, 330, 310, 290, 270, 250] [61, 411] 11 3
[190, 210, 230, 250, 250, 250, 250, 250, 250, 250, 250] [410, 410, 410, 410, 390, 370, 350, 330, 310, 290, 270] [61, 411] 11 3
[170, 190, 210, 230, 250, 250, 250, 250, 250, 250, 250] [410, 410, 410, 410, 410, 390, 370, 350, 330, 310, 290] [61, 411] 11 3
[150, 170, 190, 210, 230, 250, 250, 250, 250, 250, 250] [410, 410, 410, 410, 410, 410, 390, 370, 350, 330, 310] [61, 411] 11 3
[130, 150, 170, 190, 210, 230, 250, 250, 250, 250, 250] [410, 410, 410, 410, 410, 410, 410, 390, 370, 350, 330] [61, 411] 11 3
[110, 130, 150, 170, 190, 210, 230, 250, 250, 250, 250] [410, 410, 410, 410, 410, 410, 410, 410, 390, 370, 350] [61, 411] 11 3
[90, 110, 130, 150, 170, 190, 210, 230, 250, 250, 250] [410, 410, 410, 410, 410, 410, 410, 410, 410, 390, 370] [61, 411] 11 3
[70, 90, 110, 130, 150, 170, 190, 210, 230, 250, 250] [410, 410, 410, 410, 410, 410, 410, 410, 410, 410, 390] [61, 411] 11 3
[50, 70, 90, 110, 130, 150, 170, 190, 210, 230, 250, 250] [410, 410, 410, 410, 410, 410, 410, 410, 410, 410, 410, 390] [574, 235] 12 3
[50, 50, 70, 90, 110, 130, 150, 170, 190, 210, 230, 250] [390, 410, 410, 410, 410, 410, 410, 410, 410, 410, 410, 410] [574, 235] 12 2
[50, 50, 50, 70, 90, 110, 130, 150, 170, 190, 210, 230] [370, 390, 410, 410, 410, 410, 410, 410, 410, 410, 410, 410] [574, 235] 12 2
[50, 50, 50, 50, 70, 90, 110, 130, 150, 170, 190, 210] [350, 370, 390, 410, 410, 410, 410, 410, 410, 410, 410, 410] [574, 235] 12 2
[50, 50, 50, 50, 50, 70, 90, 110, 130, 150, 170, 190] [330, 350, 370, 390, 410, 410, 410, 410, 410, 410, 410, 410] [574, 235] 12 2
[50, 50, 50, 50, 50, 50, 70, 90, 110, 130, 150, 170] [310, 330, 350, 370, 390, 410, 410, 410, 410, 410, 410, 410] [574, 235] 12 2
[50, 50, 50, 50, 50, 50, 50, 70, 90, 110, 130, 150] [290, 310, 330, 350, 370, 390, 410, 410, 410, 410, 410, 410] [574, 235] 12 2
[50, 50, 50, 50, 50, 50, 50, 50, 70, 90, 110, 130] [270, 290, 310, 330, 350, 370, 390, 410, 410, 410, 410, 410] [574, 235] 12 2
[50, 50, 50, 50, 50, 50, 50, 50, 50, 70, 90, 110] [250, 270, 290, 310, 330, 350, 370, 390, 410, 410, 410, 410] [574, 235] 12 2
[50, 50, 50, 50, 50, 50, 50, 50, 50, 50, 70, 90] [230, 250, 270, 290, 310, 330, 350, 370, 390, 410, 410, 410] [574, 235] 12 2
[70, 50, 50, 50, 50, 50, 50, 50, 50, 50, 50, 70] [230, 230, 250, 270, 290, 310, 330, 350, 370, 390, 410, 410] [574, 235] 12 1
[90, 70, 50, 50, 50, 50, 50, 50, 50, 50, 50, 50] [230, 230, 230, 250, 270, 290, 310, 330, 350, 370, 390, 410] [574, 235] 12 1
[110, 90, 70, 50, 50, 50, 50, 50, 50, 50, 50, 50] [230, 230, 230, 230, 250, 270, 290, 310, 330, 350, 370, 390] [574, 235] 12 1
[130, 110, 90, 70, 50, 50, 50, 50, 50, 50, 50, 50] [230, 230, 230, 230, 230, 250, 270, 290, 310, 330, 350, 370] [574, 235] 12 1
[150, 130, 110, 90, 70, 50, 50, 50, 50, 50, 50, 50] [230, 230, 230, 230, 230, 230, 250, 270, 290, 310, 330, 350] [574, 235] 12 1
[170, 150, 130, 110, 90, 70, 50, 50, 50, 50, 50, 50] [230, 230, 230, 230, 230, 230, 230, 250, 270, 290, 310, 330] [574, 235] 12 1
[190, 170, 150, 130, 110, 90, 70, 50, 50, 50, 50, 50] [230, 230, 230, 230, 230, 230, 230, 230, 250, 270, 290, 310] [574, 235] 12 1
[210, 190, 170, 150, 130, 110, 90, 70, 50, 50, 50, 50] [230, 230, 230, 230, 230, 230, 230, 230, 230, 250, 270, 290] [574, 235] 12 1
[230, 210, 190, 170, 150, 130, 110, 90, 70, 50, 50, 50] [230, 230, 230, 230, 230, 230, 230, 230, 230, 230, 250, 270] [574, 235] 12 1
[250, 230, 210, 190, 170, 150, 130, 110, 90, 70, 50, 50] [230, 230, 230, 230, 230, 230, 230, 230, 230, 230, 230, 250] [574, 235] 12 1
[270, 250, 230, 210, 190, 170, 150, 130, 110, 90, 70, 50] [230, 230, 230, 230, 230, 230, 230, 230, 230, 230, 230, 230] [574, 235] 12 1
[290, 270, 250, 230, 210, 190, 170, 150, 130, 110, 90, 70] [230, 230, 230, 230, 230, 230, 230, 230, 230, 230, 230, 230] [574, 235] 12 1
[310, 290, 270, 250, 230, 210, 190, 170, 150, 130, 110, 90] [230, 230, 230, 230, 230, 230, 230, 230, 230, 230, 230, 230] [574, 235] 12 1
[330, 310, 290, 270, 250, 230, 210, 190, 170, 150, 130, 110] [230, 230, 230, 230, 230, 230, 230, 230, 230, 230, 230, 230] [574, 235] 12 1
[350, 330, 310, 290, 270, 250, 230, 210, 190, 170, 150, 130] [230, 230, 230, 230, 230, 230, 230, 230, 230, 230, 230, 230] [574, 235] 12 1
[370, 350, 330, 310, 290, 270, 250, 230, 210, 190, 170, 150] [230, 230, 230, 230, 230, 230, 230, 230, 230, 230, 230, 230] [574, 235] 12 1
[390, 370, 350, 330, 310, 290, 270, 250, 230, 210, 190, 170] [230, 230, 230, 230, 230, 230, 230, 230, 230, 230, 230, 230] [574, 235] 12 1
[410, 390, 370, 350, 330, 310, 290, 270, 250, 230, 210, 190] [230, 230, 230, 230, 230, 230, 230, 230, 230, 230, 230, 230] [574, 235] 12 1
[430, 410, 390, 370, 350, 330, 310, 290, 270, 250, 230, 210] [230, 230, 230, 230, 230, 230, 230, 230, 230, 230, 230, 230] [574, 235] 12 1
[450, 430, 410, 390, 370, 350, 330, 310, 290, 270, 250, 230] [230, 230, 230, 230, 230, 230, 230, 230, 230, 230, 230, 230] [574, 235] 12 1
[470, 450, 430, 410, 390, 370, 350, 330, 310, 290, 270, 250] [230, 230, 230, 230, 230, 230, 230, 230, 230, 230, 230, 230] [574, 235] 12 1
[490, 470, 450, 430, 410, 390, 370, 350, 330, 310, 290, 270] [230, 230, 230, 230, 230, 230, 230, 230, 230, 230, 230, 230] [574, 235] 12 1
[510, 490, 470, 450, 430, 410, 390, 370, 350, 330, 310, 290] [230, 230, 230, 230, 230, 230, 230, 230, 230, 230, 230, 230] [574, 235] 12 1
[530, 510, 490, 470, 450, 430, 410, 390, 370, 350, 330, 310] [230, 230, 230, 230, 230, 230, 230, 230, 230, 230, 230, 230] [574, 235] 12 1
[550, 530, 510, 490, 470, 450, 430, 410, 390, 370, 350, 330] [230, 230, 230, 230, 230, 230, 230, 230, 230, 230, 230, 230] [574, 235] 12 1
[570, 550, 530, 510, 490, 470, 450, 430, 410, 390, 370, 350] [230, 230, 230, 230, 230, 230, 230, 230, 230, 230, 230, 230] [574, 235] 12 1
[570, 570, 550, 530, 510, 490, 470, 450, 430, 410, 390, 370, 350] [250, 230, 230, 230, 230, 230, 230, 230, 230, 230, 230, 230, 230] [227, 338] 13 0
[570, 570, 570, 550, 530, 510, 490, 470, 450, 430, 410, 390, 370] [270, 250, 230, 230, 230, 230, 230, 230, 230, 230, 230, 230, 230] [227, 338] 13 0
[570, 570, 570, 570, 550, 530, 510, 490, 470, 450, 430, 410, 390] [290, 270, 250, 230, 230, 230, 230, 230, 230, 230, 230, 230, 230] [227, 338] 13 0
[570, 570, 570, 570, 570, 550, 530, 510, 490, 470, 450, 430, 410] [310, 290, 270, 250, 230, 230, 230, 230, 230, 230, 230, 230, 230] [227, 338] 13 0
[570, 570, 570, 570, 570, 570, 550, 530, 510, 490, 470, 450, 430] [330, 310, 290, 270, 250, 230, 230, 230, 230, 230, 230, 230, 230] [227, 338] 13 0
[550, 570, 570, 570, 570, 570, 570, 550, 530, 510, 490, 470, 450] [330, 330, 310, 290, 270, 250, 230, 230, 230, 230, 230, 230, 230] [227, 338] 13 3
[530, 550, 570, 570, 570, 570, 570, 570, 550, 530, 510, 490, 470] [330, 330, 330, 310, 290, 270, 250, 230, 230, 230, 230, 230, 230] [227, 338] 13 3
[510, 530, 550, 570, 570, 570, 570, 570, 570, 550, 530, 510, 490] [330, 330, 330, 330, 310, 290, 270, 250, 230, 230, 230, 230, 230] [227, 338] 13 3
[490, 510, 530, 550, 570, 570, 570, 570, 570, 570, 550, 530, 510] [330, 330, 330, 330, 330, 310, 290, 270, 250, 230, 230, 230, 230] [227, 338] 13 3
[470, 490, 510, 530, 550, 570, 570, 570, 570, 570, 570, 550, 530] [330, 330, 330, 330, 330, 330, 310, 290, 270, 250, 230, 230, 230] [227, 338] 13 3
[450, 470, 490, 510, 530, 550, 570, 570, 570, 570, 570, 570, 550] [330, 330, 330, 330, 330, 330, 330, 310, 290, 270, 250, 230, 230] [227, 338] 13 3
[430, 450, 470, 490, 510, 530, 550, 570, 570, 570, 570, 570, 570] [330, 330, 330, 330, 330, 330, 330, 330, 310, 290, 270, 250, 230] [227, 338] 13 3
[410, 430, 450, 470, 490, 510, 530, 550, 570, 570, 570, 570, 570] [330, 330, 330, 330, 330, 330, 330, 330, 330, 310, 290, 270, 250] [227, 338] 13 3
[390, 410, 430, 450, 470, 490, 510, 530, 550, 570, 570, 570, 570] [330, 330, 330, 330, 330, 330, 330, 330, 330, 330, 310, 290, 270] [227, 338] 13 3
[370, 390, 410, 430, 450, 470, 490, 510, 530, 550, 570, 570, 570] [330, 330, 330, 330, 330, 330, 330, 330, 330, 330, 330, 310, 290] [227, 338] 13 3
[350, 370, 390, 410, 430, 450, 470, 490, 510, 530, 550, 570, 570] [330, 330, 330, 330, 330, 330, 330, 330, 330, 330, 330, 330, 310] [227, 338] 13 3
[330, 350, 370, 390, 410, 430, 450, 470, 490, 510, 530, 550, 570] [330, 330, 330, 330, 330, 330, 330, 330, 330, 330, 330, 330, 330] [227, 338] 13 3
[310, 330, 350, 370, 390, 410, 430, 450, 470, 490, 510, 530, 550] [330, 330, 330, 330, 330, 330, 330, 330, 330, 330, 330, 330, 330] [227, 338] 13 3
[290, 310, 330, 350, 370, 390, 410, 430, 450, 470, 490, 510, 530] [330, 330, 330, 330, 330, 330, 330, 330, 330, 330, 330, 330, 330] [227, 338] 13 3
[270, 290, 310, 330, 350, 370, 390, 410, 430, 450, 470, 490, 510] [330, 330, 330, 330, 330, 330, 330, 330, 330, 330, 330, 330, 330] [227, 338] 13 3
[250, 270, 290, 310, 330, 350, 370, 390, 410, 430, 450, 470, 490] [330, 330, 330, 330, 330, 330, 330, 330, 330, 330, 330, 330, 330] [227, 338] 13 3
[230, 250, 270, 290, 310, 330, 350, 370, 390, 410, 430, 450, 470] [330, 330, 330, 330, 330, 330, 330, 330, 330, 330, 330, 330, 330] [227, 338] 13 3
[210, 230, 250, 270, 290, 310, 330, 350, 370, 390, 410, 430, 450, 470] [330, 330, 330, 330, 330, 330, 330, 330, 330, 330, 330, 330, 330, 330] [284, 105] 14 3
[210, 210, 230, 250, 270, 290, 310, 330, 350, 370, 390, 410, 430, 450] [310, 330, 330, 330, 330, 330, 330, 330, 330, 330, 330, 330, 330, 330] [284, 105] 14 2
[210, 210, 210, 230, 250, 270, 290, 310, 330, 350, 370, 390, 410, 430] [290, 310, 330, 330, 330, 330, 330, 330, 330, 330, 330, 330, 330, 330] [284, 105] 14 2
[210, 210, 210, 210, 230, 250, 270, 290, 310, 330, 350, 370, 390, 410] [270, 290, 310, 330, 330, 330, 330, 330, 330, 330, 330, 330, 330, 330] [284, 105] 14 2
[210, 210, 210, 210, 210, 230, 250, 270, 290, 310, 330, 350, 370, 390] [250, 270, 290, 310, 330, 330, 330, 330, 330, 330, 330, 330, 330, 330] [284, 105] 14 2
[210, 210, 210, 210, 210, 210, 230, 250, 270, 290, 310, 330, 350, 370] [230, 250, 270, 290, 310, 330, 330, 330, 330, 330, 330, 330, 330, 330] [284, 105] 14 2
[210, 210, 210, 210, 210, 210, 210, 230, 250, 270, 290, 310, 330, 350] [210, 230, 250, 270, 290, 310, 330, 330, 330, 330, 330, 330, 330, 330] [284, 105] 14 2
[210, 210, 210, 210, 210, 210, 210, 210, 230, 250, 270, 290, 310, 330] [190, 210, 230, 250, 270, 290, 310, 330, 330, 330, 330, 330, 330, 330] [284, 105] 14 2
[210, 210, 210, 210, 210, 210, 210, 210, 210, 230, 250, 270, 290, 310] [170, 190, 210, 230, 250, 270, 290, 310, 330, 330, 330, 330, 330, 330] [284, 105] 14 2
[210, 210, 210, 210, 210, 210, 210, 210, 210, 210, 230, 250, 270, 290] [150, 170, 190, 210, 230, 250, 270, 290, 310, 330, 330, 330, 330, 330] [284, 105] 14 2
[210, 210, 210, 210, 210, 210, 210, 210, 210, 210, 210, 230, 250, 270] [130, 150, 170, 190, 210, 230, 250, 270, 290, 310, 330, 330, 330, 330] [284, 105] 14 2
[210, 210, 210, 210, 210, 210, 210, 210, 210, 210, 210, 210, 230, 250] [110, 130, 150, 170, 190, 210, 230, 250, 270, 290, 310, 330, 330, 330] [284, 105] 14 2
[230, 210, 210, 210, 210, 210, 210, 210, 210, 210, 210, 210, 210, 230] [110, 110, 130, 150, 170, 190, 210, 230, 250, 270, 290, 310, 330, 330] [284, 105] 14 1
[250, 230, 210, 210, 210, 210, 210, 210, 210, 210, 210, 210, 210, 210] [110, 110, 110, 130, 150, 170, 190, 210, 230, 250, 270, 290, 310, 330] [284, 105] 14 1
[270, 250, 230, 210, 210, 210, 210, 210, 210, 210, 210, 210, 210, 210] [110, 110, 110, 110, 130, 150, 170, 190, 210, 230, 250, 270, 290, 310] [284, 105] 14 1
