[290, 290, 290, 290, 290] [290, 270, 250, 230, 210] [503, 557] 5 0
[290, 290, 290, 290, 290] [310, 290, 270, 250, 230] [503, 557] 5 0
[290, 290, 290, 290, 290] [330, 310, 290, 270, 250] [503, 557] 5 0
[290, 290, 290, 290, 290] [350, 330, 310, 290, 270] [503, 557] 5 0
[290, 290, 290, 290, 290] [370, 350, 330, 310, 290] [503, 557] 5 0
[290, 290, 290, 290, 290] [390, 370, 350, 330, 310] [503, 557] 5 0
[290, 290, 290, 290, 290] [410, 390, 370, 350, 330] [503, 557] 5 0
[290, 290, 290, 290, 290] [430, 410, 390, 370, 350] [503, 557] 5 0
[290, 290, 290, 290, 290] [450, 430, 410, 390, 370] [503, 557] 5 0
[290, 290, 290, 290, 290] [470, 450, 430, 410, 390] [503, 557] 5 0
[290, 290, 290, 290, 290] [490, 470, 450, 430, 410] [503, 557] 5 0
[290, 290, 290, 290, 290] [510, 490, 470, 450, 430] [503, 557] 5 0
[290, 290, 290, 290, 290] [530, 510, 490, 470, 450] [503, 557] 5 0
[290, 290, 290, 290, 290] [550, 530, 510, 490, 470] [503, 557] 5 0
[310, 290, 290, 290, 290] [550, 550, 530, 510, 490] [503, 557] 5 1
[330, 310, 290, 290, 290] [550, 550, 550, 530, 510] [503, 557] 5 1
[350, 330, 310, 290, 290] [550, 550, 550, 550, 530] [503, 557] 5 1
[370, 350, 330, 310, 290] [550, 550, 550, 550, 550] [503, 557] 5 1
[390, 370, 350, 330, 310] [550, 550, 550, 550, 550] [503, 557] 5 1
[410, 390, 370, 350, 330] [550, 550, 550, 550, 550] [503, 557] 5 1
[430, 410, 390, 370, 350] [550, 550, 550, 550, 550] [503, 557] 5 1
[450, 430, 410, 390, 370] [550, 550, 550, 550, 550] [503, 557] 5 1
[470, 450, 430, 410, 390] [550, 550, 550, 550, 550] [503, 557] 5 1
[490, 470, 450, 430, 410] [550, 550, 550, 550, 550] [503, 557] 5 1
[510, 490, 470, 450, 430, 410] [550, 550, 550, 550, 550, 550] [285, 125] 6 1
[510, 510, 490, 470, 450, 430] [530, 550, 550, 550, 550, 550] [285, 125] 6 2
[510, 510, 510, 490, 470, 450] [510, 530, 550, 550, 550, 550] [285, 125] 6 2
[510, 510, 510, 510, 490, 470] [490, 510, 530, 550, 550, 550] [285, 125] 6 2
[510, 510, 510, 510, 510, 490] [470, 490, 510, 530, 550, 550] [285, 125] 6 2
[510, 510, 510, 510, 510, 510] [450, 470, 490, 510, 530, 550] [285, 125] 6 2
[510, 510, 510, 510, 510, 510] [430, 450, 470, 490, 510, 530] [285, 125] 6 2
[510, 510, 510, 510, 510, 510] [410, 430, 450, 470, 490, 510] [285, 125] 6 2
[510, 510, 510, 510, 510, 510] [390, 410, 430, 450, 470, 490] [285, 125] 6 2
[510, 510, 510, 510, 510, 510] [370, 390, 410, 430, 450, 470] [285, 125] 6 2
[510, 510, 510, 510, 510, 510] [350, 370, 390, 410, 430, 450] [285, 125] 6 2
[510, 510, 510, 510, 510, 510] [330, 350, 370, 390, 410, 430] [285, 125] 6 2
[510, 510, 510, 510, 510, 510] [310, 330, 350, 370, 390, 410] [285, 125] 6 2
[510, 510, 510, 510, 510, 510] [290, 310, 330, 350, 370, 390] [285, 125] 6 2
[510, 510, 510, 510, 510, 510] [270, 290, 310, 330, 350, 370] [285, 125] 6 2
[510, 510, 510, 510, 510, 510] [250, 270, 290, 310, 330, 350] [285, 125] 6 2
[510, 510, 510, 510, 510, 510] [230, 250, 270, 290, 310, 330] [285, 125] 6 2
[510, 510, 510, 510, 510, 510] [210, 230, 250, 270, 290, 310] [285, 125] 6 2
[510, 510, 510, 510, 510, 510] [190, 210, 230, 250, 270, 290] [285, 125] 6 2
[510, 510, 510, 510, 510, 510] [170, 190, 210, 230, 250, 270] [285, 125] 6 2
[510, 510, 510, 510, 510, 510] [150, 170, 190, 210, 230, 250] [285, 125] 6 2
[510, 510, 510, 510, 510, 510] [130, 150, 170, 190, 210, 230] [285, 125] 6 2
[510, 510, 510, 510, 510, 510] [110, 130, 150, 170, 190, 210] [285, 125] 6 2
[490, 510, 510, 510, 510, 510] [110, 110, 130, 150, 170, 190] [285, 125] 6 3
[470, 490, 510, 510, 510, 510] [110, 110, 110, 130, 150, 170] [285, 125] 6 3
[450, 470, 490, 510, 510, 510] [110, 110, 110, 110, 130, 150] [285, 125] 6 3
[430, 450, 470, 490, 510, 510] [110, 110, 110, 110, 110, 130] [285, 125] 6 3
[410, 430, 450, 470, 490, 510] [110, 110, 110, 110, 110, 110] [285, 125] 6 3
[390, 410, 430, 450, 470, 490] [110, 110, 110, 110, 110, 110] [285, 125] 6 3
[370, 390, 410, 430, 450, 470] [110, 110, 110, 110, 110, 110] [285, 125] 6 3
[350, 370, 390, 410, 430, 450] [110, 110, 110, 110, 110, 110] [285, 125] 6 3
[330, 350, 370, 390, 410, 430] [110, 110, 110, 110, 110, 110] [285, 125] 6 3
[310, 330, 350, 370, 390, 410] [110, 110, 110, 110, 110, 110] [285, 125] 6 3
[290, 310, 330, 350, 370, 390] [110, 110, 110, 110, 110, 110] [285, 125] 6 3
[270, 290, 310, 330, 350, 370, 390] [110, 110, 110, 110, 110, 110, 110] [367, 531] 7 3
[250, 270, 290, 310, 330, 350, 370] [110, 110, 110, 110, 110, 110, 110] [367, 531] 7 3
[250, 250, 270, 290, 310, 330, 350] [130, 110, 110, 110, 110, 110, 110] [367, 531] 7 0
[250, 250, 250, 270, 290, 310, 330] [150, 130, 110, 110, 110, 110, 110] [367, 531] 7 0
[250, 250, 250, 250, 270, 290, 310] [170, 150, 130, 110, 110, 110, 110] [367, 531] 7 0
[250, 250, 250, 250, 250, 270, 290] [190, 170, 150, 130, 110, 110, 110] [367, 531] 7 0
[250, 250, 250, 250, 250, 250, 270] [210, 190, 170, 150, 130, 110, 110] [367, 531] 7 0
[250, 250, 250, 250, 250, 250, 250] [230, 210, 190, 170, 150, 130, 110] [367, 531] 7 0
[250, 250, 250, 250, 250, 250, 250] [250, 230, 210, 190, 170, 150, 130] [367, 531] 7 0
[250, 250, 250, 250, 250, 250, 250] [270, 250, 230, 210, 190, 170, 150] [367, 531] 7 0
[250, 250, 250, 250, 250, 250, 250] [290, 270, 250, 230, 210, 190, 170] [367, 531] 7 0
[250, 250, 250, 250, 250, 250, 250] [310, 290, 270, 250, 230, 210, 190] [367, 531] 7 0
[250, 250, 250, 250, 250, 250, 250] [330, 310, 290, 270, 250, 230, 210] [367, 531] 7 0
[250, 250, 250, 250, 250, 250, 250] [350, 330, 310, 290, 270, 250, 230] [367, 531] 7 0
[250, 250, 250, 250, 250, 250, 250] [370, 350, 330, 310, 290, 270, 250] [367, 531] 7 0
[250, 250, 250, 250, 250, 250, 250] [390, 370, 350, 330, 310, 290, 270] [367, 531] 7 0
[250, 250, 250, 250, 250, 250, 250] [410, 390, 370, 350, 330, 310, 290] [367, 531] 7 0
[250, 250, 250, 250, 250, 250, 250] [430, 410, 390, 370, 350, 330, 310] [367, 531] 7 0
[250, 250, 250, 250, 250, 250, 250] [450, 430, 410, 390, 370, 350, 330] [367, 531] 7 0
[250, 250, 250, 250, 250, 250, 250] [470, 450, 430, 410, 390, 370, 350] [367, 531] 7 0
[250, 250, 250, 250, 250, 250, 250] [490, 470, 450, 430, 410, 390, 370] [367, 531] 7 0
[250, 250, 250, 250, 250, 250, 250] [510, 490, 470, 450, 430, 410, 390] [367, 531] 7 0
[250, 250, 250, 250, 250, 250, 250] [530, 510, 490, 470, 450, 430, 410] [367, 531] 7 0
[270, 250, 250, 250, 250, 250, 250] [530, 530, 510, 490, 470, 450, 430] [367, 531] 7 1
[290, 270, 250, 250, 250, 250, 250] [530, 530, 530, 510, 490, 470, 450] [367, 531] 7 1
[310, 290, 270, 250, 250, 250, 250] [530, 530, 530, 530, 510, 490, 470] [367, 531] 7 1
[330, 310, 290, 270, 250, 250, 250] [530, 530, 530, 530, 530, 510, 490] [367, 531] 7 1
[350, 330, 310, 290, 270, 250, 250] [530, 530, 530, 530, 530, 530, 510] [367, 531] 7 1
[370, 350, 330, 310, 290, 270, 250, 250] [530, 530, 530, 530, 530, 530, 530, 510] [338, 355] 8 1
[370, 370, 350, 330, 310, 290, 270, 250] [510, 530, 530, 530, 530, 530, 530, 530] [338, 355] 8 2
[370, 370, 370, 350, 330, 310, 290, 270] [490, 510, 530, 530, 530, 530, 530, 530] [338, 355] 8 2
[370, 370, 370, 370, 350, 330, 310, 290] [470, 490, 510, 530, 530, 530, 530, 530] [338, 355] 8 2
[370, 370, 370, 370, 370, 350, 330, 310] [450, 470, 490, 510, 530, 530, 530, 530] [338, 355] 8 2
[370, 370, 370, 370, 370, 370, 350, 330] [430, 450, 470, 490, 510, 530, 530, 530] [338, 355] 8 2
[370, 370, 370, 370, 370, 370, 370, 350] [410, 430, 450, 470, 490, 510, 530, 530] [338, 355] 8 2
[370, 370, 370, 370, 370, 370, 370, 370] [390, 410, 430, 450, 470, 490, 510, 530] [338, 355] 8 2
[370, 370, 370, 370, 370, 370, 370, 370] [370, 390, 410, 430, 450, 470, 490, 510] [338, 355] 8 2
[370, 370, 370, 370, 370, 370, 370, 370] [350, 370, 390, 410, 430, 450, 470, 490] [338, 355] 8 2
[350, 370, 370, 370, 370, 370, 370, 370] [350, 350, 370, 390, 410, 430, 450, 470] [338, 355] 8 3
[330, 350, 370, 370, 370, 370, 370, 370] [350, 350, 350, 370, 390, 410, 430, 450] [338, 355] 8 3
[310, 330, 350, 370, 370, 370, 370, 370, 370] [350, 350, 350, 350, 370, 390, 410, 430, 450] [383, 200] 9 3
[310, 310, 330, 350, 370, 370, 370, 370, 370] [330, 350, 350, 350, 350, 370, 390, 410, 430] [383, 200] 9 2
[310, 310, 310, 330, 350, 370, 370, 370, 370] [310, 330, 350, 350, 350, 350, 370, 390, 410] [383, 200] 9 2
[310, 310, 310, 310, 330, 350, 370, 370, 370] [290, 310, 330, 350, 350, 350, 350, 370, 390] [383, 200] 9 2
[310, 310, 310, 310, 310, 330, 350, 370, 370] [270, 290, 310, 330, 350, 350, 350, 350, 370] [383, 200] 9 2
[310, 310, 310, 310, 310, 310, 330, 350, 370] [250, 270, 290, 310, 330, 350, 350, 350, 350] [383, 200] 9 2
[310, 310, 310, 310, 310, 310, 310, 330, 350] [230, 250, 270, 290, 310, 330, 350, 350, 350] [383, 200] 9 2
[310, 310, 310, 310, 310, 310, 310, 310, 330] [210, 230, 250, 270, 290, 310, 330, 350, 350] [383, 200] 9 2
[310, 310, 310, 310, 310, 310, 310, 310, 310] [190, 210, 230, 250, 270, 290, 310, 330, 350] [383, 200] 9 2
[330, 310, 310, 310, 310, 310, 310, 310, 310] [190, 190, 210, 230, 250, 270, 290, 310, 330] [383, 200] 9 1
[350, 330, 310, 310, 310, 310, 310, 310, 310] [190, 190, 190, 210, 230, 250, 270, 290, 310] [383, 200] 9 1
[370, 350, 330, 310, 310, 310, 310, 310, 310] [190, 190, 190, 190, 210, 230, 250, 270, 290] [383, 200] 9 1
[390, 370, 350, 330, 310, 310, 310, 310, 310, 310] [190, 190, 190, 190, 190, 210, 230, 250, 270, 290] [85, 570] 10 1
[390, 390, 370, 350, 330, 310, 310, 310, 310, 310] [210, 190, 190, 190, 190, 190, 210, 230, 250, 270] [85, 570] 10 0
[390, 390, 390, 370, 350, 330, 310, 310, 310, 310] [230, 210, 190, 190, 190, 190, 190, 210, 230, 250] [85, 570] 10 0
[390, 390, 390, 390, 370, 350, 330, 310, 310, 310] [250, 230, 210, 190, 190, 190, 190, 190, 210, 230] [85, 570] 10 0
[390, 390, 390, 390, 390, 370, 350, 330, 310, 310] [270, 250, 230, 210, 190, 190, 190, 190, 190, 210] [85, 570] 10 0
[390, 390, 390, 390, 390, 390, 370, 350, 330, 310] [290, 270, 250, 230, 210, 190, 190, 190, 190, 190] [85, 570] 10 0
[390, 390, 390, 390, 390, 390, 390, 370, 350, 330] [310, 290, 270, 250, 230, 210, 190, 190, 190, 190] [85, 570] 10 0
[390, 390, 390, 390, 390, 390, 390, 390, 370, 350] [330, 310, 290, 270, 250, 230, 210, 190, 190, 190] [85, 570] 10 0
[390, 390, 390, 390, 390, 390, 390, 390, 390, 370] [350, 330, 310, 290, 270, 250, 230, 210, 190, 190] [85, 570] 10 0
[390, 390, 390, 390, 390, 390, 390, 390, 390, 390] [370, 350, 330, 310, 290, 270, 250, 230, 210, 190] [85, 570] 10 0
[390, 390, 390, 390, 390, 390, 390, 390, 390, 390] [390, 370, 350, 330, 310, 290, 270, 250, 230, 210] [85, 570] 10 0
[390, 390, 390, 390, 390, 390, 390, 390, 390, 390] [410, 390, 370, 350, 330, 310, 290, 270, 250, 230] [85, 570] 10 0
[390, 390, 390, 390, 390, 390, 390, 390, 390, 390] [430, 410, 390, 370, 350, 330, 310, 290, 270, 250] [85, 570] 10 0
[390, 390, 390, 390, 390, 390, 390, 390, 390, 390] [450, 430, 410, 390, 370, 350, 330, 310, 290, 270] [85, 570] 10 0
[390, 390, 390, 390, 390, 390, 390, 390, 390, 390] [470, 450, 430, 410, 390, 370, 350, 330, 310, 290] [85, 570] 10 0
[390, 390, 390, 390, 390, 390, 390, 390, 390, 390] [490, 470, 450, 430, 410, 390, 370, 350, 330, 310] [85, 570] 10 0
[390, 390, 390, 390, 390, 390, 390, 390, 390, 390] [510, 490, 470, 450, 430, 410, 390, 370, 350, 330] [85, 570] 10 0
[390, 390, 390, 390, 390, 390, 390, 390, 390, 390] [530, 510, 490, 470, 450, 430, 410, 390, 370, 350] [85, 570] 10 0
[390, 390, 390, 390, 390, 390, 390, 390, 390, 390] [550, 530, 510, 490, 470, 450, 430, 410, 390, 370] [85, 570] 10 0
[390, 390, 390, 390, 390, 390, 390, 390, 390, 390] [570, 550, 530, 510, 490, 470, 450, 430, 410, 390] [85, 570] 10 0
[370, 390, 390, 390, 390, 390, 390, 390, 390, 390] [570, 570, 550, 530, 510, 490, 470, 450, 430, 410] [85, 570] 10 3
[350, 370, 390, 390, 390, 390, 390, 390, 390, 390] [570, 570, 570, 550, 530, 510, 490, 470, 450, 430] [85, 570] 10 3
[330, 350, 370, 390, 390, 390, 390, 390, 390, 390] [570, 570, 570, 570, 550, 530, 510, 490, 470, 450] [85, 570] 10 3
[310, 330, 350, 370, 390, 390, 390, 390, 390, 390] [570, 570, 570, 570, 570, 550, 530, 510, 490, 470] [85, 570] 10 3
[290, 310, 330, 350, 370, 390, 390, 390, 390, 390] [570, 570, 570, 570, 570, 570, 550, 530, 510, 490] [85, 570] 10 3
[270, 290, 310, 330, 350, 370, 390, 390, 390, 390] [570, 570, 570, 570, 570, 570, 570, 550, 530, 510] [85, 570] 10 3
[250, 270, 290, 310, 330, 350, 370, 390, 390, 390] [570, 570, 570, 570, 570, 570, 570, 570, 550, 530] [85, 570] 10 3
[230, 250, 270, 290, 310, 330, 350, 370, 390, 390] [570, 570, 570, 570, 570, 570, 570, 570, 570, 550] [85, 570] 10 3
[210, 230, 250, 270, 290, 310, 330, 350, 370, 390] [570, 570, 570, 570, 570, 570, 570, 570, 570, 570] [85, 570] 10 3
[190, 210, 230, 250, 270, 290, 310, 330, 350, 370] [570, 570, 570, 570, 570, 570, 570, 570, 570, 570] [85, 570] 10 3
[170, 190, 210, 230, 250, 270, 290, 310, 330, 350] [570, 570, 570, 570, 570, 570, 570, 570, 570, 570] [85, 570] 10 3
[150, 170, 190, 210, 230, 250, 270, 290, 310, 330] [570, 570, 570, 570, 570, 570, 570, 570, 570, 570] [85, 570] 10 3
[130, 150, 170, 190, 210, 230, 250, 270, 290, 310] [570, 570, 570, 570, 570, 570, 570, 570, 570, 570] [85, 570] 10 3
[110, 130, 150, 170, 190, 210, 230, 250, 270, 290] [570, 570, 570, 570, 570, 570, 570, 570, 570, 570] [85, 570] 10 3
[90, 110, 130, 150, 170, 190, 210, 230, 250, 270] [570, 570, 570, 570, 570, 570, 570, 570, 570, 570] [85, 570] 10 3
[70, 90, 110, 130, 150, 170, 190, 210, 230, 250, 270] [570, 570, 570, 570, 570, 570, 570, 570, 570, 570, 570] [299, 70] 11 3
[70, 70, 90, 110, 130, 150, 170, 190, 210, 230, 250] [550, 570, 570, 570, 570, 570, 570, 570, 570, 570, 570] [299, 70] 11 2
[70, 70, 70, 90, 110, 130, 150, 170, 190, 210, 230] [530, 550, 570, 570, 570, 570, 570, 570, 570, 570, 570] [299, 70] 11 2
[70, 70, 70, 70, 90, 110, 130, 150, 170, 190, 210] [510, 530, 550, 570, 570, 570, 570, 570, 570, 570, 570] [299, 70] 11 2
[70, 70, 70, 70, 70, 90, 110, 130, 150, 170, 190] [490, 510, 530, 550, 570, 570, 570, 570, 570, 570, 570] [299, 70] 11 2
[70, 70, 70, 70, 70, 70, 90, 110, 130, 150, 170] [470, 490, 510, 530, 550, 570, 570, 570, 570, 570, 570] [299, 70] 11 2
[70, 70, 70, 70, 70, 70, 70, 90, 110, 130, 150] [450, 470, 490, 510, 530, 550, 570, 570, 570, 570, 570] [299, 70] 11 2
[70, 70, 70, 70, 70, 70, 70, 70, 90, 110, 130] [430, 450, 470, 490, 510, 530, 550, 570, 570, 570, 570] [299, 70] 11 2
[70, 70, 70, 70, 70, 70, 70, 70, 70, 90, 110] [410, 430, 450, 470, 490, 510, 530, 550, 570, 570, 570] [299, 70] 11 2
[70, 70, 70, 70, 70, 70, 70, 70, 70, 70, 90] [390, 410, 430, 450, 470, 490, 510, 530, 550, 570, 570] [299, 70] 11 2
[70, 70, 70, 70, 70, 70, 70, 70, 70, 70, 70] [370, 390, 410, 430, 450, 470, 490, 510, 530, 550, 570] [299, 70] 11 2
[70, 70, 70, 70, 70, 70, 70, 70, 70, 70, 70] [350, 370, 390, 410, 430, 450, 470, 490, 510, 530, 550] [299, 70] 11 2
[70, 70, 70, 70, 70, 70, 70, 70, 70, 70, 70] [330, 350, 370, 390, 410, 430, 450, 470, 490, 510, 530] [299, 70] 11 2
[70, 70, 70, 70, 70, 70, 70, 70, 70, 70, 70] [310, 330, 350, 370, 390, 410, 430, 450, 470, 490, 510] [299, 70] 11 2
[70, 70, 70, 70, 70, 70, 70, 70, 70, 70, 70] [290, 310, 330, 350, 370, 390, 410, 430, 450, 470, 490] [299, 70] 11 2
[70, 70, 70, 70, 70, 70, 70, 70, 70, 70, 70] [270, 290, 310, 330, 350, 370, 390, 410, 430, 450, 470] [299, 70] 11 2
[70, 70, 70, 70, 70, 70, 70, 70, 70, 70, 70] [250, 270, 290, 310, 330, 350, 370, 390, 410, 430, 450] [299, 70] 11 2
[70, 70, 70, 70, 70, 70, 70, 70, 70, 70, 70] [230, 250, 270, 290, 310, 330, 350, 370, 390, 410, 430] [299, 70] 11 2
[70, 70, 70, 70, 70, 70, 70, 70, 70, 70, 70] [210, 230, 250, 270, 290, 310, 330, 350, 370, 390, 410] [299, 70] 11 2
[70, 70, 70, 70, 70, 70, 70, 70, 70, 70, 70] [190, 210, 230, 250, 270, 290, 310, 330, 350, 370, 390] [299, 70] 11 2
[70, 70, 70, 70, 70, 70, 70, 70, 70, 70, 70] [170, 190, 210, 230, 250, 270, 290, 310, 330, 350, 370] [299, 70] 11 2
[70, 70, 70, 70, 70, 70, 70, 70, 70, 70, 70] [150, 170, 190, 210, 230, 250, 270, 290, 310, 330, 350] [299, 70] 11 2
[70, 70, 70, 70, 70, 70, 70, 70, 70, 70, 70] [130, 150, 170, 190, 210, 230, 250, 270, 290, 310, 330] [299, 70] 11 2
[70, 70, 70, 70, 70, 70, 70, 70, 70, 70, 70] [110, 130, 150, 170, 190, 210, 230, 250, 270, 290, 310] [299, 70] 11 2
[70, 70, 70, 70, 70, 70, 70, 70, 70, 70, 70] [90, 110, 130, 150, 170, 190, 210, 230, 250, 270, 290] [299, 70] 11 2
[70, 70, 70, 70, 70, 70, 70, 70, 70, 70, 70] [70, 90, 110, 130, 150, 170, 190, 210, 230, 250, 270] [299, 70] 11 2
[90, 70, 70, 70, 70, 70, 70, 70, 70, 70, 70] [70, 70, 90, 110, 130, 150, 170, 190, 210, 230, 250] [299, 70] 11 1
[110, 90, 70, 70, 70, 70, 70, 70, 70, 70, 70] [70, 70, 70, 90, 110, 130, 150, 170, 190, 210, 230] [299, 70] 11 1
[130, 110, 90, 70, 70, 70, 70, 70, 70, 70, 70] [70, 70, 70, 70, 90, 110, 130, 150, 170, 190, 210] [299, 70] 11 1
[150, 130, 110, 90, 70, 70, 70, 70, 70, 70, 70] [70, 70, 70, 70, 70, 90, 110, 130, 150, 170, 190] [299, 70] 11 1
[170, 150, 130, 110, 90, 70, 70, 70, 70, 70, 70] [70, 70, 70, 70, 70, 70, 90, 110, 130, 150, 170] [299, 70] 11 1
[190, 170, 150, 130, 110, 90, 70, 70, 70, 70, 70] [70, 70, 70, 70, 70, 70, 70, 90, 110, 130, 150] [299, 70] 11 1
[210, 190, 170, 150, 130, 110, 90, 70, 70, 70, 70] [70, 70, 70, 70, 70, 70, 70, 70, 90, 110, 130] [299, 70] 11 1
[230, 210, 190, 170, 150, 130, 110, 90, 70, 70, 70] [70, 70, 70, 70, 70, 70, 70, 70, 70, 90, 110] [299, 70] 11 1
[250, 230, 210, 190, 170, 150, 130, 110, 90, 70, 70] [70, 70, 70, 70, 70, 70, 70, 70, 70, 70, 90] [299, 70] 11 1
[270, 250, 230, 210, 190, 170, 150, 130, 110, 90, 70] [70, 70, 70, 70, 70, 70, 70, 70, 70, 70, 70] [299, 70] 11 1
[290, 270, 250, 230, 210, 190, 170, 150, 130, 110, 90] [70, 70, 70, 70, 70, 70, 70, 70, 70, 70, 70] [299, 70] 11 1
[310, 290, 270, 250, 230, 210, 190, 170, 150, 130, 110, 90] [70, 70, 70, 70, 70, 70, 70, 70, 70, 70, 70, 70] [226, 114] 12 1
[310, 310, 290, 270, 250, 230, 210, 190, 170, 150, 130, 110] [90, 70, 70, 70, 70, 70, 70, 70, 70, 70, 70, 70] [226, 114] 12 0
[310, 310, 310, 290, 270, 250, 230, 210, 190, 170, 150, 130] [110, 90, 70, 70, 70, 70, 70, 70, 70, 70, 70, 70] [226, 114] 12 0
[290, 310, 310, 310, 290, 270, 250, 230, 210, 190, 170, 150] [110, 110, 90, 70, 70, 70, 70, 70, 70, 70, 70, 70] [226, 114] 12 3
[270, 290, 310, 310, 310, 290, 270, 250, 230, 210, 190, 170] [110, 110, 110, 90, 70, 70, 70, 70, 70, 70, 70, 70] [226, 114] 12 3
[250, 270, 290, 310, 310, 310, 290, 270, 250, 230, 210, 190] [110, 110, 110, 110, 90, 70, 70, 70, 70, 70, 70, 70] [226, 114] 12 3
[230, 250, 270, 290, 310, 310, 310, 290, 270, 250, 230, 210] [110, 110, 110, 110, 110, 90, 70, 70, 70, 70, 70, 70] [226, 114] 12 3
[210, 230, 250, 270, 290, 310, 310, 310, 290, 270, 250, 230, 210] [110, 110, 110, 110, 110, 110, 90, 70, 70, 70, 70, 70, 70] [516, 135] 13 3
[210, 210, 230, 250, 270, 290, 310, 310, 310, 290, 270, 250, 230] [130, 110, 110, 110, 110, 110, 110, 90, 70, 70, 70, 70, 70] [516, 135] 13 0
[230, 210, 210, 230, 250, 270, 290, 310, 310, 310, 290, 270, 250] [130, 130, 110, 110, 110, 110, 110, 110, 90, 70, 70, 70, 70] [516, 135] 13 1
[250, 230, 210, 210, 230, 250, 270, 290, 310, 310, 310, 290, 270] [130, 130, 130, 110, 110, 110, 110, 110, 110, 90, 70, 70, 70] [516, 135] 13 1
[270, 250, 230, 210, 210, 230, 250, 270, 290, 310, 310, 310, 290] [130, 130, 130, 130, 110, 110, 110, 110, 110, 110, 90, 70, 70] [516, 135] 13 1
[290, 270, 250, 230, 210, 210, 230, 250, 270, 290, 310, 310, 310] [130, 130, 130, 130, 130, 110, 110, 110, 110, 110, 110, 90, 70] [516, 135] 13 1
[310, 290, 270, 250, 230, 210, 210, 230, 250, 270, 290, 310, 310] [130, 130, 130, 130, 130, 130, 110, 110, 110, 110, 110, 110, 90] [516, 135] 13 1
[330, 310, 290, 270, 250, 230, 210, 210, 230, 250, 270, 290, 310] [130, 130, 130, 130, 130, 130, 130, 110, 110, 110, 110, 110, 110] [516, 135] 13 1
[350, 330, 310, 290, 270, 250, 230, 210, 210, 230, 250, 270, 290] [130, 130, 130, 130, 130, 130, 130, 130, 110, 110, 110, 110, 110] [516, 135] 13 1
[370, 350, 330, 310, 290, 270, 250, 230, 210, 210, 230, 250, 270] [130, 130, 130, 130, 130, 130, 130, 130, 130, 110, 110, 110, 110] [516, 135] 13 1
[390, 370, 350, 330, 310, 290, 270, 250, 230, 210, 210, 230, 250] [130, 130, 130, 130, 130, 130, 130, 130, 130, 130, 110, 110, 110] [516, 135] 13 1
[410, 390, 370, 350, 330, 310, 290, 270, 250, 230, 210, 210, 230] [130, 130, 130, 130, 130, 130, 130, 130, 130, 130, 130, 110, 110] [516, 135] 13 1
[430, 410, 390, 370, 350, 330, 310, 290, 270, 250, 230, 210, 210] [130, 130, 130, 130, 130, 130, 130, 130, 130, 130, 130, 130, 110] [516, 135] 13 1
[450, 430, 410, 390, 370, 350, 330, 310, 290, 270, 250, 230, 210] [130, 130, 130, 130, 130, 130, 130, 130, 130, 130, 130, 130, 130] [516, 135] 13 1
[470, 450, 430, 410, 390, 370, 350, 330, 310, 290, 270, 250, 230] [130, 130, 130, 130, 130, 130, 130, 130, 130, 130, 130, 130, 130] [516, 135] 13 1
[490, 470, 450, 430, 410, 390, 370, 350, 330, 310, 290, 270, 250] [130, 130, 130, 130, 130, 130, 130, 130, 130, 130, 130, 130, 130] [516, 135] 13 1
[510, 490, 470, 450, 430, 410, 390, 370, 350, 330, 310, 290, 270] [130, 130, 130, 130, 130, 130, 130, 130, 130, 130, 130, 130, 130] [516, 135] 13 1
[510, 510, 490, 470, 450, 430, 410, 390, 370, 350, 330, 310, 290, 270] [110, 130, 130, 130, 130, 130, 130, 130, 130, 130, 130, 130, 130, 130] [57, 99] 14 2
[510, 510, 510, 490, 470, 450, 430, 410, 390, 370, 350, 330, 310, 290] [90, 110, 130, 130, 130, 130, 130, 130, 130, 130, 130, 130, 130, 130] [57, 99] 14 2
[490, 510, 510, 510, 490, 470, 450, 430, 410, 390, 370, 350, 330, 310] [90, 90, 110, 130, 130, 130, 130, 130, 130, 130, 130, 130, 130, 130] [57, 99] 14 3
[470, 490, 510, 510, 510, 490, 470, 450, 430, 410, 390, 370, 350, 330] [90, 90, 90, 110, 130, 130, 130, 130, 130, 130, 130, 130, 130, 130] [57, 99] 14 3
[450, 470, 490, 510, 510, 510, 490, 470, 450, 430, 410, 390, 370, 350] [90, 90, 90, 90, 110, 130, 130, 130, 130, 130, 130, 130, 130, 130] [57, 99] 14 3
[430, 450, 470, 490, 510, 510, 510, 490, 470, 450, 430, 410, 390, 370] [90, 90, 90, 90, 90, 110, 130, 130, 130, 130, 130, 130, 130, 130] [57, 99] 14 3
[410, 430, 450, 470, 490, 510, 510, 510, 490, 470, 450, 430, 410, 390] [90, 90, 90, 90, 90, 90, 110, 130, 130, 130, 130, 130, 130, 130] [57, 99] 14 3
[390, 410, 430, 450, 470, 490, 510, 510, 510, 490, 470, 450, 430, 410] [90, 90, 90, 90, 90, 90, 90, 110, 130, 130, 130, 130, 130, 130] [57, 99] 14 3
[370, 390, 410, 430, 450, 470, 490, 510, 510, 510, 490, 470, 450, 430] [90, 90, 90, 90, 90, 90, 90, 90, 110, 130, 130, 130, 130, 130] [57, 99] 14 3
[350, 370, 390, 410, 430, 450, 470, 490, 510, 510, 510, 490, 470, 450] [90, 90, 90, 90, 90, 90, 90, 90, 90, 110, 130, 130, 130, 130] [57, 99] 14 3
[330, 350, 370, 390, 410, 430, 450, 470, 490, 510, 510, 510, 490, 470] [90, 90, 90, 90, 90, 90, 90, 90, 90, 90, 110, 130, 130, 130] [57, 99] 14 3
[310, 330, 350, 370, 390, 410, 430, 450, 470, 490, 510, 510, 510, 490] [90, 90, 90, 90, 90, 90, 90, 90, 90, 90, 90, 110, 130, 130] [57, 99] 14 3
[290, 310, 330, 350, 370, 390, 410, 430, 450, 470, 490, 510, 510, 510] [90, 90, 90, 90, 90, 90, 90, 90, 90, 90, 90, 90, 110, 130] [57, 99] 14 3
[270, 290, 310, 330, 350, 370, 390, 410, 430, 450, 470, 490, 510, 510] [90, 90, 90, 90, 90, 90, 90, 90, 90, 90, 90, 90, 90, 110] [57, 99] 14 3
[250, 270, 290, 310, 330, 350, 370, 390, 410, 430, 450, 470, 490, 510] [90, 90, 90, 90, 90, 90, 90, 90, 90, 90, 90, 90, 90, 90] [57, 99] 14 3
[230, 250, 270, 290, 310, 330, 350, 370, 390, 410, 430, 450, 470, 490] [90, 90, 90, 90, 90, 90, 90, 90, 90, 90, 90, 90, 90, 90] [57, 99] 14 3
[210, 230, 250, 270, 290, 310, 330, 350, 370, 390, 410, 430, 450, 470] [90, 90, 90, 90, 90, 90, 90, 90, 90, 90, 90, 90, 90, 90] [57, 99] 14 3
[190, 210, 230, 250, 270, 290, 310, 330, 350, 370, 390, 410, 430, 450] [90, 90, 90, 90, 90, 90, 90, 90, 90, 90, 90, 90, 90, 90] [57, 99] 14 3
[170, 190, 210, 230, 250, 270, 290, 310, 330, 350, 370, 390, 410, 430] [90, 90, 90, 90, 90, 90, 90, 90, 90, 90, 90, 90, 90, 90] [57, 99] 14 3
[150, 170, 190, 210, 230, 250, 270, 290, 310, 330, 350, 370, 390, 410] [90, 90, 90, 90, 90, 90, 90, 90, 90, 90, 90, 90, 90, 90] [57, 99] 14 3
[130, 150, 170, 190, 210, 230, 250, 270, 290, 310, 330, 350, 370, 390] [90, 90, 90, 90, 90, 90, 90, 90, 90, 90, 90, 90, 90, 90] [57, 99] 14 3
[110, 130, 150, 170, 190, 210, 230, 250, 270, 290, 310, 330, 350, 370] [90, 90, 90, 90, 90, 90, 90, 90, 90, 90, 90, 90, 90, 90] [57, 99] 14 3
[90, 110, 130, 150, 170, 190, 210, 230, 250, 270, 290, 310, 330, 350] [90, 90, 90, 90, 90, 90, 90, 90, 90, 90, 90, 90, 90, 90] [57, 99] 14 3
[70, 90, 110, 130, 150, 170, 190, 210, 230, 250, 270, 290, 310, 330] [90, 90, 90, 90, 90, 90, 90, 90, 90, 90, 90, 90, 90, 90] [57, 99] 14 3
[50, 70, 90, 110, 130, 150, 170, 190, 210, 230, 250, 270, 290, 310] [90, 90, 90, 90, 90, 90, 90, 90, 90, 90, 90, 90, 90, 90] [57, 99] 14 3
[50, 50, 70, 90, 110, 130, 150, 170, 190, 210, 230, 250, 270, 290, 310] [110, 90, 90, 90, 90, 90, 90, 90, 90, 90, 90, 90, 90, 90, 90] [467, 254] 15 0
[50, 50, 50, 70, 90, 110, 130, 150, 170, 190, 210, 230, 250, 270, 290] [130, 110, 90, 90, 90, 90, 90, 90, 90, 90, 90, 90, 90, 90, 90] [467, 254] 15 0
[50, 50, 50, 50, 70, 90, 110, 130, 150, 170, 190, 210, 230, 250, 270] [150, 130, 110, 90, 90, 90, 90, 90, 90, 90, 90, 90, 90, 90, 90] [467, 254] 15 0
[50, 50, 50, 50, 50, 70, 90, 110, 130, 150, 170, 190, 210, 230, 250] [170, 150, 130, 110, 90, 90, 90, 90, 90, 90, 90, 90, 90, 90, 90] [467, 254] 15 0
[50, 50, 50, 50, 50, 50, 70, 90, 110, 130, 150, 170, 190, 210, 230] [190, 170, 150, 130, 110, 90, 90, 90, 90, 90, 90, 90, 90, 90, 90] [467, 254] 15 0
[50, 50, 50, 50, 50, 50, 50, 70, 90, 110, 130, 150, 170, 190, 210] [210, 190, 170, 150, 130, 110, 90, 90, 90, 90, 90, 90, 90, 90, 90] [467, 254] 15 0
[50, 50, 50, 50, 50, 50, 50, 50, 70, 90, 110, 130, 150, 170, 190] [230, 210, 190, 170, 150, 130, 110, 90, 90, 90, 90, 90, 90, 90, 90] [467, 254] 15 0
[50, 50, 50, 50, 50, 50, 50, 50, 50, 70, 90, 110, 130, 150, 170] [250, 230, 210, 190, 170, 150, 130, 110, 90, 90, 90, 90, 90, 90, 90] [467, 254] 15 0
[70, 50, 50, 50, 50, 50, 50, 50, 50, 50, 70, 90, 110, 130, 150] [250, 250, 230, 210, 190, 170, 150, 130, 110, 90, 90, 90, 90, 90, 90] [467, 254] 15 1
[90, 70, 50, 50, 50, 50, 50, 50, 50, 50, 50, 70, 90, 110, 130] [250, 250, 250, 230, 210, 190, 170, 150, 130, 110, 90, 90, 90, 90, 90] [467, 254] 15 1
[110, 90, 70, 50, 50, 50, 50, 50, 50, 50, 50, 50, 70, 90, 110] [250, 250, 250, 250, 230, 210, 190, 170, 150, 130, 110, 90, 90, 90, 90] [467, 254] 15 1
[130, 110, 90, 70, 50, 50, 50, 50, 50, 50, 50, 50, 50, 70, 90] [250, 250, 250, 250, 250, 230, 210, 190, 170, 150, 130, 110, 90, 90, 90] [467, 254] 15 1
[150, 130, 110, 90, 70, 50, 50, 50, 50, 50, 50, 50, 50, 50, 70] [250, 250, 250, 250, 250, 250, 230, 210, 190, 170, 150, 130, 110, 90, 90] [467, 254] 15 1
[170, 150, 130, 110, 90, 70, 50, 50, 50, 50, 50, 50, 50, 50, 50] [250, 250, 250, 250, 250, 250, 250, 230, 210, 190, 170, 150, 130, 110, 90] [467, 254] 15 1
[190, 170, 150, 130, 110, 90, 70, 50, 50, 50, 50, 50, 50, 50, 50] [250, 250, 250, 250, 250, 250, 250, 250, 230, 210, 190, 170, 150, 130, 110] [467, 254] 15 1
[210, 190, 170, 150, 130, 110, 90, 70, 50, 50, 50, 50, 50, 50, 50] [250, 250, 250, 250, 250, 250, 250, 250, 250, 230, 210, 190, 170, 150, 130] [467, 254] 15 1
[230, 210, 190, 170, 150, 130, 110, 90, 70, 50, 50, 50, 50, 50, 50] [250, 250, 250, 250, 250, 250, 250, 250, 250, 250, 230, 210, 190, 170, 150] [467, 254] 15 1
[250, 230, 210, 190, 170, 150, 130, 110, 90, 70, 50, 50, 50, 50, 50] [250, 250, 250, 250, 250, 250, 250, 250, 250, 250, 250, 230, 210, 190, 170] [467, 254] 15 1
[270, 250, 230, 210, 190, 170, 150, 130, 110, 90, 70, 50, 50, 50, 50] [250, 250, 250, 250, 250, 250, 250, 250, 250, 250, 250, 250, 230, 210, 190] [467, 254] 15 1
[290, 270, 250, 230, 210, 190, 170, 150, 130, 110, 90, 70, 50, 50, 50] [250, 250, 250, 250, 250, 250, 250, 250, 250, 250, 250, 250, 250, 230, 210] [467, 254] 15 1
[310, 290, 270, 250, 230, 210, 190, 170, 150, 130, 110, 90, 70, 50, 50] [250, 250, 250, 250, 250, 250, 250, 250, 250, 250, 250, 250, 250, 250, 230] [467, 254] 15 1
[330, 310, 290, 270, 250, 230, 210, 190, 170, 150, 130, 110, 90, 70, 50] [250, 250, 250, 250, 250, 250, 250, 250, 250, 250, 250, 250, 250, 250, 250] [467, 254] 15 1
[350, 330, 310, 290, 270, 250, 230, 210, 190, 170, 150, 130, 110, 90, 70] [250, 250, 250, 250, 250, 250, 250, 250, 250, 250, 250, 250, 250, 250, 250] [467, 254] 15 1
[370, 350, 330, 310, 290, 270, 250, 230, 210, 190, 170, 150, 130, 110, 90] [250, 250, 250, 250, 250, 250, 250, 250, 250, 250, 250, 250, 250, 250, 250] [467, 254] 15 1
[390, 370, 350, 330, 310, 290, 270, 250, 230, 210, 190, 170, 150, 130, 110] [250, 250, 250, 250, 250, 250, 250, 250, 250, 250, 250, 250, 250, 250, 250] [467, 254] 15 1
[410, 390, 370, 350, 330, 310, 290, 270, 250, 230, 210, 190, 170, 150, 130] [250, 250, 250, 250, 250, 250, 250, 250, 250, 250, 250, 250, 250, 250, 250] [467, 254] 15 1
[430, 410, 390, 370, 350, 330, 310, 290, 270, 250, 230, 210, 190, 170, 150] [250, 250, 250, 250, 250, 250, 250, 250, 250, 250, 250, 250, 250, 250, 250] [467, 254] 15 1
[450, 430, 410, 390, 370, 350, 330, 310, 290, 270, 250, 230, 210, 190, 170] [250, 250, 250, 250, 250, 250, 250, 250, 250, 250, 250, 250, 250, 250, 250] [467, 254] 15 1
