[290, 290, 290, 290, 290] [290, 270, 250, 230, 210] [132, 250] 5 0
[270, 290, 290, 290, 290] [290, 290, 270, 250, 230] [132, 250] 5 3
[250, 270, 290, 290, 290] [290, 290, 290, 270, 250] [132, 250] 5 3
[230, 250, 270, 290, 290] [290, 290, 290, 290, 270] [132, 250] 5 3
[210, 230, 250, 270, 290] [290, 290, 290, 290, 290] [132, 250] 5 3
[190, 210, 230, 250, 270] [290, 290, 290, 290, 290] [132, 250] 5 3
[170, 190, 210, 230, 250] [290, 290, 290, 290, 290] [132, 250] 5 3
[150, 170, 190, 210, 230] [290, 290, 290, 290, 290] [132, 250] 5 3
[130, 150, 170, 190, 210] [290, 290, 290, 290, 290] [132, 250] 5 3
[130, 130, 150, 170, 190] [270, 290, 290, 290, 290] [132, 250] 5 2
[130, 130, 130, 150, 170] [250, 270, 290, 290, 290] [132, 250] 5 2
[130, 130, 130, 130, 150, 170] [230, 250, 270, 290, 290, 290] [493, 40] 6 2
[130, 130, 130, 130, 130, 150] [210, 230, 250, 270, 290, 290] [493, 40] 6 2
[130, 130, 130, 130, 130, 130] [190, 210, 230, 250, 270, 290] [493, 40] 6 2
[130, 130, 130, 130, 130, 130] [170, 190, 210, 230, 250, 270] [493, 40] 6 2
[130, 130, 130, 130, 130, 130] [150, 170, 190, 210, 230, 250] [493, 40] 6 2
[130, 130, 130, 130, 130, 130] [130, 150, 170, 190, 210, 230] [493, 40] 6 2
[130, 130, 130, 130, 130, 130] [110, 130, 150, 170, 190, 210] [493, 40] 6 2
[130, 130, 130, 130, 130, 130] [90, 110, 130, 150, 170, 190] [493, 40] 6 2
[130, 130, 130, 130, 130, 130] [70, 90, 110, 130, 150, 170] [493, 40] 6 2
[130, 130, 130, 130, 130, 130] [50, 70, 90, 110, 130, 150] [493, 40] 6 2
[130, 130, 130, 130, 130, 130] [30, 50, 70, 90, 110, 130] [493, 40] 6 2
[150, 130, 130, 130, 130, 130] [30, 30, 50, 70, 90, 110] [493, 40] 6 1
[170, 150, 130, 130, 130, 130] [30, 30, 30, 50, 70, 90] [493, 40] 6 1
[190, 170, 150, 130, 130, 130] [30, 30, 30, 30, 50, 70] [493, 40] 6 1
[210, 190, 170, 150, 130, 130] [30, 30, 30, 30, 30, 50] [493, 40] 6 1
[230, 210, 190, 170, 150, 130] [30, 30, 30, 30, 30, 30] [493, 40] 6 1
[250, 230, 210, 190, 170, 150] [30, 30, 30, 30, 30, 30] [493, 40] 6 1
[270, 250, 230, 210, 190, 170] [30, 30, 30, 30, 30, 30] [493, 40] 6 1
[290, 270, 250, 230, 210, 190] [30, 30, 30, 30, 30, 30] [493, 40] 6 1
[310, 290, 270, 250, 230, 210] [30, 30, 30, 30, 30, 30] [493, 40] 6 1
[330, 310, 290, 270, 250, 230] [30, 30, 30, 30, 30, 30] [493, 40] 6 1
[350, 330, 310, 290, 270, 250] [30, 30, 30, 30, 30, 30] [493, 40] 6 1
[370, 350, 330, 310, 290, 270] [30, 30, 30, 30, 30, 30] [493, 40] 6 1
[390, 370, 350, 330, 310, 290] [30, 30, 30, 30, 30, 30] [493, 40] 6 1
[410, 390, 370, 350, 330, 310] [30, 30, 30, 30, 30, 30] [493, 40] 6 1
[430, 410, 390, 370, 350, 330] [30, 30, 30, 30, 30, 30] [493, 40] 6 1
[450, 430, 410, 390, 370, 350] [30, 30, 30, 30, 30, 30] [493, 40] 6 1
[470, 450, 430, 410, 390, 370] [30, 30, 30, 30, 30, 30] [493, 40] 6 1
[490, 470, 450, 430, 410, 390] [30, 30, 30, 30, 30, 30] [493, 40] 6 1
[510, 490, 470, 450, 430, 410, 390] [30, 30, 30, 30, 30, 30, 30] [96, 387] 7 1
[510, 510, 490, 470, 450, 430, 410] [50, 30, 30, 30, 30, 30, 30] [96, 387] 7 0
[510, 510, 510, 490, 470, 450, 430] [70, 50, 30, 30, 30, 30, 30] [96, 387] 7 0
[510, 510, 510, 510, 490, 470, 450] [90, 70, 50, 30, 30, 30, 30] [96, 387] 7 0
[510, 510, 510, 510, 510, 490, 470] [110, 90, 70, 50, 30, 30, 30] [96, 387] 7 0
[510, 510, 510, 510, 510, 510, 490] [130, 110, 90, 70, 50, 30, 30] [96, 387] 7 0
[510, 510, 510, 510, 510, 510, 510] [150, 130, 110, 90, 70, 50, 30] [96, 387] 7 0
[510, 510, 510, 510, 510, 510, 510] [170, 150, 130, 110, 90, 70, 50] [96, 387] 7 0
[510, 510, 510, 510, 510, 510, 510] [190, 170, 150, 130, 110, 90, 70] [96, 387] 7 0
[510, 510, 510, 510, 510, 510, 510] [210, 190, 170, 150, 130, 110, 90] [96, 387] 7 0
[510, 510, 510, 510, 510, 510, 510] [230, 210, 190, 170, 150, 130, 110] [96, 387] 7 0
[510, 510, 510, 510, 510, 510, 510] [250, 230, 210, 190, 170, 150, 130] [96, 387] 7 0
[510, 510, 510, 510, 510, 510, 510] [270, 250, 230, 210, 190, 170, 150] [96, 387] 7 0
[510, 510, 510, 510, 510, 510, 510] [290, 270, 250, 230, 210, 190, 170] [96, 387] 7 0
[510, 510, 510, 510, 510, 510, 510] [310, 290, 270, 250, 230, 210, 190] [96, 387] 7 0
[510, 510, 510, 510, 510, 510, 510] [330, 310, 290, 270, 250, 230, 210] [96, 387] 7 0
[510, 510, 510, 510, 510, 510, 510] [350, 330, 310, 290, 270, 250, 230] [96, 387] 7 0
[510, 510, 510, 510, 510, 510, 510] [370, 350, 330, 310, 290, 270, 250] [96, 387] 7 0
[510, 510, 510, 510, 510, 510, 510] [390, 370, 350, 330, 310, 290, 270] [96, 387] 7 0
[490, 510, 510, 510, 510, 510, 510] [390, 390, 370, 350, 330, 310, 290] [96, 387] 7 3
[470, 490, 510, 510, 510, 510, 510] [390, 390, 390, 370, 350, 330, 310] [96, 387] 7 3
[450, 470, 490, 510, 510, 510, 510] [390, 390, 390, 390, 370, 350, 330] [96, 387] 7 3
[430, 450, 470, 490, 510, 510, 510] [390, 390, 390, 390, 390, 370, 350] [96, 387] 7 3
[410, 430, 450, 470, 490, 510, 510] [390, 390, 390, 390, 390, 390, 370] [96, 387] 7 3
[390, 410, 430, 450, 470, 490, 510] [390, 390, 390, 390, 390, 390, 390] [96, 387] 7 3
[370, 390, 410, 430, 450, 470, 490] [390, 390, 390, 390, 390, 390, 390] [96, 387] 7 3
[350, 370, 390, 410, 430, 450, 470] [390, 390, 390, 390, 390, 390, 390] [96, 387] 7 3
[330, 350, 370, 390, 410, 430, 450] [390, 390, 390, 390, 390, 390, 390] [96, 387] 7 3
[310, 330, 350, 370, 390, 410, 430] [390, 390, 390, 390, 390, 390, 390] [96, 387] 7 3
[290, 310, 330, 350, 370, 390, 410] [390, 390, 390, 390, 390, 390, 390] [96, 387] 7 3
[270, 290, 310, 330, 350, 370, 390] [390, 390, 390, 390, 390, 390, 390] [96, 387] 7 3
[250, 270, 290, 310, 330, 350, 370] [390, 390, 390, 390, 390, 390, 390] [96, 387] 7 3
[230, 250, 270, 290, 310, 330, 350] [390, 390, 390, 390, 390, 390, 390] [96, 387] 7 3
[210, 230, 250, 270, 290, 310, 330] [390, 390, 390, 390, 390, 390, 390] [96, 387] 7 3
[190, 210, 230, 250, 270, 290, 310] [390, 390, 390, 390, 390, 390, 390] [96, 387] 7 3
[170, 190, 210, 230, 250, 270, 290] [390, 390, 390, 390, 390, 390, 390] [96, 387] 7 3
[150, 170, 190, 210, 230, 250, 270] [390, 390, 390, 390, 390, 390, 390] [96, 387] 7 3
[130, 150, 170, 190, 210, 230, 250] [390, 390, 390, 390, 390, 390, 390] [96, 387] 7 3
[110, 130, 150, 170, 190, 210, 230] [390, 390, 390, 390, 390, 390, 390] [96, 387] 7 3
[90, 110, 130, 150, 170, 190, 210] [390, 390, 390, 390, 390, 390, 390] [96, 387] 7 3
[90, 90, 110, 130, 150, 170, 190, 210] [370, 390, 390, 390, 390, 390, 390, 390] [493, 522] 8 2
[110, 90, 90, 110, 130, 150, 170, 190] [370, 370, 390, 390, 390, 390, 390, 390] [493, 522] 8 1
[130, 110, 90, 90, 110, 130, 150, 170] [370, 370, 370, 390, 390, 390, 390, 390] [493, 522] 8 1
[150, 130, 110, 90, 90, 110, 130, 150] [370, 370, 370, 370, 390, 390, 390, 390] [493, 522] 8 1
[170, 150, 130, 110, 90, 90, 110, 130] [370, 370, 370, 370, 370, 390, 390, 390] [493, 522] 8 1
[190, 170, 150, 130, 110, 90, 90, 110] [370, 370, 370, 370, 370, 370, 390, 390] [493, 522] 8 1
[210, 190, 170, 150, 130, 110, 90, 90] [370, 370, 370, 370, 370, 370, 370, 390] [493, 522] 8 1
[230, 210, 190, 170, 150, 130, 110, 90] [370, 370, 370, 370, 370, 370, 370, 370] [493, 522] 8 1
[250, 230, 210, 190, 170, 150, 130, 110] [370, 370, 370, 370, 370, 370, 370, 370] [493, 522] 8 1
[270, 250, 230, 210, 190, 170, 150, 130] [370, 370, 370, 370, 370, 370, 370, 370] [493, 522] 8 1
[290, 270, 250, 230, 210, 190, 170, 150] [370, 370, 370, 370, 370, 370, 370, 370] [493, 522] 8 1
[310, 290, 270, 250, 230, 210, 190, 170] [370, 370, 370, 370, 370, 370, 370, 370] [493, 522] 8 1
[330, 310, 290, 270, 250, 230, 210, 190] [370, 370, 370, 370, 370, 370, 370, 370] [493, 522] 8 1
[350, 330, 310, 290, 270, 250, 230, 210] [370, 370, 370, 370, 370, 370, 370, 370] [493, 522] 8 1
[370, 350, 330, 310, 290, 270, 250, 230] [370, 370, 370, 370, 370, 370, 370, 370] [493, 522] 8 1
[390, 370, 350, 330, 310, 290, 270, 250] [370, 370, 370, 370, 370, 370, 370, 370] [493, 522] 8 1
[410, 390, 370, 350, 330, 310, 290, 270] [370, 370, 370, 370, 370, 370, 370, 370] [493, 522] 8 1
[430, 410, 390, 370, 350, 330, 310, 290] [370, 370, 370, 370, 370, 370, 370, 370] [493, 522] 8 1
[450, 430, 410, 390, 370, 350, 330, 310] [370, 370, 370, 370, 370, 370, 370, 370] [493, 522] 8 1
[470, 450, 430, 410, 390, 370, 350, 330] [370, 370, 370, 370, 370, 370, 370, 370] [493, 522] 8 1
[490, 470, 450, 430, 410, 390, 370, 350] [370, 370, 370, 370, 370, 370, 370, 370] [493, 522] 8 1
[490, 490, 470, 450, 430, 410, 390, 370] [390, 370, 370, 370, 370, 370, 370, 370] [493, 522] 8 0
[490, 490, 490, 470, 450, 430, 410, 390] [410, 390, 370, 370, 370, 370, 370, 370] [493, 522] 8 0
[490, 490, 490, 490, 470, 450, 430, 410] [430, 410, 390, 370, 370, 370, 370, 370] [493, 522] 8 0
[490, 490, 490, 490, 490, 470, 450, 430] [450, 430, 410, 390, 370, 370, 370, 370] [493, 522] 8 0
[490, 490, 490, 490, 490, 490, 470, 450] [470, 450, 430, 410, 390, 370, 370, 370] [493, 522] 8 0
[490, 490, 490, 490, 490, 490, 490, 470] [490, 470, 450, 430, 410, 390, 370, 370] [493, 522] 8 0
[490, 490, 490, 490, 490, 490, 490, 490] [510, 490, 470, 450, 430, 410, 390, 370] [493, 522] 8 0
[490, 490, 490, 490, 490, 490, 490, 490, 490] [530, 510, 490, 470, 450, 430, 410, 390, 370] [1, 362] 9 0
[470, 490, 490, 490, 490, 490, 490, 490, 490] [530, 530, 510, 490, 470, 450, 430, 410, 390] [1, 362] 9 3
[450, 470, 490, 490, 490, 490, 490, 490, 490] [530, 530, 530, 510, 490, 470, 450, 430, 410] [1, 362] 9 3
[430, 450, 470, 490, 490, 490, 490, 490, 490] [530, 530, 530, 530, 510, 490, 470, 450, 430] [1, 362] 9 3
[410, 430, 450, 470, 490, 490, 490, 490, 490] [530, 530, 530, 530, 530, 510, 490, 470, 450] [1, 362] 9 3
[390, 410, 430, 450, 470, 490, 490, 490, 490] [530, 530, 530, 530, 530, 530, 510, 490, 470] [1, 362] 9 3
[370, 390, 410, 430, 450, 470, 490, 490, 490] [530, 530, 530, 530, 530, 530, 530, 510, 490] [1, 362] 9 3
[350, 370, 390, 410, 430, 450, 470, 490, 490] [530, 530, 530, 530, 530, 530, 530, 530, 510] [1, 362] 9 3
[330, 350, 370, 390, 410, 430, 450, 470, 490] [530, 530, 530, 530, 530, 530, 530, 530, 530] [1, 362] 9 3
[310, 330, 350, 370, 390, 410, 430, 450, 470] [530, 530, 530, 530, 530, 530, 530, 530, 530] [1, 362] 9 3
[290, 310, 330, 350, 370, 390, 410, 430, 450] [530, 530, 530, 530, 530, 530, 530, 530, 530] [1, 362] 9 3
[270, 290, 310, 330, 350, 370, 390, 410, 430] [530, 530, 530, 530, 530, 530, 530, 530, 530] [1, 362] 9 3
[250, 270, 290, 310, 330, 350, 370, 390, 410] [530, 530, 530, 530, 530, 530, 530, 530, 530] [1, 362] 9 3
[230, 250, 270, 290, 310, 330, 350, 370, 390] [530, 530, 530, 530, 530, 530, 530, 530, 530] [1, 362] 9 3
[210, 230, 250, 270, 290, 310, 330, 350, 370] [530, 530, 530, 530, 530, 530, 530, 530, 530] [1, 362] 9 3
[190, 210, 230, 250, 270, 290, 310, 330, 350] [530, 530, 530, 530, 530, 530, 530, 530, 530] [1, 362] 9 3
[170, 190, 210, 230, 250, 270, 290, 310, 330] [530, 530, 530, 530, 530, 530, 530, 530, 530] [1, 362] 9 3
[150, 170, 190, 210, 230, 250, 270, 290, 310] [530, 530, 530, 530, 530, 530, 530, 530, 530] [1, 362] 9 3
[130, 150, 170, 190, 210, 230, 250, 270, 290] [530, 530, 530, 530, 530, 530, 530, 530, 530] [1, 362] 9 3
[110, 130, 150, 170, 190, 210, 230, 250, 270] [530, 530, 530, 530, 530, 530, 530, 530, 530] [1, 362] 9 3
[90, 110, 130, 150, 170, 190, 210, 230, 250] [530, 530, 530, 530, 530, 530, 530, 530, 530] [1, 362] 9 3
[70, 90, 110, 130, 150, 170, 190, 210, 230] [530, 530, 530, 530, 530, 530, 530, 530, 530] [1, 362] 9 3
[50, 70, 90, 110, 130, 150, 170, 190, 210] [530, 530, 530, 530, 530, 530, 530, 530, 530] [1, 362] 9 3
[30, 50, 70, 90, 110, 130, 150, 170, 190] [530, 530, 530, 530, 530, 530, 530, 530, 530] [1, 362] 9 3
[10, 30, 50, 70, 90, 110, 130, 150, 170] [530, 530, 530, 530, 530, 530, 530, 530, 530] [1, 362] 9 3
[10, 10, 30, 50, 70, 90, 110, 130, 150] [510, 530, 530, 530, 530, 530, 530, 530, 530] [1, 362] 9 2
[10, 10, 10, 30, 50, 70, 90, 110, 130] [490, 510, 530, 530, 530, 530, 530, 530, 530] [1, 362] 9 2
[10, 10, 10, 10, 30, 50, 70, 90, 110] [470, 490, 510, 530, 530, 530, 530, 530, 530] [1, 362] 9 2
[10, 10, 10, 10, 10, 30, 50, 70, 90] [450, 470, 490, 510, 530, 530, 530, 530, 530] [1, 362] 9 2
[10, 10, 10, 10, 10, 10, 30, 50, 70] [430, 450, 470, 490, 510, 530, 530, 530, 530] [1, 362] 9 2
[10, 10, 10, 10, 10, 10, 10, 30, 50] [410, 430, 450, 470, 490, 510, 530, 530, 530] [1, 362] 9 2
[10, 10, 10, 10, 10, 10, 10, 10, 30] [390, 410, 430, 450, 470, 490, 510, 530, 530] [1, 362] 9 2
[10, 10, 10, 10, 10, 10, 10, 10, 10] [370, 390, 410, 430, 450, 470, 490, 510, 530] [1, 362] 9 2
