[290, 290, 290, 290, 290] [290, 270, 250, 230, 210] [428, 392] 5 0
[310, 290, 290, 290, 290] [290, 290, 270, 250, 230] [428, 392] 5 1
[330, 310, 290, 290, 290] [290, 290, 290, 270, 250] [428, 392] 5 1
[350, 330, 310, 290, 290] [290, 290, 290, 290, 270] [428, 392] 5 1
[370, 350, 330, 310, 290] [290, 290, 290, 290, 290] [428, 392] 5 1
[390, 370, 350, 330, 310] [290, 290, 290, 290, 290] [428, 392] 5 1
[410, 390, 370, 350, 330] [290, 290, 290, 290, 290] [428, 392] 5 1
[430, 410, 390, 370, 350] [290, 290, 290, 290, 290] [428, 392] 5 1
[430, 430, 410, 390, 370] [310, 290, 290, 290, 290] [428, 392] 5 0
[430, 430, 430, 410, 390] [330, 310, 290, 290, 290] [428, 392] 5 0
[430, 430, 430, 430, 410] [350, 330, 310, 290, 290] [428, 392] 5 0
[430, 430, 430, 430, 430] [370, 350, 330, 310, 290] [428, 392] 5 0
[430, 430, 430, 430, 430] [390, 370, 350, 330, 310] [428, 392] 5 0
[410, 430, 430, 430, 430, 430] [390, 390, 370, 350, 330, 310] [360, 424] 6 3
[390, 410, 430, 430, 430, 430] [390, 390, 390, 370, 350, 330] [360, 424] 6 3
[370, 390, 410, 430, 430, 430] [390, 390, 390, 390, 370, 350] [360, 424] 6 3
[350, 370, 390, 410, 430, 430] [390, 390, 390, 390, 390, 370] [360, 424] 6 3
[350, 350, 370, 390, 410, 430] [410, 390, 390, 390, 390, 390] [360, 424] 6 0
[350, 350, 350, 370, 390, 410, 430] [430, 410, 390, 390, 390, 390, 390] [111, 123] 7 0
[370, 350, 350, 350, 370, 390, 410] [430, 430, 410, 390, 390, 390, 390] [111, 123] 7 1
[390, 370, 350, 350, 350, 370, 390] [430, 430, 430, 410, 390, 390, 390] [111, 123] 7 1
[410, 390, 370, 350, 350, 350, 370] [430, 430, 430, 430, 410, 390, 390] [111, 123] 7 1
[430, 410, 390, 370, 350, 350, 350] [430, 430, 430, 430, 430, 410, 390] [111, 123] 7 1
[430, 430, 410, 390, 370, 350, 350] [410, 430, 430, 430, 430, 430, 410] [111, 123] 7 2
[430, 430, 430, 410, 390, 370, 350] [390, 410, 430, 430, 430, 430, 430] [111, 123] 7 2
[430, 430, 430, 430, 410, 390, 370] [370, 390, 410, 430, 430, 430, 430] [111, 123] 7 2
[430, 430, 430, 430, 430, 410, 390] [350, 370, 390, 410, 430, 430, 430] [111, 123] 7 2
[430, 430, 430, 430, 430, 430, 410] [330, 350, 370, 390, 410, 430, 430] [111, 123] 7 2
[430, 430, 430, 430, 430, 430, 430] [310, 330, 350, 370, 390, 410, 430] [111, 123] 7 2
[430, 430, 430, 430, 430, 430, 430] [290, 310, 330, 350, 370, 390, 410] [111, 123] 7 2
[430, 430, 430, 430, 430, 430, 430] [270, 290, 310, 330, 350, 370, 390] [111, 123] 7 2
[430, 430, 430, 430, 430, 430, 430] [250, 270, 290, 310, 330, 350, 370] [111, 123] 7 2
[430, 430, 430, 430, 430, 430, 430] [230, 250, 270, 290, 310, 330, 350] [111, 123] 7 2
[430, 430, 430, 430, 430, 430, 430] [210, 230, 250, 270, 290, 310, 330] [111, 123] 7 2
[430, 430, 430, 430, 430, 430, 430] [190, 210, 230, 250, 270, 290, 310] [111, 123] 7 2
[430, 430, 430, 430, 430, 430, 430] [170, 190, 210, 230, 250, 270, 290] [111, 123] 7 2
[430, 430, 430, 430, 430, 430, 430] [150, 170, 190, 210, 230, 250, 270] [111, 123] 7 2
[430, 430, 430, 430, 430, 430, 430] [130, 150, 170, 190, 210, 230, 250] [111, 123] 7 2
[410, 430, 430, 430, 430, 430, 430] [130, 130, 150, 170, 190, 210, 230] [111, 123] 7 3
[390, 410, 430, 430, 430, 430, 430] [130, 130, 130, 150, 170, 190, 210] [111, 123] 7 3
[370, 390, 410, 430, 430, 430, 430] [130, 130, 130, 130, 150, 170, 190] [111, 123] 7 3
[350, 370, 390, 410, 430, 430, 430] [130, 130, 130, 130, 130, 150, 170] [111, 123] 7 3
[330, 350, 370, 390, 410, 430, 430] [130, 130, 130, 130, 130, 130, 150] [111, 123] 7 3
[310, 330, 350, 370, 390, 410, 430] [130, 130, 130, 130, 130, 130, 130] [111, 123] 7 3
[290, 310, 330, 350, 370, 390, 410] [130, 130, 130, 130, 130, 130, 130] [111, 123] 7 3
[270, 290, 310, 330, 350, 370, 390] [130, 130, 130, 130, 130, 130, 130] [111, 123] 7 3
[250, 270, 290, 310, 330, 350, 370] [130, 130, 130, 130, 130, 130, 130] [111, 123] 7 3
[230, 250, 270, 290, 310, 330, 350] [130, 130, 130, 130, 130, 130, 130] [111, 123] 7 3
[210, 230, 250, 270, 290, 310, 330] [130, 130, 130, 130, 130, 130, 130] [111, 123] 7 3
[190, 210, 230, 250, 270, 290, 310] [130, 130, 130, 130, 130, 130, 130] [111, 123] 7 3
[170, 190, 210, 230, 250, 270, 290] [130, 130, 130, 130, 130, 130, 130] [111, 123] 7 3
[150, 170, 190, 210, 230, 250, 270] [130, 130, 130, 130, 130, 130, 130] [111, 123] 7 3
[130, 150, 170, 190, 210, 230, 250] [130, 130, 130, 130, 130, 130, 130] [111, 123] 7 3
[110, 130, 150, 170, 190, 210, 230] [130, 130, 130, 130, 130, 130, 130] [111, 123] 7 3
[90, 110, 130, 150, 170, 190, 210, 230] [130, 130, 130, 130, 130, 130, 130, 130] [429, 347] 8 3
[90, 90, 110, 130, 150, 170, 190, 210] [150, 130, 130, 130, 130, 130, 130, 130] [429, 347] 8 0
[90, 90, 90, 110, 130, 150, 170, 190] [170, 150, 130, 130, 130, 130, 130, 130] [429, 347] 8 0
[90, 90, 90, 90, 110, 130, 150, 170] [190, 170, 150, 130, 130, 130, 130, 130] [429, 347] 8 0
[90, 90, 90, 90, 90, 110, 130, 150] [210, 190, 170, 150, 130, 130, 130, 130] [429, 347] 8 0
[90, 90, 90, 90, 90, 90, 110, 130] [230, 210, 190, 170, 150, 130, 130, 130] [429, 347] 8 0
[90, 90, 90, 90, 90, 90, 90, 110] [250, 230, 210, 190, 170, 150, 130, 130] [429, 347] 8 0
[90, 90, 90, 90, 90, 90, 90, 90] [270, 250, 230, 210, 190, 170, 150, 130] [429, 347] 8 0
[90, 90, 90, 90, 90, 90, 90, 90] [290, 270, 250, 230, 210, 190, 170, 150] [429, 347] 8 0
[90, 90, 90, 90, 90, 90, 90, 90] [310, 290, 270, 250, 230, 210, 190, 170] [429, 347] 8 0
[90, 90, 90, 90, 90, 90, 90, 90] [330, 310, 290, 270, 250, 230, 210, 190] [429, 347] 8 0
[90, 90, 90, 90, 90, 90, 90, 90] [350, 330, 310, 290, 270, 250, 230, 210] [429, 347] 8 0
[90, 90, 90, 90, 90, 90, 90, 90] [370, 350, 330, 310, 290, 270, 250, 230] [429, 347] 8 0
[90, 90, 90, 90, 90, 90, 90, 90] [390, 370, 350, 330, 310, 290, 270, 250] [429, 347] 8 0
[90, 90, 90, 90, 90, 90, 90, 90] [410, 390, 370, 350, 330, 310, 290, 270] [429, 347] 8 0
[110, 90, 90, 90, 90, 90, 90, 90] [410, 410, 390, 370, 350, 330, 310, 290] [429, 347] 8 1
[130, 110, 90, 90, 90, 90, 90, 90] [410, 410, 410, 390, 370, 350, 330, 310] [429, 347] 8 1
[150, 130, 110, 90, 90, 90, 90, 90] [410, 410, 410, 410, 390, 370, 350, 330] [429, 347] 8 1
[170, 150, 130, 110, 90, 90, 90, 90] [410, 410, 410, 410, 410, 390, 370, 350] [429, 347] 8 1
[190, 170, 150, 130, 110, 90, 90, 90] [410, 410, 410, 410, 410, 410, 390, 370] [429, 347] 8 1
[210, 190, 170, 150, 130, 110, 90, 90] [410, 410, 410, 410, 410, 410, 410, 390] [429, 347] 8 1
[230, 210, 190, 170, 150, 130, 110, 90] [410, 410, 410, 410, 410, 410, 410, 410] [429, 347] 8 1
[250, 230, 210, 190, 170, 150, 130, 110] [410, 410, 410, 410, 410, 410, 410, 410] [429, 347] 8 1
[270, 250, 230, 210, 190, 170, 150, 130] [410, 410, 410, 410, 410, 410, 410, 410] [429, 347] 8 1
[290, 270, 250, 230, 210, 190, 170, 150] [410, 410, 410, 410, 410, 410, 410, 410] [429, 347] 8 1
[310, 290, 270, 250, 230, 210, 190, 170] [410, 410, 410, 410, 410, 410, 410, 410] [429, 347] 8 1
[330, 310, 290, 270, 250, 230, 210, 190] [410, 410, 410, 410, 410, 410, 410, 410] [429, 347] 8 1
[350, 330, 310, 290, 270, 250, 230, 210] [410, 410, 410, 410, 410, 410, 410, 410] [429, 347] 8 1
[370, 350, 330, 310, 290, 270, 250, 230] [410, 410, 410, 410, 410, 410, 410, 410] [429, 347] 8 1
[390, 370, 350, 330, 310, 290, 270, 250] [410, 410, 410, 410, 410, 410, 410, 410] [429, 347] 8 1
[410, 390, 370, 350, 330, 310, 290, 270] [410, 410, 410, 410, 410, 410, 410, 410] [429, 347] 8 1
[430, 410, 390, 370, 350, 330, 310, 290] [410, 410, 410, 410, 410, 410, 410, 410] [429, 347] 8 1
[450, 430, 410, 390, 370, 350, 330, 310] [410, 410, 410, 410, 410, 410, 410, 410] [429, 347] 8 1
[450, 450, 430, 410, 390, 370, 350, 330] [390, 410, 410, 410, 410, 410, 410, 410] [429, 347] 8 2
[450, 450, 450, 430, 410, 390, 370, 350] [370, 390, 410, 410, 410, 410, 410, 410] [429, 347] 8 2
[450, 450, 450, 450, 430, 410, 390, 370] [350, 370, 390, 410, 410, 410, 410, 410] [429, 347] 8 2
[430, 450, 450, 450, 450, 430, 410, 390] [350, 350, 370, 390, 410, 410, 410, 410] [429, 347] 8 3
[410, 430, 450, 450, 450, 450, 430, 410, 390] [350, 350, 350, 370, 390, 410, 410, 410, 410] [443, 511] 9 3
[390, 410, 430, 450, 450, 450, 450, 430, 410] [350, 350, 350, 350, 370, 390, 410, 410, 410] [443, 511] 9 3
[370, 390, 410, 430, 450, 450, 450, 450, 430] [350, 350, 350, 350, 350, 370, 390, 410, 410] [443, 511] 9 3
[370, 370, 390, 410, 430, 450, 450, 450, 450] [370, 350, 350, 350, 350, 350, 370, 390, 410] [443, 511] 9 0
[370, 370, 370, 390, 410, 430, 450, 450, 450] [390, 370, 350, 350, 350, 350, 350, 370, 390] [443, 511] 9 0
[370, 370, 370, 370, 390, 410, 430, 450, 450] [410, 390, 370, 350, 350, 350, 350, 350, 370] [443, 511] 9 0
[370, 370, 370, 370, 370, 390, 410, 430, 450] [430, 410, 390, 370, 350, 350, 350, 350, 350] [443, 511] 9 0
[370, 370, 370, 370, 370, 370, 390, 410, 430] [450, 430, 410, 390, 370, 350, 350, 350, 350] [443, 511] 9 0
[370, 370, 370, 370, 370, 370, 370, 390, 410] [470, 450, 430, 410, 390, 370, 350, 350, 350] [443, 511] 9 0
[370, 370, 370, 370, 370, 370, 370, 370, 390] [490, 470, 450, 430, 410, 390, 370, 350, 350] [443, 511] 9 0
[370, 370, 370, 370, 370, 370, 370, 370, 370] [510, 490, 470, 450, 430, 410, 390, 370, 350] [443, 511] 9 0
[390, 370, 370, 370, 370, 370, 370, 370, 370] [510, 510, 490, 470, 450, 430, 410, 390, 370] [443, 511] 9 1
[410, 390, 370, 370, 370, 370, 370, 370, 370] [510, 510, 510, 490, 470, 450, 430, 410, 390] [443, 511] 9 1
[430, 410, 390, 370, 370, 370, 370, 370, 370] [510, 510, 510, 510, 490, 470, 450, 430, 410] [443, 511] 9 1
[450, 430, 410, 390, 370, 370, 370, 370, 370, 370] [510, 510, 510, 510, 510, 490, 470, 450, 430, 410] [342, 379] 10 1
[450, 450, 430, 410, 390, 370, 370, 370, 370, 370] [490, 510, 510, 510, 510, 510, 490, 470, 450, 430] [342, 379] 10 2
[450, 450, 450, 430, 410, 390, 370, 370, 370, 370] [470, 490, 510, 510, 510, 510, 510, 490, 470, 450] [342, 379] 10 2
[450, 450, 450, 450, 430, 410, 390, 370, 370, 370] [450, 470, 490, 510, 510, 510, 510, 510, 490, 470] [342, 379] 10 2
[450, 450, 450, 450, 450, 430, 410, 390, 370, 370] [430, 450, 470, 490, 510, 510, 510, 510, 510, 490] [342, 379] 10 2
[450, 450, 450, 450, 450, 450, 430, 410, 390, 370] [410, 430, 450, 470, 490, 510, 510, 510, 510, 510] [342, 379] 10 2
[450, 450, 450, 450, 450, 450, 450, 430, 410, 390] [390, 410, 430, 450, 470, 490, 510, 510, 510, 510] [342, 379] 10 2
[450, 450, 450, 450, 450, 450, 450, 450, 430, 410] [370, 390, 410, 430, 450, 470, 490, 510, 510, 510] [342, 379] 10 2
[430, 450, 450, 450, 450, 450, 450, 450, 450, 430] [370, 370, 390, 410, 430, 450, 470, 490, 510, 510] [342, 379] 10 3
[410, 430, 450, 450, 450, 450, 450, 450, 450, 450] [370, 370, 370, 390, 410, 430, 450, 470, 490, 510] [342, 379] 10 3
[390, 410, 430, 450, 450, 450, 450, 450, 450, 450] [370, 370, 370, 370, 390, 410, 430, 450, 470, 490] [342, 379] 10 3
[370, 390, 410, 430, 450, 450, 450, 450, 450, 450] [370, 370, 370, 370, 370, 390, 410, 430, 450, 470] [342, 379] 10 3
[350, 370, 390, 410, 430, 450, 450, 450, 450, 450] [370, 370, 370, 370, 370, 370, 390, 410, 430, 450] [342, 379] 10 3
[330, 350, 370, 390, 410, 430, 450, 450, 450, 450, 450] [370, 370, 370, 370, 370, 370, 370, 390, 410, 430, 450] [29, 213] 11 3
[310, 330, 350, 370, 390, 410, 430, 450, 450, 450, 450] [370, 370, 370, 370, 370, 370, 370, 370, 390, 410, 430] [29, 213] 11 3
[290, 310, 330, 350, 370, 390, 410, 430, 450, 450, 450] [370, 370, 370, 370, 370, 370, 370, 370, 370, 390, 410] [29, 213] 11 3
[270, 290, 310, 330, 350, 370, 390, 410, 430, 450, 450] [370, 370, 370, 370, 370, 370, 370, 370, 370, 370, 390] [29, 213] 11 3
[250, 270, 290, 310, 330, 350, 370, 390, 410, 430, 450] [370, 370, 370, 370, 370, 370, 370, 370, 370, 370, 370] [29, 213] 11 3
[230, 250, 270, 290, 310, 330, 350, 370, 390, 410, 430] [370, 370, 370, 370, 370, 370, 370, 370, 370, 370, 370] [29, 213] 11 3
[210, 230, 250, 270, 290, 310, 330, 350, 370, 390, 410] [370, 370, 370, 370, 370, 370, 370, 370, 370, 370, 370] [29, 213] 11 3
[190, 210, 230, 250, 270, 290, 310, 330, 350, 370, 390] [370, 370, 370, 370, 370, 370, 370, 370, 370, 370, 370] [29, 213] 11 3
[170, 190, 210, 230, 250, 270, 290, 310, 330, 350, 370] [370, 370, 370, 370, 370, 370, 370, 370, 370, 370, 370] [29, 213] 11 3
[150, 170, 190, 210, 230, 250, 270, 290, 310, 330, 350] [370, 370, 370, 370, 370, 370, 370, 370, 370, 370, 370] [29, 213] 11 3
[130, 150, 170, 190, 210, 230, 250, 270, 290, 310, 330] [370, 370, 370, 370, 370, 370, 370, 370, 370, 370, 370] [29, 213] 11 3
[110, 130, 150, 170, 190, 210, 230, 250, 270, 290, 310] [370, 370, 370, 370, 370, 370, 370, 370, 370, 370, 370] [29, 213] 11 3
[90, 110, 130, 150, 170, 190, 210, 230, 250, 270, 290] [370, 370, 370, 370, 370, 370, 370, 370, 370, 370, 370] [29, 213] 11 3
[70, 90, 110, 130, 150, 170, 190, 210, 230, 250, 270] [370, 370, 370, 370, 370, 370, 370, 370, 370, 370, 370] [29, 213] 11 3
[50, 70, 90, 110, 130, 150, 170, 190, 210, 230, 250] [370, 370, 370, 370, 370, 370, 370, 370, 370, 370, 370] [29, 213] 11 3
[30, 50, 70, 90, 110, 130, 150, 170, 190, 210, 230] [370, 370, 370, 370, 370, 370, 370, 370, 370, 370, 370] [29, 213] 11 3
[10, 30, 50, 70, 90, 110, 130, 150, 170, 190, 210] [370, 370, 370, 370, 370, 370, 370, 370, 370, 370, 370] [29, 213] 11 3
[10, 10, 30, 50, 70, 90, 110, 130, 150, 170, 190] [350, 370, 370, 370, 370, 370, 370, 370, 370, 370, 370] [29, 213] 11 2
[10, 10, 10, 30, 50, 70, 90, 110, 130, 150, 170] [330, 350, 370, 370, 370, 370, 370, 370, 370, 370, 370] [29, 213] 11 2
[10, 10, 10, 10, 30, 50, 70, 90, 110, 130, 150] [310, 330, 350, 370, 370, 370, 370, 370, 370, 370, 370] [29, 213] 11 2
[10, 10, 10, 10, 10, 30, 50, 70, 90, 110, 130] [290, 310, 330, 350, 370, 370, 370, 370, 370, 370, 370] [29, 213] 11 2
[10, 10, 10, 10, 10, 10, 30, 50, 70, 90, 110] [270, 290, 310, 330, 350, 370, 370, 370, 370, 370, 370] [29, 213] 11 2
[10, 10, 10, 10, 10, 10, 10, 30, 50, 70, 90] [250, 270, 290, 310, 330, 350, 370, 370, 370, 370, 370] [29, 213] 11 2
[10, 10, 10, 10, 10, 10, 10, 10, 30, 50, 70] [230, 250, 270, 290, 310, 330, 350, 370, 370, 370, 370] [29, 213] 11 2
[10, 10, 10, 10, 10, 10, 10, 10, 10, 30, 50] [210, 230, 250, 270, 290, 310, 330, 350, 370, 370, 370] [29, 213] 11 2
[30, 10, 10, 10, 10, 10, 10, 10, 10, 10, 30, 50] [210, 210, 230, 250, 270, 290, 310, 330, 350, 370, 370, 370] [352, 167] 12 1
[50, 30, 10, 10, 10, 10, 10, 10, 10, 10, 10, 30] [210, 210, 210, 230, 250, 270, 290, 310, 330, 350, 370, 370] [352, 167] 12 1
[70, 50, 30, 10, 10, 10, 10, 10, 10, 10, 10, 10] [210, 210, 210, 210, 230, 250, 270, 290, 310, 330, 350, 370] [352, 167] 12 1
[90, 70, 50, 30, 10, 10, 10, 10, 10, 10, 10, 10] [210, 210, 210, 210, 210, 230, 250, 270, 290, 310, 330, 350] [352, 167] 12 1
[110, 90, 70, 50, 30, 10, 10, 10, 10, 10, 10, 10] [210, 210, 210, 210, 210, 210, 230, 250, 270, 290, 310, 330] [352, 167] 12 1
[130, 110, 90, 70, 50, 30, 10, 10, 10, 10, 10, 10] [210, 210, 210, 210, 210, 210, 210, 230, 250, 270, 290, 310] [352, 167] 12 1
[150, 130, 110, 90, 70, 50, 30, 10, 10, 10, 10, 10] [210, 210, 210, 210, 210, 210, 210, 210, 230, 250, 270, 290] [352, 167] 12 1
[170, 150, 130, 110, 90, 70, 50, 30, 10, 10, 10, 10] [210, 210, 210, 210, 210, 210, 210, 210, 210, 230, 250, 270] [352, 167] 12 1
[190, 170, 150, 130, 110, 90, 70, 50, 30, 10, 10, 10] [210, 210, 210, 210, 210, 210, 210, 210, 210, 210, 230, 250] [352, 167] 12 1
[210, 190, 170, 150, 130, 110, 90, 70, 50, 30, 10, 10] [210, 210, 210, 210, 210, 210, 210, 210, 210, 210, 210, 230] [352, 167] 12 1
[230, 210, 190, 170, 150, 130, 110, 90, 70, 50, 30, 10] [210, 210, 210, 210, 210, 210, 210, 210, 210, 210, 210, 210] [352, 167] 12 1
[250, 230, 210, 190, 170, 150, 130, 110, 90, 70, 50, 30] [210, 210, 210, 210, 210, 210, 210, 210, 210, 210, 210, 210] [352, 167] 12 1
[270, 250, 230, 210, 190, 170, 150, 130, 110, 90, 70, 50] [210, 210, 210, 210, 210, 210, 210, 210, 210, 210, 210, 210] [352, 167] 12 1
[290, 270, 250, 230, 210, 190, 170, 150, 130, 110, 90, 70] [210, 210, 210, 210, 210, 210, 210, 210, 210, 210, 210, 210] [352, 167] 12 1
[310, 290, 270, 250, 230, 210, 190, 170, 150, 130, 110, 90] [210, 210, 210, 210, 210, 210, 210, 210, 210, 210, 210, 210] [352, 167] 12 1
[330, 310, 290, 270, 250, 230, 210, 190, 170, 150, 130, 110] [210, 210, 210, 210, 210, 210, 210, 210, 210, 210, 210, 210] [352, 167] 12 1
[350, 330, 310, 290, 270, 250, 230, 210, 190, 170, 150, 130] [210, 210, 210, 210, 210, 210, 210, 210, 210, 210, 210, 210] [352, 167] 12 1
[350, 350, 330, 310, 290, 270, 250, 230, 210, 190, 170, 150] [190, 210, 210, 210, 210, 210, 210, 210, 210, 210, 210, 210] [352, 167] 12 2
[350, 350, 350, 330, 310, 290, 270, 250, 230, 210, 190, 170] [170, 190, 210, 210, 210, 210, 210, 210, 210, 210, 210, 210] [352, 167] 12 2
[350, 350, 350, 350, 330, 310, 290, 270, 250, 230, 210, 190, 170] [150, 170, 190, 210, 210, 210, 210, 210, 210, 210, 210, 210, 210] [396, 106] 13 2
[350, 350, 350, 350, 350, 330, 310, 290, 270, 250, 230, 210, 190] [130, 150, 170, 190, 210, 210, 210, 210, 210, 210, 210, 210, 210] [396, 106] 13 2
[350, 350, 350, 350, 350, 350, 330, 310, 290, 270, 250, 230, 210] [110, 130, 150, 170, 190, 210, 210, 210, 210, 210, 210, 210, 210] [396, 106] 13 2
[370, 350, 350, 350, 350, 350, 350, 330, 310, 290, 270, 250, 230] [110, 110, 130, 150, 170, 190, 210, 210, 210, 210, 210, 210, 210] [396, 106] 13 1
[390, 370, 350, 350, 350, 350, 350, 350, 330, 310, 290, 270, 250] [110, 110, 110, 130, 150, 170, 190, 210, 210, 210, 210, 210, 210] [396, 106] 13 1
[410, 390, 370, 350, 350, 350, 350, 350, 350, 330, 310, 290, 270, 250] [110, 110, 110, 110, 130, 150, 170, 190, 210, 210, 210, 210, 210, 210] [147, 147] 14 1
[410, 410, 390, 370, 350, 350, 350, 350, 350, 350, 330, 310, 290, 270] [90, 110, 110, 110, 110, 130, 150, 170, 190, 210, 210, 210, 210, 210] [147, 147] 14 2
[390, 410, 410, 390, 370, 350, 350, 350, 350, 350, 350, 330, 310, 290] [90, 90, 110, 110, 110, 110, 130, 150, 170, 190, 210, 210, 210, 210] [147, 147] 14 3
[370, 390, 410, 410, 390, 370, 350, 350, 350, 350, 350, 350, 330, 310] [90, 90, 90, 110, 110, 110, 110, 130, 150, 170, 190, 210, 210, 210] [147, 147] 14 3
[350, 370, 390, 410, 410, 390, 370, 350, 350, 350, 350, 350, 350, 330] [90, 90, 90, 90, 110, 110, 110, 110, 130, 150, 170, 190, 210, 210] [147, 147] 14 3
[330, 350, 370, 390, 410, 410, 390, 370, 350, 350, 350, 350, 350, 350] [90, 90, 90, 90, 90, 110, 110, 110, 110, 130, 150, 170, 190, 210] [147, 147] 14 3
[310, 330, 350, 370, 390, 410, 410, 390, 370, 350, 350, 350, 350, 350] [90, 90, 90, 90, 90, 90, 110, 110, 110, 110, 130, 150, 170, 190] [147, 147] 14 3
[290, 310, 330, 350, 370, 390, 410, 410, 390, 370, 350, 350, 350, 350] [90, 90, 90, 90, 90, 90, 90, 110, 110, 110, 110, 130, 150, 170] [147, 147] 14 3
[270, 290, 310, 330, 350, 370, 390, 410, 410, 390, 370, 350, 350, 350] [90, 90, 90, 90, 90, 90, 90, 90, 110, 110, 110, 110, 130, 150] [147, 147] 14 3
[250, 270, 290, 310, 330, 350, 370, 390, 410, 410, 390, 370, 350, 350] [90, 90, 90, 90, 90, 90, 90, 90, 90, 110, 110, 110, 110, 130] [147, 147] 14 3
[230, 250, 270, 290, 310, 330, 350, 370, 390, 410, 410, 390, 370, 350] [90, 90, 90, 90, 90, 90, 90, 90, 90, 90, 110, 110, 110, 110] [147, 147] 14 3
[210, 230, 250, 270, 290, 310, 330, 350, 370, 390, 410, 410, 390, 370] [90, 90, 90, 90, 90, 90, 90, 90, 90, 90, 90, 110, 110, 110] [147, 147] 14 3
[190, 210, 230, 250, 270, 290, 310, 330, 350, 370, 390, 410, 410, 390] [90, 90, 90, 90, 90, 90, 90, 90, 90, 90, 90, 90, 110, 110] [147, 147] 14 3
[170, 190, 210, 230, 250, 270, 290, 310, 330, 350, 370, 390, 410, 410] [90, 90, 90, 90, 90, 90, 90, 90, 90, 90, 90, 90, 90, 110] [147, 147] 14 3
[150, 170, 190, 210, 230, 250, 270, 290, 310, 330, 350, 370, 390, 410] [90, 90, 90, 90, 90, 90, 90, 90, 90, 90, 90, 90, 90, 90] [147, 147] 14 3
[130, 150, 170, 190, 210, 230, 250, 270, 290, 310, 330, 350, 370, 390] [90, 90, 90, 90, 90, 90, 90, 90, 90, 90, 90, 90, 90, 90] [147, 147] 14 3
[130, 130, 150, 170, 190, 210, 230, 250, 270, 290, 310, 330, 350, 370] [110, 90, 90, 90, 90, 90, 90, 90, 90, 90, 90, 90, 90, 90] [147, 147] 14 0
[130, 130, 130, 150, 170, 190, 210, 230, 250, 270, 290, 310, 330, 350] [130, 110, 90, 90, 90, 90, 90, 90, 90, 90, 90, 90, 90, 90] [147, 147] 14 0
[130, 130, 130, 130, 150, 170, 190, 210, 230, 250, 270, 290, 310, 330, 350] [150, 130, 110, 90, 90, 90, 90, 90, 90, 90, 90, 90, 90, 90, 90] [444, 576] 15 0
[150, 130, 130, 130, 130, 150, 170, 190, 210, 230, 250, 270, 290, 310, 330] [150, 150, 130, 110, 90, 90, 90, 90, 90, 90, 90, 90, 90, 90, 90] [444, 576] 15 1
[170, 150, 130, 130, 130, 130, 150, 170, 190, 210, 230, 250, 270, 290, 310] [150, 150, 150, 130, 110, 90, 90, 90, 90, 90, 90, 90, 90, 90, 90] [444, 576] 15 1
[190, 170, 150, 130, 130, 130, 130, 150, 170, 190, 210, 230, 250, 270, 290] [150, 150, 150, 150, 130, 110, 90, 90, 90, 90, 90, 90, 90, 90, 90] [444, 576] 15 1
[210, 190, 170, 150, 130, 130, 130, 130, 150, 170, 190, 210, 230, 250, 270] [150, 150, 150, 150, 150, 130, 110, 90, 90, 90, 90, 90, 90, 90, 90] [444, 576] 15 1
[230, 210, 190, 170, 150, 130, 130, 130, 130, 150, 170, 190, 210, 230, 250] [150, 150, 150, 150, 150, 150, 130, 110, 90, 90, 90, 90, 90, 90, 90] [444, 576] 15 1
[250, 230, 210, 190, 170, 150, 130, 130, 130, 130, 150, 170, 190, 210, 230] [150, 150, 150, 150, 150, 150, 150, 130, 110, 90, 90, 90, 90, 90, 90] [444, 576] 15 1
[270, 250, 230, 210, 190, 170, 150, 130, 130, 130, 130, 150, 170, 190, 210] [150, 150, 150, 150, 150, 150, 150, 150, 130, 110, 90, 90, 90, 90, 90] [444, 576] 15 1
[290, 270, 250, 230, 210, 190, 170, 150, 130, 130, 130, 130, 150, 170, 190] [150, 150, 150, 150, 150, 150, 150, 150, 150, 130, 110, 90, 90, 90, 90] [444, 576] 15 1
[310, 290, 270, 250, 230, 210, 190, 170, 150, 130, 130, 130, 130, 150, 170] [150, 150, 150, 150, 150, 150, 150, 150, 150, 150, 130, 110, 90, 90, 90] [444, 576] 15 1
[330, 310, 290, 270, 250, 230, 210, 190, 170, 150, 130, 130, 130, 130, 150] [150, 150, 150, 150, 150, 150, 150, 150, 150, 150, 150, 130, 110, 90, 90] [444, 576] 15 1
[350, 330, 310, 290, 270, 250, 230, 210, 190, 170, 150, 130, 130, 130, 130] [150, 150, 150, 150, 150, 150, 150, 150, 150, 150, 150, 150, 130, 110, 90] [444, 576] 15 1
[370, 350, 330, 310, 290, 270, 250, 230, 210, 190, 170, 150, 130, 130, 130] [150, 150, 150, 150, 150, 150, 150, 150, 150, 150, 150, 150, 150, 130, 110] [444, 576] 15 1
[390, 370, 350, 330, 310, 290, 270, 250, 230, 210, 190, 170, 150, 130, 130] [150, 150, 150, 150, 150, 150, 150, 150, 150, 150, 150, 150, 150, 150, 130] [444, 576] 15 1
[410, 390, 370, 350, 330, 310, 290, 270, 250, 230, 210, 190, 170, 150, 130] [150, 150, 150, 150, 150, 150, 150, 150, 150, 150, 150, 150, 150, 150, 150] [444, 576] 15 1
[430, 410, 390, 370, 350, 330, 310, 290, 270, 250, 230, 210, 190, 170, 150] [150, 150, 150, 150, 150, 150, 150, 150, 150, 150, 150, 150, 150, 150, 150] [444, 576] 15 1
[450, 430, 410, 390, 370, 350, 330, 310, 290, 270, 250, 230, 210, 190, 170] [150, 150, 150, 150, 150, 150, 150, 150, 150, 150, 150, 150, 150, 150, 150] [444, 576] 15 1
[470, 450, 430, 410, 390, 370, 350, 330, 310, 290, 270, 250, 230, 210, 190] [150, 150, 150, 150, 150, 150, 150, 150, 150, 150, 150, 150, 150, 150, 150] [444, 576] 15 1
[470, 470, 450, 430, 410, 390, 370, 350, 330, 310, 290, 270, 250, 230, 210] [170, 150, 150, 150, 150, 150, 150, 150, 150, 150, 150, 150, 150, 150, 150] [444, 576] 15 0
[470, 470, 470, 450, 430, 410, 390, 370, 350, 330, 310, 290, 270, 250, 230] [190, 170, 150, 150, 150, 150, 150, 150, 150, 150, 150, 150, 150, 150, 150] [444, 576] 15 0
[470, 470, 470, 470, 450, 430, 410, 390, 370, 350, 330, 310, 290, 270, 250] [210, 190, 170, 150, 150, 150, 150, 150, 150, 150, 150, 150, 150, 150, 150] [444, 576] 15 0
[470, 470, 470, 470, 470, 450, 430, 410, 390, 370, 350, 330, 310, 290, 270] [230, 210, 190, 170, 150, 150, 150, 150, 150, 150, 150, 150, 150, 150, 150] [444, 576] 15 0
[470, 470, 470, 470, 470, 470, 450, 430, 410, 390, 370, 350, 330, 310, 290] [250, 230, 210, 190, 170, 150, 150, 150, 150, 150, 150, 150, 150, 150, 150] [444, 576] 15 0
[470, 470, 470, 470, 470, 470, 470, 450, 430, 410, 390, 370, 350, 330, 310] [270, 250, 230, 210, 190, 170, 150, 150, 150, 150, 150, 150, 150, 150, 150] [444, 576] 15 0
[470, 470, 470, 470, 470, 470, 470, 470, 450, 430, 410, 390, 370, 350, 330] [290, 270, 250, 230, 210, 190, 170, 150, 150, 150, 150, 150, 150, 150, 150] [444, 576] 15 0
[470, 470, 470, 470, 470, 470, 470, 470, 470, 450, 430, 410, 390, 370, 350] [310, 290, 270, 250, 230, 210, 190, 170, 150, 150, 150, 150, 150, 150, 150] [444, 576] 15 0
[470, 470, 470, 470, 470, 470, 470, 470, 470, 470, 450, 430, 410, 390, 370] [330, 310, 290, 270, 250, 230, 210, 190, 170, 150, 150, 150, 150, 150, 150] [444, 576] 15 0
[470, 470, 470, 470, 470, 470, 470, 470, 470, 470, 470, 450, 430, 410, 390] [350, 330, 310, 290, 270, 250, 230, 210, 190, 170, 150, 150, 150, 150, 150] [444, 576] 15 0
[470, 470, 470, 470, 470, 470, 470, 470, 470, 470, 470, 470, 450, 430, 410] [370, 350, 330, 310, 290, 270, 250, 230, 210, 190, 170, 150, 150, 150, 150] [444, 576] 15 0
[470, 470, 470, 470, 470, 470, 470, 470, 470, 470, 470, 470, 470, 450, 430] [390, 370, 350, 330, 310, 290, 270, 250, 230, 210, 190, 170, 150, 150, 150] [444, 576] 15 0
[470, 470, 470, 470, 470, 470, 470, 470, 470, 470, 470, 470, 470, 470, 450] [410, 390, 370, 350, 330, 310, 290, 270, 250, 230, 210, 190, 170, 150, 150] [444, 576] 15 0
[470, 470, 470, 470, 470, 470, 470, 470, 470, 470, 470, 470, 470, 470, 470] [430, 410, 390, 370, 350, 330, 310, 290, 270, 250, 230, 210, 190, 170, 150] [444, 576] 15 0
[470, 470, 470, 470, 470, 470, 470, 470, 470, 470, 470, 470, 470, 470, 470] [450, 430, 410, 390, 370, 350, 330, 310, 290, 270, 250, 230, 210, 190, 170] [444, 576] 15 0
[470, 470, 470, 470, 470, 470, 470, 470, 470, 470, 470, 470, 470, 470, 470] [470, 450, 430, 410, 390, 370, 350, 330, 310, 290, 270, 250, 230, 210, 190] [444, 576] 15 0
[470, 470, 470, 470, 470, 470, 470, 470, 470, 470, 470, 470, 470, 470, 470] [490, 470, 450, 430, 410, 390, 370, 350, 330, 310, 290, 270, 250, 230, 210] [444, 576] 15 0
[470, 470, 470, 470, 470, 470, 470, 470, 470, 470, 470, 470, 470, 470, 470] [510, 490, 470, 450, 430, 410, 390, 370, 350, 330, 310, 290, 270, 250, 230] [444, 576] 15 0
[470, 470, 470, 470, 470, 470, 470, 470, 470, 470, 470, 470, 470, 470, 470] [530, 510, 490, 470, 450, 430, 410, 390, 370, 350, 330, 310, 290, 270, 250] [444, 576] 15 0
[470, 470, 470, 470, 470, 470, 470, 470, 470, 470, 470, 470, 470, 470, 470] [550, 530, 510, 490, 470, 450, 430, 410, 390, 370, 350, 330, 310, 290, 270] [444, 576] 15 0
[470, 470, 470, 470, 470, 470, 470, 470, 470, 470, 470, 470, 470, 470, 470] [570, 550, 530, 510, 490, 470, 450, 430, 410, 390, 370, 350, 330, 310, 290] [444, 576] 15 0
[450, 470, 470, 470, 470, 470, 470, 470, 470, 470, 470, 470, 470, 470, 470] [570, 570, 550, 530, 510, 490, 470, 450, 430, 410, 390, 370, 350, 330, 310] [444, 576] 15 3
[430, 450, 470, 470, 470, 470, 470, 470, 470, 470, 470, 470, 470, 470, 470, 470] [570, 570, 570, 550, 530, 510, 490, 470, 450, 430, 410, 390, 370, 350, 330, 310] [316, 275] 16 3
[410, 430, 450, 470, 470, 470, 470, 470, 470, 470, 470, 470, 470, 470, 470, 470] [570, 570, 570, 570, 550, 530, 510, 490, 470, 450, 430, 410, 390, 370, 350, 330] [316, 275] 16 3
[390, 410, 430, 450, 470, 470, 470, 470, 470, 470, 470, 470, 470, 470, 470, 470] [570, 570, 570, 570, 570, 550, 530, 510, 490, 470, 450, 430, 410, 390, 370, 350] [316, 275] 16 3
[370, 390, 410, 430, 450, 470, 470, 470, 470, 470, 470, 470, 470, 470, 470, 470] [570, 570, 570, 570, 570, 570, 550, 530, 510, 490, 470, 450, 430, 410, 390, 370] [316, 275] 16 3
[350, 370, 390, 410, 430, 450, 470, 470, 470, 470, 470, 470, 470, 470, 470, 470] [570, 570, 570, 570, 570, 570, 570, 550, 530, 510, 490, 470, 450, 430, 410, 390] [316, 275] 16 3
[330, 350, 370, 390, 410, 430, 450, 470, 470, 470, 470, 470, 470, 470, 470, 470] [570, 570, 570, 570, 570, 570, 570, 570, 550, 530, 510, 490, 470, 450, 430, 410] [316, 275] 16 3
[310, 330, 350, 370, 390, 410, 430, 450, 470, 470, 470, 470, 470, 470, 470, 470] [570, 570, 570, 570, 570, 570, 570, 570, 570, 550, 530, 510, 490, 470, 450, 430] [316, 275] 16 3
[310, 310, 330, 350, 370, 390, 410, 430, 450, 470, 470, 470, 470, 470, 470, 470] [550, 570, 570, 570, 570, 570, 570, 570, 570, 570, 550, 530, 510, 490, 470, 450] [316, 275] 16 2
[310, 310, 310, 330, 350, 370, 390, 410, 430, 450, 470, 470, 470, 470, 470, 470] [530, 550, 570, 570, 570, 570, 570, 570, 570, 570, 570, 550, 530, 510, 490, 470] [316, 275] 16 2
[310, 310, 310, 310, 330, 350, 370, 390, 410, 430, 450, 470, 470, 470, 470, 470] [510, 530, 550, 570, 570, 570, 570, 570, 570, 570, 570, 570, 550, 530, 510, 490] [316, 275] 16 2
[310, 310, 310, 310, 310, 330, 350, 370, 390, 410, 430, 450, 470, 470, 470, 470] [490, 510, 530, 550, 570, 570, 570, 570, 570, 570, 570, 570, 570, 550, 530, 510] [316, 275] 16 2
[310, 310, 310, 310, 310, 310, 330, 350, 370, 390, 410, 430, 450, 470, 470, 470] [470, 490, 510, 530, 550, 570, 570, 570, 570, 570, 570, 570, 570, 570, 550, 530] [316, 275] 16 2
[310, 310, 310, 310, 310, 310, 310, 330, 350, 370, 390, 410, 430, 450, 470, 470] [450, 470, 490, 510, 530, 550, 570, 570, 570, 570, 570, 570, 570, 570, 570, 550] [316, 275] 16 2
[310, 310, 310, 310, 310, 310, 310, 310, 330, 350, 370, 390, 410, 430, 450, 470] [430, 450, 470, 490, 510, 530, 550, 570, 570, 570, 570, 570, 570, 570, 570, 570] [316, 275] 16 2
[310, 310, 310, 310, 310, 310, 310, 310, 310, 330, 350, 370, 390, 410, 430, 450] [410, 430, 450, 470, 490, 510, 530, 550, 570, 570, 570, 570, 570, 570, 570, 570] [316, 275] 16 2
[310, 310, 310, 310, 310, 310, 310, 310, 310, 310, 330, 350, 370, 390, 410, 430] [390, 410, 430, 450, 470, 490, 510, 530, 550, 570, 570, 570, 570, 570, 570, 570] [316, 275] 16 2
[310, 310, 310, 310, 310, 310, 310, 310, 310, 310, 310, 330, 350, 370, 390, 410] [370, 390, 410, 430, 450, 470, 490, 510, 530, 550, 570, 570, 570, 570, 570, 570] [316, 275] 16 2
[310, 310, 310, 310, 310, 310, 310, 310, 310, 310, 310, 310, 330, 350, 370, 390] [350, 370, 390, 410, 430, 450, 470, 490, 510, 530, 550, 570, 570, 570, 570, 570] [316, 275] 16 2
[310, 310, 310, 310, 310, 310, 310, 310, 310, 310, 310, 310, 310, 330, 350, 370] [330, 350, 370, 390, 410, 430, 450, 470, 490, 510, 530, 550, 570, 570, 570, 570] [316, 275] 16 2
[310, 310, 310, 310, 310, 310, 310, 310, 310, 310, 310, 310, 310, 310, 330, 350] [310, 330, 350, 370, 390, 410, 430, 450, 470, 490, 510, 530, 550, 570, 570, 570] [316, 275] 16 2
[310, 310, 310, 310, 310, 310, 310, 310, 310, 310, 310, 310, 310, 310, 310, 330] [290, 310, 330, 350, 370, 390, 410, 430, 450, 470, 490, 510, 530, 550, 570, 570] [316, 275] 16 2
[310, 310, 310, 310, 310, 310, 310, 310, 310, 310, 310, 310, 310, 310, 310, 310] [270, 290, 310, 330, 350, 370, 390, 410, 430, 450, 470, 490, 510, 530, 550, 570] [316, 275] 16 2
