[290, 290, 290, 290, 290] [290, 270, 250, 230, 210] [345, 529] 5 0
[290, 290, 290, 290, 290] [310, 290, 270, 250, 230] [345, 529] 5 0
[290, 290, 290, 290, 290] [330, 310, 290, 270, 250] [345, 529] 5 0
[290, 290, 290, 290, 290] [350, 330, 310, 290, 270] [345, 529] 5 0
[290, 290, 290, 290, 290] [370, 350, 330, 310, 290] [345, 529] 5 0
[290, 290, 290, 290, 290] [390, 370, 350, 330, 310] [345, 529] 5 0
[290, 290, 290, 290, 290] [410, 390, 370, 350, 330] [345, 529] 5 0
[290, 290, 290, 290, 290] [430, 410, 390, 370, 350] [345, 529] 5 0
[290, 290, 290, 290, 290] [450, 430, 410, 390, 370] [345, 529] 5 0
[290, 290, 290, 290, 290] [470, 450, 430, 410, 390] [345, 529] 5 0
[290, 290, 290, 290, 290] [490, 470, 450, 430, 410] [345, 529] 5 0
[290, 290, 290, 290, 290] [510, 490, 470, 450, 430] [345, 529] 5 0
[310, 290, 290, 290, 290] [510, 510, 490, 470, 450] [345, 529] 5 1
[330, 310, 290, 290, 290] [510, 510, 510, 490, 470] [345, 529] 5 1
[350, 330, 310, 290, 290, 290] [510, 510, 510, 510, 490, 470] [504, 302] 6 1
[370, 350, 330, 310, 290, 290] [510, 510, 510, 510, 510, 490] [504, 302] 6 1
[390, 370, 350, 330, 310, 290] [510, 510, 510, 510, 510, 510] [504, 302] 6 1
[410, 390, 370, 350, 330, 310] [510, 510, 510, 510, 510, 510] [504, 302] 6 1
[430, 410, 390, 370, 350, 330] [510, 510, 510, 510, 510, 510] [504, 302] 6 1
[450, 430, 410, 390, 370, 350] [510, 510, 510, 510, 510, 510] [504, 302] 6 1
[470, 450, 430, 410, 390, 370] [510, 510, 510, 510, 510, 510] [504, 302] 6 1
[490, 470, 450, 430, 410, 390] [510, 510, 510, 510, 510, 510] [504, 302] 6 1
[510, 490, 470, 450, 430, 410] [510, 510, 510, 510, 510, 510] [504, 302] 6 1
[510, 510, 490, 470, 450, 430] [490, 510, 510, 510, 510, 510] [504, 302] 6 2
[510, 510, 510, 490, 470, 450] [470, 490, 510, 510, 510, 510] [504, 302] 6 2
[510, 510, 510, 510, 490, 470] [450, 470, 490, 510, 510, 510] [504, 302] 6 2
[510, 510, 510, 510, 510, 490] [430, 450, 470, 490, 510, 510] [504, 302] 6 2
[510, 510, 510, 510, 510, 510] [410, 430, 450, 470, 490, 510] [504, 302] 6 2
[510, 510, 510, 510, 510, 510] [390, 410, 430, 450, 470, 490] [504, 302] 6 2
[510, 510, 510, 510, 510, 510] [370, 390, 410, 430, 450, 470] [504, 302] 6 2
[510, 510, 510, 510, 510, 510] [350, 370, 390, 410, 430, 450] [504, 302] 6 2
[510, 510, 510, 510, 510, 510] [330, 350, 370, 390, 410, 430] [504, 302] 6 2
[510, 510, 510, 510, 510, 510] [310, 330, 350, 370, 390, 410] [504, 302] 6 2
[510, 510, 510, 510, 510, 510, 510] [290, 310, 330, 350, 370, 390, 410] [389, 199] 7 2
[510, 510, 510, 510, 510, 510, 510] [270, 290, 310, 330, 350, 370, 390] [389, 199] 7 2
[510, 510, 510, 510, 510, 510, 510] [250, 270, 290, 310, 330, 350, 370] [389, 199] 7 2
[510, 510, 510, 510, 510, 510, 510] [230, 250, 270, 290, 310, 330, 350] [389, 199] 7 2
[510, 510, 510, 510, 510, 510, 510] [210, 230, 250, 270, 290, 310, 330] [389, 199] 7 2
[510, 510, 510, 510, 510, 510, 510] [190, 210, 230, 250, 270, 290, 310] [389, 199] 7 2
[490, 510, 510, 510, 510, 510, 510] [190, 190, 210, 230, 250, 270, 290] [389, 199] 7 3
[470, 490, 510, 510, 510, 510, 510] [190, 190, 190, 210, 230, 250, 270] [389, 199] 7 3
[450, 470, 490, 510, 510, 510, 510] [190, 190, 190, 190, 210, 230, 250] [389, 199] 7 3
[430, 450, 470, 490, 510, 510, 510] [190, 190, 190, 190, 190, 210, 230] [389, 199] 7 3
[410, 430, 450, 470, 490, 510, 510] [190, 190, 190, 190, 190, 190, 210] [389, 199] 7 3
[390, 410, 430, 450, 470, 490, 510] [190, 190, 190, 190, 190, 190, 190] [389, 199] 7 3
[370, 390, 410, 430, 450, 470, 490, 510] [190, 190, 190, 190, 190, 190, 190, 190] [424, 584] 8 3
[370, 370, 390, 410, 430, 450, 470, 490] [210, 190, 190, 190, 190, 190, 190, 190] [424, 584] 8 0
[370, 370, 370, 390, 410, 430, 450, 470] [230, 210, 190, 190, 190, 190, 190, 190] [424, 584] 8 0
[370, 370, 370, 370, 390, 410, 430, 450] [250, 230, 210, 190, 190, 190, 190, 190] [424, 584] 8 0
[370, 370, 370, 370, 370, 390, 410, 430] [270, 250, 230, 210, 190, 190, 190, 190] [424, 584] 8 0
[370, 370, 370, 370, 370, 370, 390, 410] [290, 270, 250, 230, 210, 190, 190, 190] [424, 584] 8 0
[370, 370, 370, 370, 370, 370, 370, 390] [310, 290, 270, 250, 230, 210, 190, 190] [424, 584] 8 0
[370, 370, 370, 370, 370, 370, 370, 370] [330, 310, 290, 270, 250, 230, 210, 190] [424, 584] 8 0
[370, 370, 370, 370, 370, 370, 370, 370] [350, 330, 310, 290, 270, 250, 230, 210] [424, 584] 8 0
[370, 370, 370, 370, 370, 370, 370, 370] [370, 350, 330, 310, 290, 270, 250, 230] [424, 584] 8 0
[370, 370, 370, 370, 370, 370, 370, 370] [390, 370, 350, 330, 310, 290, 270, 250] [424, 584] 8 0
[370, 370, 370, 370, 370, 370, 370, 370] [410, 390, 370, 350, 330, 310, 290, 270] [424, 584] 8 0
[370, 370, 370, 370, 370, 370, 370, 370] [430, 410, 390, 370, 350, 330, 310, 290] [424, 584] 8 0
[370, 370, 370, 370, 370, 370, 370, 370] [450, 430, 410, 390, 370, 350, 330, 310] [424, 584] 8 0
[370, 370, 370, 370, 370, 370, 370, 370] [470, 450, 430, 410, 390, 370, 350, 330] [424, 584] 8 0
[370, 370, 370, 370, 370, 370, 370, 370] [490, 470, 450, 430, 410, 390, 370, 350] [424, 584] 8 0
[370, 370, 370, 370, 370, 370, 370, 370] [510, 490, 470, 450, 430, 410, 390, 370] [424, 584] 8 0
[370, 370, 370, 370, 370, 370, 370, 370] [530, 510, 490, 470, 450, 430, 410, 390] [424, 584] 8 0
[370, 370, 370, 370, 370, 370, 370, 370] [550, 530, 510, 490, 470, 450, 430, 410] [424, 584] 8 0
[370, 370, 370, 370, 370, 370, 370, 370] [570, 550, 530, 510, 490, 470, 450, 430] [424, 584] 8 0
[390, 370, 370, 370, 370, 370, 370, 370] [570, 570, 550, 530, 510, 490, 470, 450] [424, 584] 8 1
[410, 390, 370, 370, 370, 370, 370, 370] [570, 570, 570, 550, 530, 510, 490, 470] [424, 584] 8 1
[430, 410, 390, 370, 370, 370, 370, 370, 370] [570, 570, 570, 570, 550, 530, 510, 490, 470] [358, 97] 9 1
[430, 430, 410, 390, 370, 370, 370, 370, 370] [550, 570, 570, 570, 570, 550, 530, 510, 490] [358, 97] 9 2
[430, 430, 430, 410, 390, 370, 370, 370, 370] [530, 550, 570, 570, 570, 570, 550, 530, 510] [358, 97] 9 2
[430, 430, 430, 430, 410, 390, 370, 370, 370] [510, 530, 550, 570, 570, 570, 570, 550, 530] [358, 97] 9 2
[430, 430, 430, 430, 430, 410, 390, 370, 370] [490, 510, 530, 550, 570, 570, 570, 570, 550] [358, 97] 9 2
[430, 430, 430, 430, 430, 430, 410, 390, 370] [470, 490, 510, 530, 550, 570, 570, 570, 570] [358, 97] 9 2
[430, 430, 430, 430, 430, 430, 430, 410, 390] [450, 470, 490, 510, 530, 550, 570, 570, 570] [358, 97] 9 2
[430, 430, 430, 430, 430, 430, 430, 430, 410] [430, 450, 470, 490, 510, 530, 550, 570, 570] [358, 97] 9 2
[430, 430, 430, 430, 430, 430, 430, 430, 430] [410, 430, 450, 470, 490, 510, 530, 550, 570] [358, 97] 9 2
[430, 430, 430, 430, 430, 430, 430, 430, 430] [390, 410, 430, 450, 470, 490, 510, 530, 550] [358, 97] 9 2
[430, 430, 430, 430, 430, 430, 430, 430, 430] [370, 390, 410, 430, 450, 470, 490, 510, 530] [358, 97] 9 2
[430, 430, 430, 430, 430, 430, 430, 430, 430] [350, 370, 390, 410, 430, 450, 470, 490, 510] [358, 97] 9 2
[430, 430, 430, 430, 430, 430, 430, 430, 430] [330, 350, 370, 390, 410, 430, 450, 470, 490] [358, 97] 9 2
[430, 430, 430, 430, 430, 430, 430, 430, 430] [310, 330, 350, 370, 390, 410, 430, 450, 470] [358, 97] 9 2
[430, 430, 430, 430, 430, 430, 430, 430, 430] [290, 310, 330, 350, 370, 390, 410, 430, 450] [358, 97] 9 2
[430, 430, 430, 430, 430, 430, 430, 430, 430] [270, 290, 310, 330, 350, 370, 390, 410, 430] [358, 97] 9 2
[430, 430, 430, 430, 430, 430, 430, 430, 430] [250, 270, 290, 310, 330, 350, 370, 390, 410] [358, 97] 9 2
[430, 430, 430, 430, 430, 430, 430, 430, 430] [230, 250, 270, 290, 310, 330, 350, 370, 390] [358, 97] 9 2
[430, 430, 430, 430, 430, 430, 430, 430, 430] [210, 230, 250, 270, 290, 310, 330, 350, 370] [358, 97] 9 2
[430, 430, 430, 430, 430, 430, 430, 430, 430] [190, 210, 230, 250, 270, 290, 310, 330, 350] [358, 97] 9 2
[430, 430, 430, 430, 430, 430, 430, 430, 430] [170, 190, 210, 230, 250, 270, 290, 310, 330] [358, 97] 9 2
[430, 430, 430, 430, 430, 430, 430, 430, 430] [150, 170, 190, 210, 230, 250, 270, 290, 310] [358, 97] 9 2
[430, 430, 430, 430, 430, 430, 430, 430, 430] [130, 150, 170, 190, 210, 230, 250, 270, 290] [358, 97] 9 2
[430, 430, 430, 430, 430, 430, 430, 430, 430] [110, 130, 150, 170, 190, 210, 230, 250, 270] [358, 97] 9 2
[430, 430, 430, 430, 430, 430, 430, 430, 430] [90, 110, 130, 150, 170, 190, 210, 230, 250] [358, 97] 9 2
[410, 430, 430, 430, 430, 430, 430, 430, 430] [90, 90, 110, 130, 150, 170, 190, 210, 230] [358, 97] 9 3
[390, 410, 430, 430, 430, 430, 430, 430, 430] [90, 90, 90, 110, 130, 150, 170, 190, 210] [358, 97] 9 3
[370, 390, 410, 430, 430, 430, 430, 430, 430] [90, 90, 90, 90, 110, 130, 150, 170, 190] [358, 97] 9 3
[350, 370, 390, 410, 430, 430, 430, 430, 430] [90, 90, 90, 90, 90, 110, 130, 150, 170] [358, 97] 9 3
[330, 350, 370, 390, 410, 430, 430, 430, 430, 430] [90, 90, 90, 90, 90, 90, 110, 130, 150, 170] [396, 425] 10 3
[330, 330, 350, 370, 390, 410, 430, 430, 430, 430] [110, 90, 90, 90, 90, 90, 90, 110, 130, 150] [396, 425] 10 0
[330, 330, 330, 350, 370, 390, 410, 430, 430, 430] [130, 110, 90, 90, 90, 90, 90, 90, 110, 130] [396, 425] 10 0
[330, 330, 330, 330, 350, 370, 390, 410, 430, 430] [150, 130, 110, 90, 90, 90, 90, 90, 90, 110] [396, 425] 10 0
[330, 330, 330, 330, 330, 350, 370, 390, 410, 430] [170, 150, 130, 110, 90, 90, 90, 90, 90, 90] [396, 425] 10 0
[330, 330, 330, 330, 330, 330, 350, 370, 390, 410] [190, 170, 150, 130, 110, 90, 90, 90, 90, 90] [396, 425] 10 0
[330, 330, 330, 330, 330, 330, 330, 350, 370, 390] [210, 190, 170, 150, 130, 110, 90, 90, 90, 90] [396, 425] 10 0
[330, 330, 330, 330, 330, 330, 330, 330, 350, 370] [230, 210, 190, 170, 150, 130, 110, 90, 90, 90] [396, 425] 10 0
[350, 330, 330, 330, 330, 330, 330, 330, 330, 350] [230, 230, 210, 190, 170, 150, 130, 110, 90, 90] [396, 425] 10 1
[370, 350, 330, 330, 330, 330, 330, 330, 330, 330] [230, 230, 230, 210, 190, 170, 150, 130, 110, 90] [396, 425] 10 1
[370, 370, 350, 330, 330, 330, 330, 330, 330, 330] [250, 230, 230, 230, 210, 190, 170, 150, 130, 110] [396, 425] 10 0
[370, 370, 370, 350, 330, 330, 330, 330, 330, 330] [270, 250, 230, 230, 230, 210, 190, 170, 150, 130] [396, 425] 10 0
[390, 370, 370, 370, 350, 330, 330, 330, 330, 330] [270, 270, 250, 230, 230, 230, 210, 190, 170, 150] [396, 425] 10 1
[390, 390, 370, 370, 370, 350, 330, 330, 330, 330] [290, 270, 270, 250, 230, 230, 230, 210, 190, 170] [396, 425] 10 0
[390, 390, 390, 370, 370, 370, 350, 330, 330, 330] [310, 290, 270, 270, 250, 230, 230, 230, 210, 190] [396, 425] 10 0
[390, 390, 390, 390, 370, 370, 370, 350, 330, 330] [330, 310, 290, 270, 270, 250, 230, 230, 230, 210] [396, 425] 10 0
[390, 390, 390, 390, 390, 370, 370, 370, 350, 330] [350, 330, 310, 290, 270, 270, 250, 230, 230, 230] [396, 425] 10 0
[390, 390, 390, 390, 390, 390, 370, 370, 370, 350] [370, 350, 330, 310, 290, 270, 270, 250, 230, 230] [396, 425] 10 0
[390, 390, 390, 390, 390, 390, 390, 370, 370, 370] [390, 370, 350, 330, 310, 290, 270, 270, 250, 230] [396, 425] 10 0
[390, 390, 390, 390, 390, 390, 390, 390, 370, 370] [410, 390, 370, 350, 330, 310, 290, 270, 270, 250] [396, 425] 10 0
[390, 390, 390, 390, 390, 390, 390, 390, 390, 370, 370] [430, 410, 390, 370, 350, 330, 310, 290, 270, 270, 250] [194, 35] 11 0
[370, 390, 390, 390, 390, 390, 390, 390, 390, 390, 370] [430, 430, 410, 390, 370, 350, 330, 310, 290, 270, 270] [194, 35] 11 3
[350, 370, 390, 390, 390, 390, 390, 390, 390, 390, 390] [430, 430, 430, 410, 390, 370, 350, 330, 310, 290, 270] [194, 35] 11 3
[330, 350, 370, 390, 390, 390, 390, 390, 390, 390, 390] [430, 430, 430, 430, 410, 390, 370, 350, 330, 310, 290] [194, 35] 11 3
[310, 330, 350, 370, 390, 390, 390, 390, 390, 390, 390] [430, 430, 430, 430, 430, 410, 390, 370, 350, 330, 310] [194, 35] 11 3
[290, 310, 330, 350, 370, 390, 390, 390, 390, 390, 390] [430, 430, 430, 430, 430, 430, 410, 390, 370, 350, 330] [194, 35] 11 3
[270, 290, 310, 330, 350, 370, 390, 390, 390, 390, 390] [430, 430, 430, 430, 430, 430, 430, 410, 390, 370, 350] [194, 35] 11 3
[250, 270, 290, 310, 330, 350, 370, 390, 390, 390, 390] [430, 430, 430, 430, 430, 430, 430, 430, 410, 390, 370] [194, 35] 11 3
[230, 250, 270, 290, 310, 330, 350, 370, 390, 390, 390] [430, 430, 430, 430, 430, 430, 430, 430, 430, 410, 390] [194, 35] 11 3
[210, 230, 250, 270, 290, 310, 330, 350, 370, 390, 390] [430, 430, 430, 430, 430, 430, 430, 430, 430, 430, 410] [194, 35] 11 3
[190, 210, 230, 250, 270, 290, 310, 330, 350, 370, 390] [430, 430, 430, 430, 430, 430, 430, 430, 430, 430, 430] [194, 35] 11 3
[170, 190, 210, 230, 250, 270, 290, 310, 330, 350, 370] [430, 430, 430, 430, 430, 430, 430, 430, 430, 430, 430] [194, 35] 11 3
[170, 170, 190, 210, 230, 250, 270, 290, 310, 330, 350] [410, 430, 430, 430, 430, 430, 430, 430, 430, 430, 430] [194, 35] 11 2
[170, 170, 170, 190, 210, 230, 250, 270, 290, 310, 330] [390, 410, 430, 430, 430, 430, 430, 430, 430, 430, 430] [194, 35] 11 2
[170, 170, 170, 170, 190, 210, 230, 250, 270, 290, 310] [370, 390, 410, 430, 430, 430, 430, 430, 430, 430, 430] [194, 35] 11 2
[170, 170, 170, 170, 170, 190, 210, 230, 250, 270, 290] [350, 370, 390, 410, 430, 430, 430, 430, 430, 430, 430] [194, 35] 11 2
[170, 170, 170, 170, 170, 170, 190, 210, 230, 250, 270] [330, 350, 370, 390, 410, 430, 430, 430, 430, 430, 430] [194, 35] 11 2
[170, 170, 170, 170, 170, 170, 170, 190, 210, 230, 250] [310, 330, 350, 370, 390, 410, 430, 430, 430, 430, 430] [194, 35] 11 2
[170, 170, 170, 170, 170, 170, 170, 170, 190, 210, 230] [290, 310, 330, 350, 370, 390, 410, 430, 430, 430, 430] [194, 35] 11 2
[170, 170, 170, 170, 170, 170, 170, 170, 170, 190, 210] [270, 290, 310, 330, 350, 370, 390, 410, 430, 430, 430] [194, 35] 11 2
[170, 170, 170, 170, 170, 170, 170, 170, 170, 170, 190] [250, 270, 290, 310, 330, 350, 370, 390, 410, 430, 430] [194, 35] 11 2
[170, 170, 170, 170, 170, 170, 170, 170, 170, 170, 170] [230, 250, 270, 290, 310, 330, 350, 370, 390, 410, 430] [194, 35] 11 2
[170, 170, 170, 170, 170, 170, 170, 170, 170, 170, 170] [210, 230, 250, 270, 290, 310, 330, 350, 370, 390, 410] [194, 35] 11 2
[170, 170, 170, 170, 170, 170, 170, 170, 170, 170, 170] [190, 210, 230, 250, 270, 290, 310, 330, 350, 370, 390] [194, 35] 11 2
[170, 170, 170, 170, 170, 170, 170, 170, 170, 170, 170] [170, 190, 210, 230, 250, 270, 290, 310, 330, 350, 370] [194, 35] 11 2
[170, 170, 170, 170, 170, 170, 170, 170, 170, 170, 170] [150, 170, 190, 210, 230, 250, 270, 290, 310, 330, 350] [194, 35] 11 2
[170, 170, 170, 170, 170, 170, 170, 170, 170, 170, 170] [130, 150, 170, 190, 210, 230, 250, 270, 290, 310, 330] [194, 35] 11 2
[170, 170, 170, 170, 170, 170, 170, 170, 170, 170, 170] [110, 130, 150, 170, 190, 210, 230, 250, 270, 290, 310] [194, 35] 11 2
[170, 170, 170, 170, 170, 170, 170, 170, 170, 170, 170] [90, 110, 130, 150, 170, 190, 210, 230, 250, 270, 290] [194, 35] 11 2
[170, 170, 170, 170, 170, 170, 170, 170, 170, 170, 170] [70, 90, 110, 130, 150, 170, 190, 210, 230, 250, 270] [194, 35] 11 2
[170, 170, 170, 170, 170, 170, 170, 170, 170, 170, 170] [50, 70, 90, 110, 130, 150, 170, 190, 210, 230, 250] [194, 35] 11 2
[190, 170, 170, 170, 170, 170, 170, 170, 170, 170, 170] [50, 50, 70, 90, 110, 130, 150, 170, 190, 210, 230] [194, 35] 11 1
[190, 190, 170, 170, 170, 170, 170, 170, 170, 170, 170] [30, 50, 50, 70, 90, 110, 130, 150, 170, 190, 210] [194, 35] 11 2
[210, 190, 190, 170, 170, 170, 170, 170, 170, 170, 170, 170] [30, 30, 50, 50, 70, 90, 110, 130, 150, 170, 190, 210] [402, 60] 12 1
[230, 210, 190, 190, 170, 170, 170, 170, 170, 170, 170, 170] [30, 30, 30, 50, 50, 70, 90, 110, 130, 150, 170, 190] [402, 60] 12 1
[250, 230, 210, 190, 190, 170, 170, 170, 170, 170, 170, 170] [30, 30, 30, 30, 50, 50, 70, 90, 110, 130, 150, 170] [402, 60] 12 1
[270, 250, 230, 210, 190, 190, 170, 170, 170, 170, 170, 170] [30, 30, 30, 30, 30, 50, 50, 70, 90, 110, 130, 150] [402, 60] 12 1
[290, 270, 250, 230, 210, 190, 190, 170, 170, 170, 170, 170] [30, 30, 30, 30, 30, 30, 50, 50, 70, 90, 110, 130] [402, 60] 12 1
[310, 290, 270, 250, 230, 210, 190, 190, 170, 170, 170, 170] [30, 30, 30, 30, 30, 30, 30, 50, 50, 70, 90, 110] [402, 60] 12 1
[330, 310, 290, 270, 250, 230, 210, 190, 190, 170, 170, 170] [30, 30, 30, 30, 30, 30, 30, 30, 50, 50, 70, 90] [402, 60] 12 1
[350, 330, 310, 290, 270, 250, 230, 210, 190, 190, 170, 170] [30, 30, 30, 30, 30, 30, 30, 30, 30, 50, 50, 70] [402, 60] 12 1
[370, 350, 330, 310, 290, 270, 250, 230, 210, 190, 190, 170] [30, 30, 30, 30, 30, 30, 30, 30, 30, 30, 50, 50] [402, 60] 12 1
[390, 370, 350, 330, 310, 290, 270, 250, 230, 210, 190, 190] [30, 30, 30, 30, 30, 30, 30, 30, 30, 30, 30, 50] [402, 60] 12 1
[390, 390, 370, 350, 330, 310, 290, 270, 250, 230, 210, 190] [50, 30, 30, 30, 30, 30, 30, 30, 30, 30, 30, 30] [402, 60] 12 0
[390, 390, 390, 370, 350, 330, 310, 290, 270, 250, 230, 210, 190] [70, 50, 30, 30, 30, 30, 30, 30, 30, 30, 30, 30, 30] [18, 236] 13 0
[390, 390, 390, 390, 370, 350, 330, 310, 290, 270, 250, 230, 210] [90, 70, 50, 30, 30, 30, 30, 30, 30, 30, 30, 30, 30] [18, 236] 13 0
[390, 390, 390, 390, 390, 370, 350, 330, 310, 290, 270, 250, 230] [110, 90, 70, 50, 30, 30, 30, 30, 30, 30, 30, 30, 30] [18, 236] 13 0
[390, 390, 390, 390, 390, 390, 370, 350, 330, 310, 290, 270, 250] [130, 110, 90, 70, 50, 30, 30, 30, 30, 30, 30, 30, 30] [18, 236] 13 0
[390, 390, 390, 390, 390, 390, 390, 370, 350, 330, 310, 290, 270] [150, 130, 110, 90, 70, 50, 30, 30, 30, 30, 30, 30, 30] [18, 236] 13 0
[390, 390, 390, 390, 390, 390, 390, 390, 370, 350, 330, 310, 290] [170, 150, 130, 110, 90, 70, 50, 30, 30, 30, 30, 30, 30] [18, 236] 13 0
[390, 390, 390, 390, 390, 390, 390, 390, 390, 370, 350, 330, 310] [190, 170, 150, 130, 110, 90, 70, 50, 30, 30, 30, 30, 30] [18, 236] 13 0
[390, 390, 390, 390, 390, 390, 390, 390, 390, 390, 370, 350, 330] [210, 190, 170, 150, 130, 110, 90, 70, 50, 30, 30, 30, 30] [18, 236] 13 0
[390, 390, 390, 390, 390, 390, 390, 390, 390, 390, 390, 370, 350] [230, 210, 190, 170, 150, 130, 110, 90, 70, 50, 30, 30, 30] [18, 236] 13 0
[370, 390, 390, 390, 390, 390, 390, 390, 390, 390, 390, 390, 370] [230, 230, 210, 190, 170, 150, 130, 110, 90, 70, 50, 30, 30] [18, 236] 13 3
[350, 370, 390, 390, 390, 390, 390, 390, 390, 390, 390, 390, 390] [230, 230, 230, 210, 190, 170, 150, 130, 110, 90, 70, 50, 30] [18, 236] 13 3
[330, 350, 370, 390, 390, 390, 390, 390, 390, 390, 390, 390, 390] [230, 230, 230, 230, 210, 190, 170, 150, 130, 110, 90, 70, 50] [18, 236] 13 3
[310, 330, 350, 370, 390, 390, 390, 390, 390, 390, 390, 390, 390] [230, 230, 230, 230, 230, 210, 190, 170, 150, 130, 110, 90, 70] [18, 236] 13 3
[290, 310, 330, 350, 370, 390, 390, 390, 390, 390, 390, 390, 390] [230, 230, 230, 230, 230, 230, 210, 190, 170, 150, 130, 110, 90] [18, 236] 13 3
[270, 290, 310, 330, 350, 370, 390, 390, 390, 390, 390, 390, 390] [230, 230, 230, 230, 230, 230, 230, 210, 190, 170, 150, 130, 110] [18, 236] 13 3
[250, 270, 290, 310, 330, 350, 370, 390, 390, 390, 390, 390, 390] [230, 230, 230, 230, 230, 230, 230, 230, 210, 190, 170, 150, 130] [18, 236] 13 3
[230, 250, 270, 290, 310, 330, 350, 370, 390, 390, 390, 390, 390] [230, 230, 230, 230, 230, 230, 230, 230, 230, 210, 190, 170, 150] [18, 236] 13 3
[210, 230, 250, 270, 290, 310, 330, 350, 370, 390, 390, 390, 390] [230, 230, 230, 230, 230, 230, 230, 230, 230, 230, 210, 190, 170] [18, 236] 13 3
[190, 210, 230, 250, 270, 290, 310, 330, 350, 370, 390, 390, 390] [230, 230, 230, 230, 230, 230, 230, 230, 230, 230, 230, 210, 190] [18, 236] 13 3
[170, 190, 210, 230, 250, 270, 290, 310, 330, 350, 370, 390, 390] [230, 230, 230, 230, 230, 230, 230, 230, 230, 230, 230, 230, 210] [18, 236] 13 3
[150, 170, 190, 210, 230, 250, 270, 290, 310, 330, 350, 370, 390] [230, 230, 230, 230, 230, 230, 230, 230, 230, 230, 230, 230, 230] [18, 236] 13 3
[130, 150, 170, 190, 210, 230, 250, 270, 290, 310, 330, 350, 370] [230, 230, 230, 230, 230, 230, 230, 230, 230, 230, 230, 230, 230] [18, 236] 13 3
[110, 130, 150, 170, 190, 210, 230, 250, 270, 290, 310, 330, 350] [230, 230, 230, 230, 230, 230, 230, 230, 230, 230, 230, 230, 230] [18, 236] 13 3
[90, 110, 130, 150, 170, 190, 210, 230, 250, 270, 290, 310, 330] [230, 230, 230, 230, 230, 230, 230, 230, 230, 230, 230, 230, 230] [18, 236] 13 3
[70, 90, 110, 130, 150, 170, 190, 210, 230, 250, 270, 290, 310] [230, 230, 230, 230, 230, 230, 230, 230, 230, 230, 230, 230, 230] [18, 236] 13 3
[50, 70, 90, 110, 130, 150, 170, 190, 210, 230, 250, 270, 290] [230, 230, 230, 230, 230, 230, 230, 230, 230, 230, 230, 230, 230] [18, 236] 13 3
[30, 50, 70, 90, 110, 130, 150, 170, 190, 210, 230, 250, 270] [230, 230, 230, 230, 230, 230, 230, 230, 230, 230, 230, 230, 230] [18, 236] 13 3
[10, 30, 50, 70, 90, 110, 130, 150, 170, 190, 210, 230, 250] [230, 230, 230, 230, 230, 230, 230, 230, 230, 230, 230, 230, 230] [18, 236] 13 3
[10, 10, 30, 50, 70, 90, 110, 130, 150, 170, 190, 210, 230, 250] [210, 230, 230, 230, 230, 230, 230, 230, 230, 230, 230, 230, 230, 230] [453, 113] 14 2
[10, 10, 10, 30, 50, 70, 90, 110, 130, 150, 170, 190, 210, 230] [190, 210, 230, 230, 230, 230, 230, 230, 230, 230, 230, 230, 230, 230] [453, 113] 14 2
[10, 10, 10, 10, 30, 50, 70, 90, 110, 130, 150, 170, 190, 210] [170, 190, 210, 230, 230, 230, 230, 230, 230, 230, 230, 230, 230, 230] [453, 113] 14 2
[10, 10, 10, 10, 10, 30, 50, 70, 90, 110, 130, 150, 170, 190] [150, 170, 190, 210, 230, 230, 230, 230, 230, 230, 230, 230, 230, 230] [453, 113] 14 2
[10, 10, 10, 10, 10, 10, 30, 50, 70, 90, 110, 130, 150, 170] [130, 150, 170, 190, 210, 230, 230, 230, 230, 230, 230, 230, 230, 230] [453, 113] 14 2
[10, 10, 10, 10, 10, 10, 10, 30, 50, 70, 90, 110, 130, 150] [110, 130, 150, 170, 190, 210, 230, 230, 230, 230, 230, 230, 230, 230] [453, 113] 14 2
[30, 10, 10, 10, 10, 10, 10, 10, 30, 50, 70, 90, 110, 130] [110, 110, 130, 150, 170, 190, 210, 230, 230, 230, 230, 230, 230, 230] [453, 113] 14 1
[50, 30, 10, 10, 10, 10, 10, 10, 10, 30, 50, 70, 90, 110] [110, 110, 110, 130, 150, 170, 190, 210, 230, 230, 230, 230, 230, 230] [453, 113] 14 1
[70, 50, 30, 10, 10, 10, 10, 10, 10, 10, 30, 50, 70, 90] [110, 110, 110, 110, 130, 150, 170, 190, 210, 230, 230, 230, 230, 230] [453, 113] 14 1
[90, 70, 50, 30, 10, 10, 10, 10, 10, 10, 10, 30, 50, 70] [110, 110, 110, 110, 110, 130, 150, 170, 190, 210, 230, 230, 230, 230] [453, 113] 14 1
[110, 90, 70, 50, 30, 10, 10, 10, 10, 10, 10, 10, 30, 50] [110, 110, 110, 110, 110, 110, 130, 150, 170, 190, 210, 230, 230, 230] [453, 113] 14 1
[130, 110, 90, 70, 50, 30, 10, 10, 10, 10, 10, 10, 10, 30] [110, 110, 110, 110, 110, 110, 110, 130, 150, 170, 190, 210, 230, 230] [453, 113] 14 1
[150, 130, 110, 90, 70, 50, 30, 10, 10, 10, 10, 10, 10, 10] [110, 110, 110, 110, 110, 110, 110, 110, 130, 150, 170, 190, 210, 230] [453, 113] 14 1
[170, 150, 130, 110, 90, 70, 50, 30, 10, 10, 10, 10, 10, 10] [110, 110, 110, 110, 110, 110, 110, 110, 110, 130, 150, 170, 190, 210] [453, 113] 14 1
[190, 170, 150, 130, 110, 90, 70, 50, 30, 10, 10, 10, 10, 10] [110, 110, 110, 110, 110, 110, 110, 110, 110, 110, 130, 150, 170, 190] [453, 113] 14 1
[210, 190, 170, 150, 130, 110, 90, 70, 50, 30, 10, 10, 10, 10] [110, 110, 110, 110, 110, 110, 110, 110, 110, 110, 110, 130, 150, 170] [453, 113] 14 1
[230, 210, 190, 170, 150, 130, 110, 90, 70, 50, 30, 10, 10, 10] [110, 110, 110, 110, 110, 110, 110, 110, 110, 110, 110, 110, 130, 150] [453, 113] 14 1
[250, 230, 210, 190, 170, 150, 130, 110, 90, 70, 50, 30, 10, 10] [110, 110, 110, 110, 110, 110, 110, 110, 110, 110, 110, 110, 110, 130] [453, 113] 14 1
[270, 250, 230, 210, 190, 170, 150, 130, 110, 90, 70, 50, 30, 10] [110, 110, 110, 110, 110, 110, 110, 110, 110, 110, 110, 110, 110, 110] [453, 113] 14 1
[290, 270, 250, 230, 210, 190, 170, 150, 130, 110, 90, 70, 50, 30] [110, 110, 110, 110, 110, 110, 110, 110, 110, 110, 110, 110, 110, 110] [453, 113] 14 1
[310, 290, 270, 250, 230, 210, 190, 170, 150, 130, 110, 90, 70, 50] [110, 110, 110, 110, 110, 110, 110, 110, 110, 110, 110, 110, 110, 110] [453, 113] 14 1
[330, 310, 290, 270, 250, 230, 210, 190, 170, 150, 130, 110, 90, 70] [110, 110, 110, 110, 110, 110, 110, 110, 110, 110, 110, 110, 110, 110] [453, 113] 14 1
[350, 330, 310, 290, 270, 250, 230, 210, 190, 170, 150, 130, 110, 90] [110, 110, 110, 110, 110, 110, 110, 110, 110, 110, 110, 110, 110, 110] [453, 113] 14 1
[370, 350, 330, 310, 290, 270, 250, 230, 210, 190, 170, 150, 130, 110] [110, 110, 110, 110, 110, 110, 110, 110, 110, 110, 110, 110, 110, 110] [453, 113] 14 1
[390, 370, 350, 330, 310, 290, 270, 250, 230, 210, 190, 170, 150, 130] [110, 110, 110, 110, 110, 110, 110, 110, 110, 110, 110, 110, 110, 110] [453, 113] 14 1
[410, 390, 370, 350, 330, 310, 290, 270, 250, 230, 210, 190, 170, 150] [110, 110, 110, 110, 110, 110, 110, 110, 110, 110, 110, 110, 110, 110] [453, 113] 14 1
[430, 410, 390, 370, 350, 330, 310, 290, 270, 250, 230, 210, 190, 170] [110, 110, 110, 110, 110, 110, 110, 110, 110, 110, 110, 110, 110, 110] [453, 113] 14 1
[450, 430, 410, 390, 370, 350, 330, 310, 290, 270, 250, 230, 210, 190] [110, 110, 110, 110, 110, 110, 110, 110, 110, 110, 110, 110, 110, 110] [453, 113] 14 1
